 indi,                  x_v,                   v,                   H,                   q,                 eta
    0,     0.00000000000001,    0.00000000000018,    0.49999999999956,    0.00000000000009,    0.49999999999956,
    1,     0.11516383427082,    -0.00000000000112,    0.50000000000049,    -0.00000000000056,    0.50000000000049,
    2,     0.30150283239579,    0.00000000000314,    0.49999999999897,    0.00000000000157,    0.49999999999897,
    3,     0.41666666666716,    0.00000000001361,    0.49999999998980,    0.00000000000680,    0.49999999998980,
    4,     0.53183050093749,    -0.00000000002759,    0.50000000001474,    -0.00000000001380,    0.50000000001474,
    5,     0.71816949905945,    0.00000000000401,    0.49999999998490,    0.00000000000201,    0.49999999998490,
    6,     0.83333333334089,    0.00000000048622,    0.49999999982289,    0.00000000024311,    0.49999999982289,
    7,     0.94849716762252,    -0.00000000010320,    0.50000000014071,    -0.00000000005160,    0.50000000014071,
    8,     1.13483616563970,    -0.00000000270719,    0.50000000034202,    -0.00000000135360,    0.50000000034202,
    9,     1.24999999984631,    0.00000000505988,    0.50000000165415,    0.00000000252994,    0.50000000165415,
   10,     1.36516383475938,    0.00000001674724,    0.49999999401487,    0.00000000837362,    0.49999999401487,
   11,     1.55150283274761,    -0.00000005189323,    0.50000001384163,    -0.00000002594661,    0.50000001384163,
   12,     1.66666666027168,    -0.00000017898156,    0.50000007074472,    -0.00000008949079,    0.50000007074472,
   13,     1.78183049114167,    0.00000006111262,    0.49999994795150,    0.00000003055631,    0.49999994795150,
   14,     1.96816952930269,    0.00000091896734,    0.49999986978008,    0.00000045948355,    0.49999986978008,
   15,     2.08333338930544,    -0.00000123982778,    0.50000010085952,    -0.00000061991402,    0.50000010085952,
   16,     2.19849692750631,    -0.00001168503957,    0.50000270106442,    -0.00000584255135,    0.50000270106442,
   17,     2.38483341375070,    -0.00005358303326,    0.50001185995960,    -0.00002679215212,    0.50001185995960,
   18,     2.49999353877652,    -0.00008691910509,    0.50002005966659,    -0.00004346129611,    0.50002005966659,
   19,     2.61515215895943,    -0.00011053624179,    0.50002506287780,    -0.00005527089125,    0.50002506287780,
   20,     2.80148170939747,    -0.00010306394442,    0.50002339592739,    -0.00005153438349,    0.50002339592739,
   21,     2.91664095077266,    -0.00007353315614,    0.50001643927946,    -0.00003676778690,    0.50001643927946,
   22,     3.03180197168942,    -0.00003660015238,    0.50000769278113,    -0.00001830035775,    0.50000769278113,
   23,     3.21814002163855,    0.00000773547678,    0.49999873593094,    0.00000386772861,    0.49999873593094,
   24,     3.33330438047969,    0.00001171820941,    0.49999682510824,    0.00000585906750,    0.49999682510824,
   25,     3.44846860686616,    0.00000351330372,    0.49999982659212,    0.00000175665125,    0.49999982659212,
   26,     3.63480728325698,    -0.00000627153461,    0.50000101174531,    -0.00000313577365,    0.50000101174531,
   27,     3.74997106795897,    -0.00000110767048,    0.49999918765164,    -0.00000055383434,    0.49999918765164,
   28,     3.86513505271583,    0.00000363958270,    0.49999944876944,    0.00000181978935,    0.49999944876944,
   29,     4.05147411354463,    -0.00000306432464,    0.50000034929560,    -0.00000153216339,    0.50000034929560,
   30,     4.16663776269561,    0.00000027658682,    0.50000121745220,    0.00000013829375,    0.50000121745220,
   31,     4.28180155928263,    0.00000446064216,    0.49999943392212,    0.00000223031856,    0.49999943392212,
   32,     4.46814084205106,    -0.00000180386362,    0.49999964602930,    -0.00000090193117,    0.49999964602930,
   33,     4.58330455959083,    -0.00000273997663,    0.50000165073802,    -0.00000136999284,    0.50000165073802,
   34,     4.69846824337501,    -0.00000185739104,    0.49999982770959,    -0.00000092869520,    0.49999982770959,
   35,     4.88480745180902,    0.00000257254259,    0.49999962702369,    0.00000128627034,    0.49999962702369,
   36,     4.99997121038398,    -0.00000021656682,    0.50000152431636,    -0.00000010828374,    0.50000152431636,
   37,     5.11513489638579,    0.00000018666171,    0.49999974461836,    0.00000009333081,    0.49999974461836,
   38,     5.30147413294725,    0.00000137007577,    0.49999963733938,    0.00000068503739,    0.49999963733938,
   39,     5.41663785892931,    -0.00000255625632,    0.50000102570489,    -0.00000127813078,    0.50000102570489,
   40,     5.53180219867170,    -0.00000384001175,    0.49999994201960,    -0.00000192000565,    0.49999994201960,
   41,     5.71814662451256,    0.00000331356395,    0.49999983661617,    0.00000165678143,    0.49999983661617,
   42,     5.83331835767346,    0.00000300685996,    0.50000074287769,    0.00000150343221,    0.50000074287769,
   43,     5.94849299062269,    -0.00000166678585,    0.49999985715344,    -0.00000083339268,    0.49999985715344,
   44,     6.13485040139882,    0.00000229796111,    0.49999978451222,    0.00000114898006,    0.49999978451222,
   45,     6.25002367837845,    -0.00000319688669,    0.50000063310049,    -0.00000159844537,    0.50000063310049,
   46,     6.36519279949703,    -0.00000337999977,    0.49999978638962,    -0.00000168999916,    0.49999978638962,
   47,     6.55153241258119,    0.00000341847685,    0.49999996115967,    0.00000170923829,    0.49999996115967,
   48,     6.66669549747510,    0.00000134264321,    0.50000108241246,    0.00000067132306,    0.50000108241246,
   49,     6.78185910753868,    -0.00000498847668,    0.50000053000087,    -0.00000249424098,    0.50000053000087,
   50,     6.96819793205987,    -0.00000276273349,    0.50000080542461,    -0.00000138136897,    0.50000080542461,
   51,     7.08336143947985,    -0.00000442015802,    0.50000174662916,    -0.00000221008673,    0.50000174662916,
   52,     7.19852510384529,    -0.00000673058909,    0.50000030595544,    -0.00000336529660,    0.50000030595544,
   53,     7.38486403211482,    0.00000096395050,    0.50000042739815,    0.00000048197566,    0.50000042739815,
   54,     7.50002765122150,    0.00000022390971,    0.50000169692298,    0.00000011195523,    0.50000169692298,
   55,     7.61519130712153,    -0.00000138281665,    0.50000000180178,    -0.00000069140833,    0.50000000180178,
   56,     7.80153034590442,    -0.00000562726408,    0.50000048409145,    -0.00000281363476,    0.50000048409145,
   57,     7.91669382206740,    -0.00000385806540,    0.50000305188568,    -0.00000192904447,    0.50000305188568,
   58,     8.03185776293052,    -0.00000337612281,    0.48817544443510,    -0.00000164814025,    0.50000029650719,
   59,     8.21819888766606,    -0.00000353592530,    0.46084313652422,    -0.00000162950691,    0.49999998309583,
   60,     8.33336385291567,    0.00000135080031,    0.43888635967757,    0.00000059284783,    0.50000255733916,
   61,     8.44852878584308,    0.00000217820128,    0.42035289391033,    0.00000091561321,    0.49999978174370,
   62,     8.63487028584357,    -0.00000745925075,    0.39317882619235,    -0.00000293281945,    0.49999983929079,
   63,     8.75003511236021,    0.00000403499593,    0.37812314135368,    0.00000152572534,    0.50000253033706,
   64,     8.86519847812752,    0.00003813469925,    0.36439792548874,    0.00001389620530,    0.50000918615069,
   65,     9.05153105656487,    0.00011953454552,    0.34500184875118,    0.00004123963919,    0.50002220016649,
   66,     9.16668655704303,    0.00015186750203,    0.33475188661976,    0.00005083793282,    0.50003132190912,
   67,     9.28184112585569,    0.00014142809978,    0.32581164867685,    0.00004607892236,    0.50002405669384,
   68,     9.46817037131302,    0.00004581925507,    0.31415170976411,    0.00001439419732,    0.50000955060804,
   69,     9.58333261989442,    0.00000538124457,    0.30867968613969,    0.00000166108088,    0.49999910085748,
   70,     9.69849673259541,    -0.00000712362219,    0.30454434420175,    -0.00000216945885,    0.49999913375538,
   71,     9.88483618463678,    -0.00000132502982,    0.30066270442769,    -0.00000039838705,    0.49999956973642,
   72,     10.00000003908811,    0.00000069867687,    0.30000027652826,    0.00000020960325,    0.50000027652826,
   73,     10.11516383534440,    0.00000023806754,    0.30066318450293,    0.00000007157814,    0.50000004916315,
   74,     10.30150283037041,    -0.00000005259008,    0.30454518151411,    -0.00000001601606,    0.49999998370033,
   75,     10.41666666736732,    -0.00000000908124,    0.30868056207082,    -0.00000000280320,    0.50000000648607,
   76,     10.53183050113934,    0.00000000712885,    0.31414218502707,    0.00000000223947,    0.50000000093100,
   77,     10.71816949901151,    -0.00000000042388,    0.32578837148005,    -0.00000000013809,    0.50000000001403,
   78,     10.83333333333863,    -0.00000000075005,    0.33472222206468,    -0.00000000025106,    0.49999999984202,
   79,     10.94849716761080,    0.00000000015121,    0.34498234385743,    0.00000000005216,    0.50000000000939,
   80,     11.13483616572809,    0.00000000000978,    0.36439265616183,    0.00000000000356,    0.50000000000931,
   81,     11.24999999999983,    -0.00000000003088,    0.37812499998842,    -0.00000000001168,    0.49999999998844,
   82,     11.36516383427105,    0.00000000000294,    0.39318361471989,    0.00000000000116,    0.49999999999983,
   83,     11.55150283239580,    0.00000000000094,    0.42035805194714,    0.00000000000040,    0.50000000000051,
   84,     11.66666666666665,    -0.00000000000114,    0.43888888888837,    -0.00000000000050,    0.49999999999948,
   85,     11.78183050093751,    -0.00000000000000,    0.46084902902636,    -0.00000000000000,    0.49999999999997,
   86,     11.96816949906249,    -0.00000000000000,    0.48817874875139,    -0.00000000000000,    0.50000000000000,
   87,     12.08333333333333,    -0.00000000000003,    0.49999999999998,    -0.00000000000002,    0.49999999999998,
   88,     12.19849716760418,    0.00000000000000,    0.50000000000000,    0.00000000000000,    0.50000000000000,
   89,     12.38483616572916,    0.00000000000000,    0.50000000000000,    0.00000000000000,    0.50000000000000,
   90,     12.50000000000000,    0.00000000000000,    0.50000000000000,    0.00000000000000,    0.50000000000000,
   91,     12.61516383427084,    0.00000000000000,    0.50000000000000,    0.00000000000000,    0.50000000000000,
   92,     12.80150283239582,    0.00000000000000,    0.50000000000000,    0.00000000000000,    0.50000000000000,
   93,     12.91666666666667,    0.00000000000000,    0.50000000000000,    0.00000000000000,    0.50000000000000,
   94,     13.03183050093751,    0.00000000000000,    0.50000000000000,    0.00000000000000,    0.50000000000000,
   95,     13.21816949906249,    0.00000000000000,    0.50000000000000,    0.00000000000000,    0.50000000000000,
   96,     13.33333333333333,    0.00000000000000,    0.50000000000000,    0.00000000000000,    0.50000000000000,
   97,     13.44849716760418,    0.00000000000000,    0.50000000000000,    0.00000000000000,    0.50000000000000,
   98,     13.63483616572916,    0.00000000000000,    0.50000000000000,    0.00000000000000,    0.50000000000000,
   99,     13.75000000000000,    0.00000000000000,    0.50000000000000,    0.00000000000000,    0.50000000000000,
  100,     13.86516383427084,    0.00000000000000,    0.50000000000000,    0.00000000000000,    0.50000000000000,
  101,     14.05150283239582,    0.00000000000000,    0.50000000000000,    0.00000000000000,    0.50000000000000,
  102,     14.16666666666667,    0.00000000000000,    0.50000000000000,    0.00000000000000,    0.50000000000000,
  103,     14.28183050093751,    0.00000000000000,    0.50000000000000,    0.00000000000000,    0.50000000000000,
  104,     14.46816949906249,    0.00000000000000,    0.50000000000000,    0.00000000000000,    0.50000000000000,
  105,     14.58333333333333,    0.00000000000000,    0.50000000000000,    0.00000000000000,    0.50000000000000,
  106,     14.69849716760418,    0.00000000000000,    0.50000000000000,    0.00000000000000,    0.50000000000000,
  107,     14.88483616572916,    0.00000000000000,    0.50000000000000,    0.00000000000000,    0.50000000000000,
  108,     15.00000000000000,    0.00000000000000,    0.50000000000000,    0.00000000000000,    0.50000000000000,
  109,     15.11516383427084,    0.00000000000000,    0.50000000000000,    0.00000000000000,    0.50000000000000,
  110,     15.30150283239582,    0.00000000000000,    0.50000000000000,    0.00000000000000,    0.50000000000000,
  111,     15.41666666666667,    0.00000000000000,    0.50000000000000,    0.00000000000000,    0.50000000000000,
  112,     15.53183050093751,    0.00000000000000,    0.50000000000000,    0.00000000000000,    0.50000000000000,
  113,     15.71816949906249,    0.00000000000000,    0.50000000000000,    0.00000000000000,    0.50000000000000,
  114,     15.83333333333333,    0.00000000000000,    0.50000000000000,    0.00000000000000,    0.50000000000000,
  115,     15.94849716760418,    0.00000000000000,    0.50000000000000,    0.00000000000000,    0.50000000000000,
  116,     16.13483616572916,    0.00000000000000,    0.50000000000000,    0.00000000000000,    0.50000000000000,
  117,     16.25000000000000,    0.00000000000000,    0.50000000000000,    0.00000000000000,    0.50000000000000,
  118,     16.36516383427084,    0.00000000000000,    0.50000000000000,    0.00000000000000,    0.50000000000000,
  119,     16.55150283239583,    0.00000000000000,    0.50000000000000,    0.00000000000000,    0.50000000000000,
  120,     16.66666666666667,    0.00000000000000,    0.50000000000000,    0.00000000000000,    0.50000000000000,
  121,     16.78183050093751,    0.00000000000000,    0.50000000000000,    0.00000000000000,    0.50000000000000,
  122,     16.96816949906249,    0.00000000000000,    0.50000000000000,    0.00000000000000,    0.50000000000000,
  123,     17.08333333333334,    0.00000000000000,    0.50000000000000,    0.00000000000000,    0.50000000000000,
  124,     17.19849716760418,    0.00000000000000,    0.50000000000000,    0.00000000000000,    0.50000000000000,
  125,     17.38483616572916,    0.00000000000000,    0.50000000000000,    0.00000000000000,    0.50000000000000,
  126,     17.50000000000000,    0.00000000000000,    0.50000000000000,    0.00000000000000,    0.50000000000000,
  127,     17.61516383427084,    0.00000000000000,    0.50000000000000,    0.00000000000000,    0.50000000000000,
  128,     17.80150283239583,    0.00000000000000,    0.50000000000000,    0.00000000000000,    0.50000000000000,
  129,     17.91666666666667,    0.00000000000000,    0.50000000000000,    0.00000000000000,    0.50000000000000,
  130,     18.03183050093751,    0.00000000000000,    0.50000000000000,    0.00000000000000,    0.50000000000000,
  131,     18.21816949906249,    0.00000000000000,    0.50000000000000,    0.00000000000000,    0.50000000000000,
  132,     18.33333333333334,    0.00000000000000,    0.50000000000000,    0.00000000000000,    0.50000000000000,
  133,     18.44849716760418,    0.00000000000000,    0.50000000000000,    0.00000000000000,    0.50000000000000,
  134,     18.63483616572916,    0.00000000000000,    0.50000000000000,    0.00000000000000,    0.50000000000000,
  135,     18.75000000000000,    0.00000000000000,    0.50000000000000,    0.00000000000000,    0.50000000000000,
  136,     18.86516383427084,    0.00000000000000,    0.50000000000000,    0.00000000000000,    0.50000000000000,
  137,     19.05150283239583,    0.00000000000000,    0.50000000000000,    0.00000000000000,    0.50000000000000,
  138,     19.16666666666667,    0.00000000000000,    0.50000000000000,    0.00000000000000,    0.50000000000000,
  139,     19.28183050093751,    0.00000000000000,    0.50000000000000,    0.00000000000000,    0.50000000000000,
  140,     19.46816949906249,    0.00000000000000,    0.50000000000000,    0.00000000000000,    0.50000000000000,
  141,     19.58333333333334,    0.00000000000000,    0.50000000000000,    0.00000000000000,    0.50000000000000,
  142,     19.69849716760418,    0.00000000000000,    0.50000000000000,    0.00000000000000,    0.50000000000000,
  143,     19.88483616572916,    0.00000000000000,    0.50000000000000,    0.00000000000000,    0.50000000000000,
  144,     20.00000000000000,    0.00000000000000,    0.50000000000000,    0.00000000000000,    0.50000000000000,
  145,     20.11516383427084,    0.00000000000000,    0.50000000000000,    0.00000000000000,    0.50000000000000,
  146,     20.30150283239583,    0.00000000000000,    0.50000000000000,    0.00000000000000,    0.50000000000000,
  147,     20.41666666666667,    0.00000000000000,    0.50000000000000,    0.00000000000000,    0.50000000000000,
  148,     20.53183050093751,    0.00000000000000,    0.50000000000000,    0.00000000000000,    0.50000000000000,
  149,     20.71816949906249,    0.00000000000000,    0.50000000000000,    0.00000000000000,    0.50000000000000,
  150,     20.83333333333334,    0.00000000000000,    0.50000000000000,    0.00000000000000,    0.50000000000000,
  151,     20.94849716760418,    0.00000000000000,    0.50000000000000,    0.00000000000000,    0.50000000000000,
  152,     21.13483616572916,    0.00000000000000,    0.50000000000000,    0.00000000000000,    0.50000000000000,
  153,     21.25000000000000,    0.00000000000000,    0.50000000000000,    0.00000000000000,    0.50000000000000,
  154,     21.36516383427084,    0.00000000000000,    0.50000000000000,    0.00000000000000,    0.50000000000000,
  155,     21.55150283239583,    0.00000000000000,    0.50000000000000,    0.00000000000000,    0.50000000000000,
  156,     21.66666666666667,    0.00000000000000,    0.50000000000000,    0.00000000000000,    0.50000000000000,
  157,     21.78183050093751,    0.00000000000000,    0.50000000000000,    0.00000000000000,    0.50000000000000,
  158,     21.96816949906249,    0.00000000000000,    0.50000000000000,    0.00000000000000,    0.50000000000000,
  159,     22.08333333333334,    0.00000000000000,    0.50000000000000,    0.00000000000000,    0.50000000000000,
  160,     22.19849716760418,    0.00000000000000,    0.50000000000000,    0.00000000000000,    0.50000000000000,
  161,     22.38483616572916,    0.00000000000000,    0.50000000000000,    0.00000000000000,    0.50000000000000,
  162,     22.50000000000000,    0.00000000000000,    0.50000000000000,    0.00000000000000,    0.50000000000000,
  163,     22.61516383427084,    0.00000000000000,    0.50000000000000,    0.00000000000000,    0.50000000000000,
  164,     22.80150283239583,    0.00000000000000,    0.50000000000000,    0.00000000000000,    0.50000000000000,
  165,     22.91666666666667,    0.00000000000000,    0.50000000000000,    0.00000000000000,    0.50000000000000,
  166,     23.03183050093751,    0.00000000000000,    0.50000000000000,    0.00000000000000,    0.50000000000000,
  167,     23.21816949906249,    0.00000000000000,    0.50000000000000,    0.00000000000000,    0.50000000000000,
  168,     23.33333333333334,    0.00000000000000,    0.50000000000000,    0.00000000000000,    0.50000000000000,
  169,     23.44849716760418,    0.00000000000000,    0.50000000000000,    0.00000000000000,    0.50000000000000,
  170,     23.63483616572916,    0.00000000000000,    0.50000000000000,    0.00000000000000,    0.50000000000000,
  171,     23.75000000000000,    0.00000000000000,    0.50000000000000,    0.00000000000000,    0.50000000000000,
  172,     23.86516383427084,    0.00000000000000,    0.50000000000000,    0.00000000000000,    0.50000000000000,
  173,     24.05150283239583,    0.00000000000000,    0.50000000000000,    0.00000000000000,    0.50000000000000,
  174,     24.16666666666667,    0.00000000000000,    0.50000000000000,    0.00000000000000,    0.50000000000000,
  175,     24.28183050093751,    0.00000000000000,    0.50000000000000,    0.00000000000000,    0.50000000000000,
  176,     24.46816949906249,    0.00000000000000,    0.50000000000000,    0.00000000000000,    0.50000000000000,
  177,     24.58333333333334,    0.00000000000002,    0.49999999999999,    0.00000000000001,    0.49999999999999,
  178,     24.69849716760418,    -0.00000000000002,    0.50000000000001,    -0.00000000000001,    0.50000000000001,
  179,     24.88483616572916,    0.00000000000016,    0.49999999999997,    0.00000000000008,    0.49999999999997,
  180,     25.00000000000002,    0.00000000000018,    0.49999999999990,    0.00000000000009,    0.49999999999990,
