 indi,                  x_v,                   v,                   H,                   q,                 eta
    0,     0.45246335319775,    1.50821117732582,    1.01444679830106,    1.53000000000005,    1.01444679830106,
    1,     0.47081840601576,    1.50821117732578,    1.01444679830101,    1.52999999999994,    1.01444679830101,
    2,     0.50830464097270,    1.50821117732587,    1.01444679830102,    1.53000000000004,    1.01444679830102,
    3,     0.55287206542280,    1.50821117732579,    1.01444679830103,    1.52999999999997,    1.01444679830103,
    4,     0.59035830037974,    1.50821117732583,    1.01444679830102,    1.53000000000001,    1.01444679830102,
    5,     0.60871335319775,    1.50821117732589,    1.01444679830102,    1.53000000000006,    1.01444679830102,
    6,     0.62706840601576,    1.50821117732579,    1.01444679830102,    1.52999999999996,    1.01444679830102,
    7,     0.66455464097270,    1.50821117732586,    1.01444679830101,    1.53000000000001,    1.01444679830101,
    8,     0.70912206542280,    1.50821117732578,    1.01444679830102,    1.52999999999995,    1.01444679830102,
    9,     0.74660830037974,    1.50821117732589,    1.01444679830103,    1.53000000000008,    1.01444679830103,
   10,     0.76496335319775,    1.50821117732563,    1.01444679830097,    1.52999999999972,    1.01444679830097,
   11,     0.78331840601576,    1.50821117732586,    1.01444679830103,    1.53000000000004,    1.01444679830103,
   12,     0.82080464097270,    1.50821117732579,    1.01444679830103,    1.52999999999997,    1.01444679830103,
   13,     0.86537206542280,    1.50821117732584,    1.01444679830103,    1.53000000000002,    1.01444679830103,
   14,     0.90285830037974,    1.50821117732579,    1.01444679830101,    1.52999999999994,    1.01444679830101,
   15,     0.92121335319775,    1.50821117732562,    1.01444679830102,    1.52999999999978,    1.01444679830102,
   16,     0.93956840601576,    1.50821117732596,    1.01444679830104,    1.53000000000016,    1.01444679830104,
   17,     0.97705464097270,    1.50821117732578,    1.01444679830101,    1.52999999999994,    1.01444679830101,
   18,     1.02162206542280,    1.50821117732586,    1.01444679830102,    1.53000000000003,    1.01444679830102,
   19,     1.05910830037974,    1.50821117732583,    1.01444679830101,    1.52999999999999,    1.01444679830101,
   20,     1.07746335319775,    1.50821117732570,    1.01444679830107,    1.52999999999994,    1.01444679830107,
   21,     1.09581840601576,    1.50821117732573,    1.01444679830105,    1.52999999999995,    1.01444679830105,
   22,     1.13330464097270,    1.50821117732593,    1.01444679830098,    1.53000000000003,    1.01444679830098,
   23,     1.17787206542280,    1.50821117732571,    1.01444679830104,    1.52999999999991,    1.01444679830104,
   24,     1.21535830037974,    1.50821117732587,    1.01444679830104,    1.53000000000006,    1.01444679830104,
   25,     1.23371335319775,    1.50821117732562,    1.01444679830104,    1.52999999999983,    1.01444679830104,
   26,     1.25206840601576,    1.50821117732580,    1.01444679830102,    1.52999999999997,    1.01444679830102,
   27,     1.28955464097270,    1.50821117732595,    1.01444679830099,    1.53000000000008,    1.01444679830099,
   28,     1.33412206542280,    1.50821117732573,    1.01444679830102,    1.52999999999991,    1.01444679830102,
   29,     1.37160830037974,    1.50821117732598,    1.01444679830106,    1.53000000000022,    1.01444679830106,
   30,     1.38996335319775,    1.50821117732536,    1.01444679830098,    1.52999999999947,    1.01444679830098,
   31,     1.40831840601576,    1.50821117732591,    1.01444679830100,    1.53000000000005,    1.01444679830100,
   32,     1.44580464097270,    1.50821117732575,    1.01444679830104,    1.52999999999994,    1.01444679830104,
   33,     1.49037206542280,    1.50821117732583,    1.01444679830099,    1.52999999999995,    1.01444679830099,
   34,     1.52785830037974,    1.50821117732579,    1.01444679830105,    1.53000000000001,    1.01444679830105,
   35,     1.54621335319775,    1.50821117732585,    1.01444679830109,    1.53000000000013,    1.01444679830109,
   36,     1.56456840601576,    1.50821117732586,    1.01444679830101,    1.53000000000002,    1.01444679830101,
   37,     1.60205464097270,    1.50821117732583,    1.01444679830101,    1.52999999999997,    1.01444679830101,
   38,     1.64662206542280,    1.50821117732564,    1.01444679830106,    1.52999999999987,    1.01444679830106,
   39,     1.68410830037973,    1.50821117732595,    1.01444679830098,    1.53000000000006,    1.01444679830098,
   40,     1.70246335319775,    1.50821117732576,    1.01444679830097,    1.52999999999986,    1.01444679830097,
   41,     1.72081840601576,    1.50821117732586,    1.01444679830104,    1.53000000000007,    1.01444679830104,
   42,     1.75830464097270,    1.50821117732578,    1.01444679830104,    1.52999999999998,    1.01444679830104,
   43,     1.80287206542280,    1.50821117732578,    1.01444679830103,    1.52999999999996,    1.01444679830103,
   44,     1.84035830037974,    1.50821117732592,    1.01444679830099,    1.53000000000005,    1.01444679830099,
   45,     1.85871335319775,    1.50821117732630,    1.01444679830086,    1.53000000000023,    1.01444679830086,
   46,     1.87706840601576,    1.50821117732576,    1.01444679830105,    1.52999999999997,    1.01444679830105,
   47,     1.91455464097270,    1.50821117732562,    1.01444679830110,    1.52999999999991,    1.01444679830110,
   48,     1.95912206542280,    1.50821117732599,    1.01444679830096,    1.53000000000007,    1.01444679830096,
   49,     1.99660830037974,    1.50821117732570,    1.01444679830104,    1.52999999999990,    1.01444679830104,
   50,     2.01496335319775,    1.50821117732646,    1.01444679830104,    1.53000000000068,    1.01444679830104,
   51,     2.03331840601576,    1.50821117732568,    1.01444679830092,    1.52999999999969,    1.01444679830092,
   52,     2.07080464097270,    1.50821117732574,    1.01444679830112,    1.53000000000006,    1.01444679830112,
   53,     2.11537206542279,    1.50821117732581,    1.01444679830097,    1.52999999999990,    1.01444679830097,
   54,     2.15285830037974,    1.50821117732573,    1.01444679830096,    1.52999999999980,    1.01444679830096,
   55,     2.17121335319775,    1.50821117732677,    1.01444679830113,    1.53000000000112,    1.01444679830113,
   56,     2.18956840601576,    1.50821117732553,    1.01444679830099,    1.52999999999965,    1.01444679830099,
   57,     2.22705464097270,    1.50821117732586,    1.01444679830107,    1.53000000000011,    1.01444679830107,
   58,     2.27162206542280,    1.50821117732557,    1.01444679830102,    1.52999999999974,    1.01444679830102,
   59,     2.30910830037974,    1.50821117732599,    1.01444679830099,    1.53000000000012,    1.01444679830099,
   60,     2.32746335319775,    1.50821117732633,    1.01444679830101,    1.53000000000049,    1.01444679830101,
   61,     2.34581840601576,    1.50821117732563,    1.01444679830101,    1.52999999999979,    1.01444679830101,
   62,     2.38330464097270,    1.50821117732589,    1.01444679830108,    1.53000000000015,    1.01444679830108,
   63,     2.42787206542279,    1.50821117732574,    1.01444679830096,    1.52999999999982,    1.01444679830096,
   64,     2.46535830037974,    1.50821117732595,    1.01444679830100,    1.53000000000009,    1.01444679830100,
   65,     2.48371335319775,    1.50821117732560,    1.01444679830123,    1.53000000000009,    1.01444679830123,
   66,     2.50206840601576,    1.50821117732589,    1.01444679830097,    1.52999999999999,    1.01444679830097,
   67,     2.53955464097270,    1.50821117732575,    1.01444679830101,    1.52999999999991,    1.01444679830101,
   68,     2.58412206542280,    1.50821117732588,    1.01444679830103,    1.53000000000005,    1.01444679830103,
   69,     2.62160830037974,    1.50821117732604,    1.01444679830099,    1.53000000000016,    1.01444679830099,
   70,     2.63996335319775,    1.50821117732530,    1.01444679830101,    1.52999999999945,    1.01444679830101,
   71,     2.65831840601576,    1.50821117732567,    1.01444679830107,    1.52999999999991,    1.01444679830107,
   72,     2.69580464097269,    1.50821117732584,    1.01444679830104,    1.53000000000005,    1.01444679830104,
   73,     2.74037206542280,    1.50821117732592,    1.01444679830094,    1.52999999999997,    1.01444679830094,
   74,     2.77785830037974,    1.50821117732580,    1.01444679830107,    1.53000000000004,    1.01444679830107,
   75,     2.79621335319775,    1.50821117732516,    1.01444679830101,    1.52999999999931,    1.01444679830101,
   76,     2.81456840601576,    1.50821117732622,    1.01444679830108,    1.53000000000048,    1.01444679830108,
   77,     2.85205464097269,    1.50821117732554,    1.01444679830105,    1.52999999999975,    1.01444679830105,
   78,     2.89662206542280,    1.50821117732592,    1.01444679830093,    1.52999999999996,    1.01444679830093,
   79,     2.93410830037974,    1.50821117732553,    1.01444679830107,    1.52999999999977,    1.01444679830107,
   80,     2.95246335319775,    1.50821117732586,    1.01444679830116,    1.53000000000025,    1.01444679830116,
   81,     2.97081840601576,    1.50821117732609,    1.01444679830099,    1.53000000000023,    1.01444679830099,
   82,     3.00830464097270,    1.50821117732569,    1.01444679830098,    1.52999999999980,    1.01444679830098,
   83,     3.05287206542280,    1.50821117732580,    1.01444679830105,    1.53000000000001,    1.01444679830105,
   84,     3.09035830037974,    1.50821117732591,    1.01444679830096,    1.52999999999998,    1.01444679830096,
   85,     3.10871335319775,    1.50821117732664,    1.01444679830095,    1.53000000000072,    1.01444679830095,
   86,     3.12706840601576,    1.50821117732540,    1.01444679830107,    1.52999999999964,    1.01444679830107,
   87,     3.16455464097269,    1.50821117732599,    1.01444679830104,    1.53000000000020,    1.01444679830104,
   88,     3.20912206542280,    1.50821117732570,    1.01444679830101,    1.52999999999986,    1.01444679830101,
   89,     3.24660830037973,    1.50821117732572,    1.01444679830105,    1.52999999999993,    1.01444679830105,
   90,     3.26496335319775,    1.50821117732695,    1.01444679830107,    1.53000000000121,    1.01444679830107,
   91,     3.28331840601576,    1.50821117732568,    1.01444679830099,    1.52999999999981,    1.01444679830099,
   92,     3.32080464097270,    1.50821117732565,    1.01444679830102,    1.52999999999982,    1.01444679830102,
   93,     3.36537206542279,    1.50821117732602,    1.01444679830110,    1.53000000000031,    1.01444679830110,
   94,     3.40285830037973,    1.50821117732547,    1.01444679830091,    1.52999999999946,    1.01444679830091,
   95,     3.42121335319775,    1.50821117732614,    1.01444679830091,    1.53000000000015,    1.01444679830091,
   96,     3.43956840601576,    1.50821117732570,    1.01444679830113,    1.53000000000003,    1.01444679830113,
   97,     3.47705464097269,    1.50821117732608,    1.01444679830097,    1.53000000000018,    1.01444679830097,
   98,     3.52162206542280,    1.50821117732565,    1.01444679830095,    1.52999999999970,    1.01444679830095,
   99,     3.55910830037974,    1.50821117732592,    1.01444679830108,    1.53000000000018,    1.01444679830108,
  100,     3.57746335319775,    1.50821117732619,    1.01444679830110,    1.53000000000049,    1.01444679830110,
  101,     3.59581840601576,    1.50821117732573,    1.01444679830108,    1.52999999999998,    1.01444679830108,
  102,     3.63330464097270,    1.50821117732581,    1.01444679830099,    1.52999999999994,    1.01444679830099,
  103,     3.67787206542280,    1.50821117732570,    1.01444679830104,    1.52999999999989,    1.01444679830104,
  104,     3.71535830037974,    1.50821117732580,    1.01444679830100,    1.52999999999994,    1.01444679830100,
  105,     3.73371335319775,    1.50821117732595,    1.01444679830132,    1.53000000000057,    1.01444679830132,
  106,     3.75206840601575,    1.50821117732605,    1.01444679830097,    1.53000000000015,    1.01444679830097,
  107,     3.78955464097270,    1.50821117732587,    1.01444679830095,    1.52999999999994,    1.01444679830095,
  108,     3.83412206542279,    1.50821117732549,    1.01444679830110,    1.52999999999977,    1.01444679830110,
  109,     3.87160830037974,    1.50821117732616,    1.01444679830094,    1.53000000000021,    1.01444679830094,
  110,     3.88996335319775,    1.50821117732466,    1.01444679830130,    1.52999999999924,    1.01444679830130,
  111,     3.90831840601575,    1.50821117732617,    1.01444679830098,    1.53000000000028,    1.01444679830098,
  112,     3.94580464097270,    1.50821117732584,    1.01444679830096,    1.52999999999993,    1.01444679830096,
  113,     3.99037206542280,    1.50821117732593,    1.01444679830095,    1.53000000000000,    1.01444679830095,
  114,     4.02785830037974,    1.50821117732563,    1.01444679830104,    1.52999999999982,    1.01444679830104,
  115,     4.04621335319775,    1.50821117732530,    1.01444679830144,    1.53000000000010,    1.01444679830144,
  116,     4.06456840601575,    1.50821117732608,    1.01444679830105,    1.53000000000029,    1.01444679830105,
  117,     4.10205464097270,    1.50821117732562,    1.01444679830099,    1.52999999999974,    1.01444679830099,
  118,     4.14662206542279,    1.50821117732540,    1.01444679830101,    1.52999999999955,    1.01444679830101,
  119,     4.18410830037974,    1.50821117732706,    1.01444679830078,    1.53000000000088,    1.01444679830078,
  120,     4.20246335319775,    1.50821117732802,    1.01444679829949,    1.52999999999991,    1.01444679829949,
  121,     4.22081840601577,    1.50821117732340,    1.01444679830247,    1.52999999999972,    1.01444679830247,
  122,     4.25830464097267,    1.50821117732571,    1.01444679830023,    1.52999999999868,    1.01444679830023,
  123,     4.30287206542285,    1.50821117733332,    1.01444679830033,    1.53000000000655,    1.01444679830033,
  124,     4.34035830037967,    1.50821117728957,    1.01444679830852,    1.52999999997453,    1.01444679830852,
  125,     4.35871335319751,    1.50821117731513,    1.01444679832400,    1.53000000002381,    1.01444679832400,
  126,     4.37706840601563,    1.50821117738564,    1.01444679826901,    1.53000000001240,    1.01444679826901,
  127,     4.41455464097334,    1.50821117733493,    1.01444679831520,    1.53000000003062,    1.01444679831520,
  128,     4.45912206542128,    1.50821117707493,    1.01444679834708,    1.52999999981494,    1.01444679834708,
  129,     4.49660830038057,    1.50821117833302,    1.01444679805842,    1.53000000065586,    1.01444679805842,
  130,     4.51496335320563,    1.50821117864869,    1.01444679758870,    1.53000000026764,    1.01444679758870,
  131,     4.53331840603124,    1.50821117839547,    1.01444679811865,    1.53000000081004,    1.01444679811865,
  132,     4.57080464100136,    1.50821117855496,    1.01444679768865,    1.53000000032330,    1.01444679768865,
  133,     4.61537206545950,    1.50821117560007,    1.01444679926445,    1.52999999970237,    1.01444679926445,
  134,     4.65285830030210,    1.50821115700900,    1.01444680394744,    1.52999998790565,    1.01444680394744,
  135,     4.67121335299229,    1.50821115507500,    1.01444680545287,    1.52999998821423,    1.01444680545287,
  136,     4.68956840569837,    1.50821116575673,    1.01444680310648,    1.52999999551140,    1.01444680310648,
  137,     4.72705464075848,    1.50821120746439,    1.01444678795561,    1.53000001497090,    1.01444678795561,
  138,     4.77162206574717,    1.50821120508805,    1.01444678930975,    1.53000001460257,    1.01444678930975,
  139,     4.80910830076408,    1.50821117085955,    1.01444680288000,    1.53000000034637,    1.01444680288000,
  140,     4.82746335350803,    1.50821115668503,    1.01444680060854,    1.52999998254124,    1.01444680060854,
  141,     4.84581840622262,    1.50821115087168,    1.01444680544745,    1.52999998394199,    1.01444680544745,
  142,     4.88330464095753,    1.50821116776085,    1.01444680184153,    1.52999999563667,    1.01444680184153,
  143,     4.92787206537848,    1.50821118359522,    1.01444679722307,    1.53000000473419,    1.01444679722307,
  144,     4.96535830036848,    1.50821116942149,    1.01444679772117,    1.52999999110693,    1.01444679772117,
  145,     4.98371335320430,    1.50821118454817,    1.01444679856160,    1.53000000771969,    1.01444679856160,
  146,     5.00206840606327,    1.50821119748701,    1.01444679363758,    1.53000001341899,    1.01444679346312,
  147,     5.03955464109783,    1.50821117008951,    1.01444680029426,    1.52999999566537,    1.01444680073074,
  148,     5.08412206540404,    1.50821117023748,    1.01444679934728,    1.52999999438724,    1.01444679857774,
  149,     5.12160830046964,    1.50821119427400,    1.01444679372973,    1.53000001029854,    1.01444679519142,
  150,     5.13996335330408,    1.50821119080598,    1.01444677475745,    1.52999997816623,    1.01444678213515,
  151,     5.15831840552246,    1.50821134349275,    1.01444679621963,    1.53000016542832,    1.01444679866874,
  152,     5.19580466209962,    1.50821343295482,    1.01444514199425,    1.52999979015149,    1.01444641755954,
  153,     5.24037238754375,    1.50823577426106,    1.01443025392496,    1.52999999946236,    1.01444301828481,
  154,     5.27786000559885,    1.50831155870234,    1.01437938006372,    1.53000014385942,    1.01443139909269,
  155,     5.29621670109119,    1.50838625080952,    1.01432909860976,    1.53000006613898,    1.01441989994258,
  156,     5.31457452060912,    1.50849749827225,    1.01425418047653,    1.52999989386101,    1.01440276637391,
  157,     5.35207211778691,    1.50887826312724,    1.01399846321016,    1.53000023998223,    1.01434424670018,
  158,     5.39667017641365,    1.50969267138578,    1.01345119396054,    1.52999984032940,    1.01421889863537,
  159,     5.43420576322420,    1.51076563345138,    1.01273153314589,    1.52999999618934,    1.01405373198137,
  160,     5.45259590033066,    1.51143947466796,    1.01228000410436,    1.52999995762037,    1.01394992267776,
  161,     5.47099486997660,    1.51221791592139,    1.01175896963589,    1.53000004047757,    1.01382997633001,
  162,     5.50860372027016,    1.51414862700974,    1.01046877651058,    1.52999991058971,    1.01353215418071,
  163,     5.55338797511270,    1.51706286866518,    1.00852780009174,    1.53000007753576,    1.01308193491167,
  164,     5.59113025601245,    1.52004352286485,    1.00655009359609,    1.52999995020975,    1.01262051847836,
  165,     5.60963914266282,    1.52167858860530,    1.00546856233308,    1.52999998281800,    1.01236703724970,
  166,     5.62816862072567,    1.52342763178350,    1.00431418386116,    1.52999997868619,    1.01209557852716,
  167,     5.66608074997731,    1.52734695329322,    1.00173699252043,    1.52999994352719,    1.01148615040358,
  168,     5.71128895656251,    1.53259228173534,    0.99830859070520,    1.53000004090487,    1.01066809787835,
  169,     5.74943850553022,    1.53747234258482,    0.99513988161214,    1.53000004498180,    1.00990449890304,
  170,     5.76816234780835,    1.54001014991283,    0.99349992361009,    1.52999996629716,    1.00950642566809,
  171,     5.78691604750555,    1.54264193365351,    0.99180507411560,    1.53000009734105,    1.00909294085479,
  172,     5.82531111282438,    1.54829537104471,    0.98818355239626,    1.53000001991764,    1.00820228044527,
  173,     5.87112645936980,    1.55547465710479,    0.98362257918358,    1.52999999407610,    1.00706654892391,
  174,     5.90980247823890,    1.56186910744833,    0.97959550509459,    1.52999995720248,    1.00605054796484,
  175,     5.92878595917250,    1.56511062934677,    0.97756665686167,    1.52999996554919,    1.00553391499539,
  176,     5.94779894067387,    1.56842086524646,    0.97550345151227,    1.52999996747179,    1.00500524886359,
  177,     5.98671797999293,    1.57538336366377,    0.97119217904318,    1.53000000178499,    1.00388962436635,
  178,     6.03313763642993,    1.58398716409366,    0.96591691240072,    1.52999999082373,    1.00250416519717,
  179,     6.07229919393590,    1.59147272510583,    0.96137369277357,    1.53000001068340,    1.00129264587166,
  180,     6.09151137258055,    1.59521403106903,    0.95911891626961,    1.52999995269701,    1.00068497735908,
  181,     6.11074660120069,    1.59900231717063,    0.95684660989893,    1.52999994640524,    1.00006821727690,
  182,     6.15009842113626,    1.60687543959512,    0.95215843003935,    1.52999999583369,    0.99878177182693,
  183,     6.19699427682572,    1.61645317599678,    0.94651674642140,    1.53000000088701,    0.99720827357869,
  184,     6.23652369173167,    1.62467259083472,    0.94172822814574,    1.53000004028373,    0.99585047637083,
  185,     6.25590520342036,    1.62874661524813,    0.93937269486799,    1.53000009722275,    0.99517493573922,
  186,     6.27530279265889,    1.63285074818825,    0.93701159106505,    1.53000007753164,    0.99449266360758,
  187,     6.31496507044609,    1.64131943804498,    0.93217686525260,    1.53000000863492,    0.99307939354658,
  188,     6.36219463738785,    1.65152487324074,    0.92641656274182,    1.52999999635029,    0.99136660028509,
  189,     6.40197670763653,    1.66021012468681,    0.92157006415071,    1.52999995111127,    0.98990057023652,
  190,     6.42147311249807,    1.66449308451994,    0.91919873517759,    1.52999993800258,    0.98917479499344,
  191,     6.44098005758708,    1.66879431855186,    0.91682956082451,    1.52999996218434,    0.98844405861477,
  192,     6.48084928275706,    1.67763075614711,    0.91200046925311,    1.53000003683960,    0.98693692083482,
  193,     6.52829816408625,    1.68821701223628,    0.90628156809559,    1.52999996113514,    0.98512080786328,
  194,     6.56824407921191,    1.69717981007756,    0.90149550062784,    1.52999996254133,    0.98357428763721,
  195,     6.58781433739412,    1.70158552566584,    0.89916138319907,    1.52999999488922,    0.98281110099025,
  196,     6.60739117877104,    1.70600139483338,    0.89683398355943,    1.53000002688636,    0.98204416933140,
  197,     6.64739155209364,    1.71504824654960,    0.89210320081712,    1.53000003030269,    0.98046670890998,
  198,     6.69497764288193,    1.72584685381563,    0.88652129786508,    1.52999999276100,    0.97857287128721,
  199,     6.73502468253812,    1.73495952943739,    0.88186495874375,    1.53000001384939,    0.97696547771813,
  200,     6.75464007695081,    1.73942987313832,    0.87959856195393,    1.53000001503218,    0.97617385141377,
  201,     6.77425934945088,    1.74390498111472,    0.87734137529919,    1.52999999452230,    0.97537933230484,
  202,     6.81433848283895,    1.75305722689644,    0.87276100274700,    1.52999998321902,    0.97374808286023,
  203,     6.86200553883487,    1.76395630957806,    0.86736842533566,    1.53000000659962,    0.97179435904446,
  204,     6.90211106131232,    1.77313470329145,    0.86287860472870,    1.52999999877217,    0.97013967635831,
  205,     6.92175215564428,    1.77763155263436,    0.86069578957028,    1.52999999275967,    0.96932584864918,
  206,     6.94139531953759,    1.78212970908930,    0.85852336590329,    1.52999999632360,    0.96850972587220,
  207,     6.98151798135838,    1.79131898446409,    0.85411924075699,    1.53000001096405,    0.96683606007019,
  208,     7.02922837187588,    1.80224612156233,    0.84894065098509,    1.52999999567447,    0.96483466025834,
  209,     7.06936398326479,    1.81143627917668,    0.84463362645181,    1.52999999356738,    0.96314198241014,
  210,     7.08901787606428,    1.81593532708647,    0.84254101763883,    1.52999999844973,    0.96231019456643,
  211,     7.10867265029959,    1.82043351071413,    0.84045915148068,    1.53000000374179,    0.96147650355081,
  212,     7.14881557548024,    1.82961660160907,    0.83624077450080,    1.53000000396910,    0.95976810664902,
  213,     7.19654456688246,    1.84052665698187,    0.83128380169247,    1.52999999653222,    0.95772725498151,
  214,     7.23669169725095,    1.84969527923573,    0.82716327216056,    1.52999999967256,    0.95600277817869,
  215,     7.25634998173080,    1.85418165670537,    0.82516186840038,    1.53000000020072,    0.95515583709961,
  216,     7.27600838397825,    1.85866589471291,    0.82317107433737,    1.53000000138505,    0.95430724977102,
  217,     7.31615651192424,    1.86781689949862,    0.81913810761726,    1.53000000043083,    0.95256917272734,
  218,     7.36388819856889,    1.87868327339832,    0.81440018167163,    1.52999999915905,    0.95049420451215,
  219,     7.40403499628597,    1.88781119780114,    0.81046240337015,    1.53000000047900,    0.94874189714059,
  220,     7.42369233813044,    1.89227651295671,    0.80854990782601,    1.53000000013247,    0.94788158702030,
  221,     7.44334932423854,    1.89673902426902,    0.80664760956493,    1.52999999989511,    0.94701978653646,
  222,     7.48349320257931,    1.90584383790342,    0.80279400103907,    1.52999999998615,    0.94525516830789,
  223,     7.53121771555858,    1.91665263732649,    0.79826671262760,    1.53000000004763,    0.94314932759863,
  224,     7.57135692589496,    1.92573038423640,    0.79450374398432,    1.53000000018017,    0.94137154057447,
  225,     7.59101009437773,    1.93017067277489,    0.79267601648263,    1.53000000002679,    0.94049889458675,
  226,     7.61066263280200,    1.93460791264865,    0.79085792503448,    1.52999999955260,    0.93962483994382,
  227,     7.65079665370471,    1.94366052130834,    0.78717450054844,    1.53000000009661,    0.93783541875079,
  228,     7.69850826750951,    1.95440657760072,    0.78284632158994,    1.53000000016591,    0.93570041128440,
  229,     7.73863579529211,    1.96343131686885,    0.77924803726867,    1.52999999998188,    0.93389829773905,
  230,     7.75828300701080,    1.96784565897977,    0.77750000003000,    1.52999999991581,    0.93301379203034,
  231,     7.77792945187796,    1.97225699736990,    0.77576096911851,    1.52999999963043,    0.93212790377155,
  232,     7.81805065726136,    1.98125696057418,    0.77223703467749,    1.53000000016793,    0.93031437283550,
  233,     7.86574650674872,    1.99194111976007,    0.76809499283232,    1.53000000010452,    0.92815074998047,
  234,     7.90586044166667,    2.00091461242136,    0.76465032062238,    1.52999999992601,    0.92632455918494,
  235,     7.92550091523202,    2.00530419341514,    0.76297651241822,    1.52999999982950,    0.92542824814987,
  236,     7.94514058074215,    2.00969101644822,    0.76131106088696,    1.52999999978718,    0.92453053797281,
  237,     7.98524785059921,    2.01864175343616,    0.75793537786360,    1.53000000016188,    0.92269279359448,
  238,     8.03292705833085,    2.02926903343032,    0.75396607095364,    1.53000000004335,    0.92050022061880,
  239,     8.07302701112538,    2.03819623140814,    0.75066373705503,    1.52999999992031,    0.91864950355174,
  240,     8.09266066360549,    2.04256370176712,    0.74905864551172,    1.52999999981709,    0.91774111422414,
  241,     8.11229353373937,    2.04692880006552,    0.74746126971437,    1.52999999991188,    0.91683127547939,
  242,     8.15238703199868,    2.05583642265325,    0.74422263525568,    1.53000000012162,    0.91496859032473,
  243,     8.20005011165619,    2.06641475856602,    0.74041283032256,    1.53000000001018,    0.91274603383328,
  244,     8.24013675970396,    2.07530285102642,    0.73724179541831,    1.52999999992746,    0.91086978664706,
  245,     8.25976399863895,    2.07965189039027,    0.73570005005861,    1.52999999986460,    0.90994878450474,
  246,     8.27939052814844,    2.08399904265214,    0.73416540443063,    1.52999999998176,    0.90902625525768,
  247,     8.31947132247770,    2.09287156075476,    0.73105298422053,    1.53000000008004,    0.90713739902320,
  248,     8.36711976908260,    2.10341095144032,    0.72738995627464,    1.52999999999577,    0.90488325725876,
  249,     8.40719454395048,    2.11226871659943,    0.72433965807187,    1.52999999993754,    0.90298002071730,
  250,     8.42681612425931,    2.11660373768206,    0.72285613631570,    1.52999999993221,    0.90204565521183,
  251,     8.44643710169908,    2.12093742802625,    0.72137913160226,    1.53000000001232,    0.90110966180155,
  252,     8.48650690171026,    2.12978421107301,    0.71838263805899,    1.53000000004700,    0.89919298433831,
  253,     8.53414290929982,    2.14029614173114,    0.71485434663018,    1.52999999999231,    0.89690517653811,
  254,     8.57420778140158,    2.14913350936150,    0.71191482208303,    1.52999999994977,    0.89497310380509,
  255,     8.59382470674714,    2.15345945857092,    0.71048470120719,    1.52999999998455,    0.89402443925886,
  256,     8.61344116006018,    2.15778468637471,    0.70906055162989,    1.53000000001938,    0.89307402576173,
  257,     8.65350213686459,    2.16661610202689,    0.70617032643399,    1.53000000002547,    0.89112751298459,
  258,     8.70112840396469,    2.17711315849917,    0.70276549200865,    1.52999999999118,    0.88880353889106,
  259,     8.74118573428259,    2.18594091920089,    0.69992742554290,    1.52999999996515,    0.88684044014321,
  260,     8.76079918919855,    2.19026314470813,    0.69854620149498,    1.53000000001031,    0.88587637589594,
  261,     8.78041232078086,    2.19458529910278,    0.69717044064971,    1.53000000001885,    0.88491042319836,
  262,     8.82046698300255,    2.20341247602197,    0.69437747887042,    1.53000000001177,    0.88293173286134,
  263,     8.86808657919941,    2.21390809366395,    0.69108559852641,    1.52999999999221,    0.88056871002859,
  264,     8.90813901780589,    2.22273771143678,    0.68834032558415,    1.52999999997856,    0.87857207972012,
  265,     8.92775032133093,    2.22706187882600,    0.68700381186549,    1.53000000001377,    0.87759136218392,
  266,     8.94736146373310,    2.23138665886932,    0.68567228989007,    1.53000000001708,    0.87660859922508,
  267,     8.98741257312067,    2.24022133733366,    0.68296822930220,    1.53000000000378,    0.87459508144369,
  268,     9.03502884860776,    2.25072964546889,    0.67977955640903,    1.52999999999349,    0.87218976559466,
  269,     9.07507926620033,    2.25957314394139,    0.67711904086429,    1.52999999998831,    0.87015679639166,
  270,     9.09468984071416,    2.26390518581254,    0.67582335585308,    1.53000000000902,    0.86915802486188,
  271,     9.11430042694845,    2.26823855340220,    0.67453222577536,    1.53000000001586,    0.86815703379344,
  272,     9.15435094206919,    2.27709299893016,    0.67190931627137,    1.52999999999750,    0.86610573967077,
  273,     9.20196746776249,    2.28762873415247,    0.66881481997303,    1.52999999999731,    0.86365453173673,
  274,     9.24201891075345,    2.29649863608771,    0.66623161710225,    1.52999999999382,    0.86158211786492,
  275,     9.26163026168288,    2.30084472630310,    0.66497316507732,    1.53000000000123,    0.86056374533785,
  276,     9.28124180598849,    2.30519288285091,    0.66371886335271,    1.53000000001457,    0.85954296182554,
  277,     9.32129484607397,    2.31407984577902,    0.66116992582820,    1.52999999999425,    0.85745064247918,
  278,     9.36891537573528,    2.32465831567242,    0.65816124016373,    1.52999999999989,    0.85494958478083,
  279,     9.40897103835711,    2.33356762167183,    0.65564845251841,    1.52999999999619,    0.85283431667473,
  280,     9.42858474175262,    2.33793416782038,    0.65442390169066,    1.53000000000092,    0.85179464653524,
  281,     9.44819882794565,    2.34230354852651,    0.65320312603168,    1.53000000001262,    0.85075235599978,
  282,     9.48825765138750,    2.35123625769694,    0.65072150660454,    1.52999999999177,    0.84861545354442,
  283,     9.53588609980550,    2.36187334224137,    0.64779087541997,    1.53000000000163,    0.84606021678195,
  284,     9.57594930867883,    2.37083553890926,    0.64534210614321,    1.52999999999888,    0.84389836827367,
  285,     9.59556700457144,    2.37522918847743,    0.64414836572992,    1.52999999999174,    0.84283554741141,
  286,     9.61518527997449,    2.37962646992351,    0.64295805217974,    1.53000000001737,    0.84176987777009,
  287,     9.65525327362727,    2.38861865234296,    0.64053757533978,    1.52999999998313,    0.83958450925795,
  288,     9.70289370669456,    2.39933083414893,    0.63767779676038,    1.53000000001933,    0.83697037138138,
  289,     9.74296791466746,    2.40835992472937,    0.63528710316506,    1.52999999996016,    0.83475788026395,
  290,     9.76259130473784,    2.41278758207350,    0.63412130081529,    1.53000000013542,    0.83366988904081,
  291,     9.78221547828314,    2.41721970050403,    0.63295860099436,    1.52999999992704,    0.83257880004517,
  292,     9.82229615487998,    2.42628562099410,    0.63059352405938,    1.53000000011726,    0.83034073518616,
  293,     9.86995278862092,    2.43709003663458,    0.62779789697554,    1.52999999973922,    0.82766255298339,
  294,     9.91004157563344,    2.44620059426766,    0.62545974528927,    1.53000000061710,    0.82539499466515,
  295,     9.92967242418589,    2.45066944553743,    0.62431920502911,    1.53000000002706,    0.82427963337148,
  296,     9.94930426770379,    2.45514361784148,    0.62318146606865,    1.52999999917555,    0.82316090455390,
  297,     9.98940126930817,    2.46429812223099,    0.62086643930628,    1.53000000053871,    0.82086554063895,
  298,     10.03707847556368,    2.47521264522404,    0.61812871023962,    1.52999999996113,    0.81811771143099,
  299,     10.07718555494184,    2.48441987221154,    0.61583793269360,    1.52999999804565,    0.81579026613478,
  300,     10.09682569231751,    2.48893741814825,    0.61472015832786,    1.53000000375222,    0.81464514254541,
  301,     10.11646704423991,    2.49346118971056,    0.61360489897900,    1.53000000142040,    0.81349635295573,
  302,     10.15658415121591,    2.50271982255708,    0.61133491057051,    1.52999999890596,    0.81113866558037,
  303,     10.20428647003781,    2.51376311838943,    0.60864923548391,    1.53000000019538,    0.80831509297338,
  304,     10.24441569898845,    2.52308290316112,    0.60640100265981,    1.53000000227074,    0.80592251893273,
  305,     10.26406702714097,    2.52765698876316,    0.60530364718226,    1.52999999412406,    0.80474501730605,
  306,     10.28371979827447,    2.53223824947157,    0.60420854927346,    1.52999999912798,    0.80356353601084,
  307,     10.32386094072510,    2.54161728131064,    0.60197890995983,    1.53000000053844,    0.80113806005813,
  308,     10.37159309442077,    2.55280894104266,    0.59933980048788,    1.53000000140818,    0.79823209282263,
  309,     10.41174848798785,    2.56225795884054,    0.59712957109903,    1.52999999600753,    0.79576866734385,
  310,     10.43141298750004,    2.56689685717560,    0.59605043821293,    1.52999999656690,    0.79455594482343,
  311,     10.45107916823265,    2.57154392445637,    0.59497331157277,    1.53000000458865,    0.79333889014919,
  312,     10.49124844205219,    2.58106041479580,    0.59277961513446,    1.52999999932144,    0.79083966692592,
  313,     10.53901535495376,    2.59242104925467,    0.59018190732765,    1.52999999944546,    0.78784404881593,
  314,     10.57920110299944,    2.60201691348954,    0.58800540114970,    1.52999999901471,    0.78530352270611,
  315,     10.59888084151416,    2.60672926270963,    0.58694242959447,    1.53000000674980,    0.78405248372452,
  316,     10.61856251014836,    2.61145086307879,    0.58588121324604,    1.52999999999302,    0.78279671396445,
  317,     10.65876419436299,    2.62112287939502,    0.58371929485618,    1.52999999889187,    0.78021722636223,
  318,     10.70657101489738,    2.63267421970639,    0.58115812016666,    1.53000000053578,    0.77712403644262,
  319,     10.74679150011327,    2.64243546687084,    0.57901130320525,    1.53000000330865,    0.77449959079611,
  320,     10.76648864190038,    2.64723043713961,    0.57796252169872,    1.52999997896682,    0.77320682725312,
  321,     10.78618797508421,    2.65203584892474,    0.57691527994660,    1.53000000421084,    0.77190892141327,
  322,     10.82642655119883,    2.66188241329690,    0.57478121233498,    1.53000000060796,    0.76924205701291,
  323,     10.87427867515799,    2.67364745730422,    0.57225196024943,    1.52999999845825,    0.76604262992332,
  324,     10.91453849432259,    2.68359371685710,    0.57013101140988,    1.53000000000493,    0.76332680459548,
  325,     10.93425530939845,    2.68848109876648,    0.56909457598379,    1.53000001094295,    0.76198861366076,
  326,     10.95397458976280,    2.69337999469081,    0.56805946445578,    1.52999999735997,    0.76064481743674,
  327,     10.99425476340750,    2.70342131694358,    0.56594952099358,    1.52999999936804,    0.75788278885510,
  328,     11.04215785885374,    2.71542442421759,    0.56344783111245,    1.53000000237518,    0.75456765316699,
  329,     11.08246184294010,    2.72557648291282,    0.56134913165778,    1.52999999194999,    0.75175228866079,
  330,     11.10220071859464,    2.73056654163479,    0.56032328320736,    1.53000000962497,    0.75036460622555,
  331,     11.12194234820451,    2.73556935648822,    0.55929856144066,    1.53000000580500,    0.74897081996479,
  332,     11.16226906896716,    2.74582679255485,    0.55720921649854,    1.52999999572019,    0.74610511347238,
  333,     11.21022910119482,    2.75809379295633,    0.55473095466796,    1.53000000283043,    0.74266390372923,
  334,     11.25058233644267,    2.76847373569632,    0.55265107993284,    1.52999999979827,    0.73974007692113,
  335,     11.27034578661807,    2.77357735698359,    0.55163415148851,    1.52999999190738,    0.73829845682341,
  336,     11.29011229482261,    2.77869506873473,    0.55061817233174,    1.53000000021394,    0.73685019648754,
  337,     11.33049077702543,    2.78919132657313,    0.54854609185883,    1.53000000163824,    0.73387150326607,
  338,     11.37851403146994,    2.80174958178156,    0.54608734808685,    1.52999999911852,    0.73029288546434,
  339,     11.41892187849581,    2.81238077682360,    0.54402306149833,    1.53000000030662,    0.72725084133201,
  340,     11.43871255263700,    2.81760953215145,    0.54301349474000,    1.52999999886630,    0.72575044097498,
  341,     11.45850660529906,    2.82285377784587,    0.54200469437163,    1.52999999911715,    0.72424279704065,
  342,     11.49894234515312,    2.83361285313772,    0.53994673382748,    1.53000000498327,    0.72114094701153,
  343,     11.54703544678115,    2.84649131547797,    0.53750383605445,    1.53000000136508,    0.71741255554461,
  344,     11.58750355485013,    2.85739844988846,    0.53545209907770,    1.52999999789415,    0.71424165236007,
  345,     11.60732424496097,    2.86276454842655,    0.53444842365470,    1.53000000020112,    0.71267718039782,
  346,     11.62714865109449,    2.86814761025340,    0.53344534831945,    1.53000000098321,    0.71110481307601,
  347,     11.66764743831050,    2.87919479328470,    0.53139857149712,    1.53000000021345,    0.70786872996734,
  348,     11.71581736332618,    2.89242394231794,    0.52896810086525,    1.52999999966509,    0.70397710873232,
  349,     11.75635167796916,    2.90363296777216,    0.52692610160601,    1.53000000020287,    0.70066578634579,
  350,     11.77620532114226,    2.90914921204657,    0.52592695955718,    1.52999999998981,    0.69903149847826,
  351,     11.79606303480598,    2.91468395949158,    0.52492826709022,    1.52999999997157,    0.69738861131994,
  352,     11.83663095475559,    2.92604574158931,    0.52288998023851,    1.52999999999661,    0.69400629236641,
  353,     11.88488502853016,    2.93965738142604,    0.52046881710232,    1.52999999999690,    0.68993688164289,
  354,     11.92549178618248,    2.95119529766422,    0.51843400578165,    1.53000000001204,    0.68647265307018,
  355,     11.94538146058438,    2.95687498622161,    0.51743817616697,    1.53000000002426,    0.68476235749492,
  356,     11.96527557578120,    2.96257476340848,    0.51644266294225,    1.52999999998018,    0.68304270688141,
  357,     12.00591899555717,    2.97427852198349,    0.51441046582940,    1.52999999999990,    0.67950124424101,
  358,     12.05426486960229,    2.98830538990835,    0.51199586399881,    1.52999999999844,    0.67523843192982,
  359,     12.09495057153696,    3.00019984921779,    0.50996602790459,    1.53000000002555,    0.67160795123074,
  360,     12.11487948127724,    3.00605654716599,    0.50897246144138,    1.53000000004306,    0.66981504452404,
  361,     12.13481321519545,    3.01193492869922,    0.50797910186728,    1.52999999996333,    0.66801198383026,
  362,     12.17553874381163,    3.02400839224957,    0.50595097682450,    1.52999999998416,    0.66429767493354,
  363,     12.22398433759565,    3.03848339918561,    0.50354068099470,    1.53000000001701,    0.65982496281753,
  364,     12.26475569089836,    3.05076196396822,    0.50151405390173,    1.53000000003890,    0.65601419866888,
  365,     12.28472713339828,    3.05680910454839,    0.50052193243072,    1.53000000008036,    0.65413176538810,
  366,     12.30470379113051,    3.06287947023544,    0.49952994063362,    1.52999999993466,    0.65223835309453,
  367,     12.34551819864875,    3.07534975640818,    0.49750438848999,    1.52999999995468,    0.64833695284275,
  368,     12.39407158649809,    3.09030467070793,    0.49509681506622,    1.53000000005174,    0.64363731801443,
  369,     12.43493539291693,    3.10299354274399,    0.49307224748725,    1.53000000005922,    0.63963191706677,
  370,     12.45495269860775,    3.10924374446917,    0.49208107368702,    1.53000000013302,    0.63765292947855,
  371,     12.47497560870150,    3.11551855364033,    0.49108999787701,    1.52999999989301,    0.63566214464487,
  372,     12.51588568076427,    3.12841054415785,    0.48906624571995,    1.52999999990199,    0.63155935815131,
  373,     12.56455489226139,    3.14387378276754,    0.48666075861650,    1.53000000011619,    0.62661594162404,
  374,     12.60551785516682,    3.15699568287080,    0.48463797666588,    1.53000000008941,    0.62240190613183,
  375,     12.62558428374219,    3.16345961462897,    0.48364771060548,    1.53000000020818,    0.62031959255371,
  376,     12.64565668793991,    3.16994920281042,    0.48265757649034,    1.52999999982595,    0.61822472916104,
  377,     12.68666897885213,    3.18328285670826,    0.48063589340871,    1.52999999980662,    0.61390710474494,
  378,     12.73546166341452,    3.19927584743158,    0.47823322314141,    1.53000000023568,    0.60870444381649,
  379,     12.77653006615767,    3.21284653481431,    0.47621322199761,    1.53000000012779,    0.60426933154829,
  380,     12.79664863458258,    3.21953105649395,    0.47522448875298,    1.53000000034667,    0.60207782448675,
  381,     12.81677350559110,    3.22624166596475,    0.47423601767338,    1.52999999971905,    0.59987318271652,
  382,     12.85789393196369,    3.24002762915236,    0.47221819526174,    1.52999999963651,    0.59532966897029,
  383,     12.90681680984096,    3.25655887749280,    0.46982107740253,    1.53000000044845,    0.58985583136578,
  384,     12.94799599173363,    3.27058148152879,    0.46780672147277,    1.53000000018354,    0.58519082140450,
  385,     12.96816919480077,    3.27748661852010,    0.46682112810158,    1.53000000059538,    0.58288626948754,
  386,     12.98834894069762,    3.28441719553538,    0.46583607028175,    1.52999999953399,    0.58056833912797,
  387,     13.02958212380168,    3.29864966543642,    0.46382615752658,    1.52999999934571,    0.57579294245101,
  388,     13.07864010013564,    3.31570511978670,    0.46144031074542,    1.53000000081455,    0.57004315442323,
  389,     13.11993361286993,    3.33016094139644,    0.45943725459579,    1.53000000027732,    0.56514654693927,
  390,     13.14016297397994,    3.33727497655622,    0.45845787709032,    1.53000000101860,    0.56272899469996,
  391,     13.16039896343100,    3.34441197690425,    0.45747952398831,    1.52999999921496,    0.56029845311056,
  392,     13.20174717411110,    3.35905713383110,    0.45548495839714,    1.52999999885667,    0.55529471576347,
  393,     13.25094191966811,    3.37658457229656,    0.45312059232281,    1.53000000142709,    0.54927745935860,
  394,     13.29235017757269,    3.39141818589512,    0.45113870262869,    1.53000000045607,    0.54416054232070,
  395,     13.31263553050315,    3.39870971391002,    0.45017083846902,    1.53000000162368,    0.54163707596385,
  396,     13.33292733400345,    3.40601869667921,    0.44920481504897,    1.52999999869514,    0.53910212786409,
  397,     13.37438880762025,    3.42099599358981,    0.44723817301509,    1.52999999806505,    0.53389060000052,
  398,     13.42371649416888,    3.43887980170623,    0.44491232338174,    1.53000000240767,    0.52763775883988,
  399,     13.46523462247371,    3.45397502525403,    0.44296788181831,    1.53000000079012,    0.52233454055139,
  400,     13.48557296712997,    3.46138015349111,    0.44202021574323,    1.53000000221549,    0.51972449475747,
  401,     13.50591714874709,    3.46879225415603,    0.44107570758442,    1.52999999796522,    0.51710639114582,
  402,     13.54748340396931,    3.48394436578583,    0.43915741362179,    1.52999999688073,    0.51173694331975,
  403,     13.59693110574102,    3.50196516760438,    0.43689755054894,    1.53000000383406,    0.50532044205850,
  404,     13.63854552710254,    3.51710677437538,    0.43501664848136,    1.53000000133985,    0.49990352248777,
  405,     13.65892921677381,    3.52450880561160,    0.43410304422144,    1.53000000190126,    0.49724693328613,
  406,     13.67931742201748,    3.53189932543590,    0.43319467977672,    1.52999999728583,    0.49458890113650,
  407,     13.72096902561976,    3.54694482964913,    0.43135714508959,    1.52999999550773,    0.48916052786158,
  408,     13.77050905436321,    3.56471651478248,    0.42920664210023,    1.53000000534902,    0.48271882091503,
  409,     13.81219213834730,    3.57953121140897,    0.42743027276302,    1.53000000205629,    0.47732433713467,
  410,     13.83260604836865,    3.58672963083193,    0.42657243640917,    1.52999999736492,    0.47469509068200,
  411,     13.85302202581887,    3.59388560254878,    0.42572306611087,    1.52999999796878,    0.47207611526919,
  412,     13.89472202795764,    3.60834826702903,    0.42401671964056,    1.52999999550635,    0.46676707165968,
  413,     13.94430322882337,    3.62522618880290,    0.42204263265784,    1.53000000470253,    0.46054445366374,
  414,     13.98600516155233,    3.63909929440023,    0.42043370588482,    1.53000000242753,    0.45540792632294,
  415,     14.00642242610146,    3.64576716916218,    0.41966475281573,    1.52999997787016,    0.45293214886527,
  416,     14.02683757436030,    3.65234375854605,    0.41890909126403,    1.53000000487636,    0.45048584762530,
  417,     14.06852181606493,    3.66546121615051,    0.41740995543402,    1.53000000287851,    0.44559332802517,
  418,     14.11805700616702,    3.68043251013326,    0.41571200921618,    1.52999999357206,    0.43998795687363,
  419,     14.15969439610966,    3.69241898933782,    0.41436250983915,    1.52999999979975,    0.43548364572058,
  420,     14.18007057966025,    3.69806216156038,    0.41373017896231,    1.52999991991611,    0.43335794853254,
  421,     14.20043797660106,    3.70354474737425,    0.41311773878298,    1.53000003151684,    0.43128970953949,
  422,     14.24200254898486,    3.71420426736080,    0.41193211864411,    1.53000003293093,    0.42725959300810,
  423,     14.29135333473677,    3.72584765815489,    0.41064479596596,    1.52999995138327,    0.42284437778023,
  424,     14.33279669563199,    3.73468602844155,    0.40967298729866,    1.52999998189422,    0.41948354295411,
  425,     14.35306393635236,    3.73867207131878,    0.40923617745354,    1.52999986721879,    0.41796522066636,
  426,     14.37331278090111,    3.74242342890734,    0.40882602121652,    1.53000008014768,    0.41653493308175,
  427,     14.41460407144648,    3.74932900059834,    0.40807304213381,    1.53000009123469,    0.41389796545276,
  428,     14.46357285730721,    3.75617499480336,    0.40732923289866,    1.52999987926637,    0.41127917200519,
  429,     14.50464491582751,    3.76077056363458,    0.40683149679272,    1.52999991749745,    0.40951839757197,
  430,     14.52471339790682,    3.76263916072824,    0.40662961978334,    1.53000053130885,    0.40880207532541,
  431,     14.54475234151328,    3.76426455446749,    0.40645387357697,    1.52999990933178,    0.40817821600914,
  432,     14.58558090089833,    3.76687206404525,    0.40617253461820,    1.52999997383577,    0.40717763067555,
  433,     14.63394281576717,    3.76886779397609,    0.40595750422821,    1.53000016340859,    0.40641088718304,
  434,     14.67446147475105,    3.76980530533638,    0.40585650713077,    1.53000001378687,    0.40605063504614,
  435,     14.69424658522381,    3.77008013389223,    0.40582691490241,    1.52999998967234,    0.40594503054474,
  436,     14.71399513307053,    3.77026515866864,    0.40580696303588,    1.52999985387930,    0.40587415147049,
  437,     14.75421282210446,    3.77044864681235,    0.40578718820222,    1.52999975465087,    0.40580324528045,
  438,     14.80182729954231,    3.77050224939300,    0.40578149872962,    1.53000005372208,    0.40578299176508,
  439,     14.84170903925835,    3.77050835439507,    0.40578094402002,    1.53000043948180,    0.40578092820738,
  440,     14.86118180007503,    3.77050642914020,    0.40578143348651,    1.53000150378660,    0.40578143985360,
  441,     14.88061858275015,    3.77050605816927,    0.40578087862306,    1.52999926113748,    0.40578087985745,
  442,     14.92020333875180,    3.77050786320432,    0.40578092311954,    1.53000016136055,    0.40578092244061,
  443,     14.96707510100846,    3.77050691512550,    0.40578096962373,    1.52999995199260,    0.40578097000624,
  444,     15.00634232168800,    3.77050736764746,    0.40578079759176,    1.52999948696961,    0.40578079743910,
  445,     15.02551797390176,    3.77050689858883,    0.40578088371841,    1.52999962137572,    0.40578088371841,
  446,     15.04466028338563,    3.77050649398942,    0.40578100593301,    1.52999991800796,    0.40578100593301,
  447,     15.08365237502893,    3.77050839914825,    0.40578102831623,    1.53000077548135,    0.40578102831623,
  448,     15.12983620317451,    3.77050636745123,    0.40578092959039,    1.52999957881086,    0.40578092959039,
  449,     15.16854027219003,    3.77050817699193,    0.40578092940777,    1.53000031239940,    0.40578092940777,
  450,     15.18744577978979,    3.77050777656388,    0.40578087990919,    1.52999996327853,    0.40578087990919,
  451,     15.20632186305820,    3.77050687679093,    0.40578097487710,    1.52999995624504,    0.40578097487710,
  452,     15.24478316343280,    3.77050698839297,    0.40578087888782,    1.52999963960277,    0.40578087888782,
  453,     15.29036037399048,    3.77050693127672,    0.40578094223174,    1.52999985526477,    0.40578094223174,
  454,     15.32857675391388,    3.77050839260834,    0.40578108384142,    1.53000098218578,    0.40578108384142,
  455,     15.34725157938810,    3.77050758558644,    0.40578093560783,    1.53000009579569,    0.40578093560783,
  456,     15.36590261599557,    3.77050655211260,    0.40578093320892,    1.52999966738661,    0.40578093320892,
  457,     15.40392277196709,    3.77050750546127,    0.40578091349355,    1.52999997990037,    0.40578091349355,
  458,     15.44901006325475,    3.77050711405276,    0.40578097555010,    1.53000005505893,    0.40578097555010,
  459,     15.48684579696499,    3.77050755763265,    0.40578088725494,    1.52999990213763,    0.40578088725494,
  460,     15.50534536134603,    3.77050691611523,    0.40578075035265,    1.52999912563109,    0.40578075035265,
  461,     15.52382874004502,    3.77050601193170,    0.40578095472714,    1.52999952932606,    0.40578095472714,
  462,     15.56153099948274,    3.77050835577026,    0.40578098491940,    1.53000059425127,    0.40578098491940,
  463,     15.60628501339536,    3.77050676164212,    0.40578101116510,    1.53000004634399,    0.40578101116510,
  464,     15.64387940670850,    3.77050763177421,    0.40578091063040,    1.53000002036021,    0.40578091063040,
  465,     15.66227402434453,    3.77050737932298,    0.40578056536612,    1.52999861609881,    0.40578056536612,
  466,     15.68066117711733,    3.77050722296618,    0.40578106423103,    1.53000043362601,    0.40578106423103,
  467,     15.71819375270239,    3.77050705809262,    0.40578094532016,    1.52999991836916,    0.40578094532016,
  468,     15.76279143235460,    3.77050703404300,    0.40578081419986,    1.52999941422025,    0.40578081419986,
  469,     15.80028969677877,    3.77050751615842,    0.40578115278751,    1.53000088650074,    0.40578115278751,
  470,     15.81864787447632,    3.77050766361080,    0.40578092917373,    1.53000010319666,    0.40578092917373,
  471,     15.83700489127243,    3.77050765058824,    0.40578094285809,    1.53000014950935,    0.40578094285809,
  472,     15.87449293802948,    3.77050695356033,    0.40578091207588,    1.52999975060415,    0.40578091207588,
  473,     15.91906084248194,    3.77050749410860,    0.40578099016848,    1.53000026439708,    0.40578099016848,
  474,     15.95654711579757,    3.77050716676683,    0.40578095436163,    1.52999999655800,    0.40578095436163,
  475,     15.97490217721123,    3.77050684461431,    0.40578066441729,    1.52999877259754,    0.40578066441729,
  476,     15.99325723721606,    3.77050661936632,    0.40578084948987,    1.52999937901366,    0.40578084948987,
  477,     16.03074347081624,    3.77050768023279,    0.40578104309179,    1.53000053947046,    0.40578104309179,
  478,     16.07531088576349,    3.77050741332674,    0.40578096611580,    1.53000014092650,    0.40578096611580,
  479,     16.11279712487503,    3.77050711271590,    0.40578088504849,    1.52999971327948,    0.40578088504849,
  480,     16.13115217734455,    3.77050722554645,    0.40578100853120,    1.53000022465641,    0.40578100853120,
  481,     16.14950722864435,    3.77050725227424,    0.40578098595366,    1.53000015037326,    0.40578098595366,
  482,     16.18699346303882,    3.77050728168600,    0.40578090812630,    1.52999986885937,    0.40578090812630,
  483,     16.23156089365689,    3.77050690247203,    0.40578090181079,    1.52999969116890,    0.40578090181079,
  484,     16.26904712853187,    3.77050743353447,    0.40578098773785,    1.53000023065252,    0.40578098773785,
  485,     16.28740217933660,    3.77050771602186,    0.40578097292568,    1.53000028943114,    0.40578097292568,
  486,     16.30575722973555,    3.77050770893451,    0.40578101152630,    1.53000043209916,    0.40578101152630,
  487,     16.34324346207031,    3.77050699221042,    0.40578092486666,    1.52999981451536,    0.40578092486666,
  488,     16.38781089075672,    3.77050728570823,    0.40578092447281,    1.52999993212616,    0.40578092447281,
  489,     16.42529712399094,    3.77050737159570,    0.40578098421329,    1.53000019222957,    0.40578098421329,
  490,     16.44365217637877,    3.77050714628236,    0.40578093268180,    1.52999990650184,    0.40578093268180,
  491,     16.46200723029797,    3.77050700854211,    0.40578089731918,    1.52999971727448,    0.40578089731918,
  492,     16.49949346808951,    3.77050732841789,    0.40578094984476,    1.53000004512202,    0.40578094984476,
  493,     16.54406088921483,    3.77050736578262,    0.40578097557240,    1.53000015729018,    0.40578097557240,
  494,     16.58154712401058,    3.77050718668165,    0.40578092279947,    1.52999988563370,    0.40578092279947,
  495,     16.59990217753469,    3.77050719837683,    0.40578093807125,    1.52999994796177,    0.40578093807125,
  496,     16.61825723076251,    3.77050724659183,    0.40578094337704,    1.52999998753201,    0.40578094337704,
  497,     16.65574346549780,    3.77050727090546,    0.40578094813168,    1.53000001532542,    0.40578094813168,
  498,     16.70031088991376,    3.77050725522498,    0.40578094413856,    1.52999999390649,    0.40578094413856,
  499,     16.73779712490550,    3.77050726007940,    0.40578094599907,    1.53000000289139,    0.40578094599907,
  500,     16.75615217771027,    3.77050726039692,    0.40578094516120,    1.52999999986101,    0.40578094516120,
  501,     16.77450723052027,    3.77050725883643,    0.40578094533765,    1.52999999989313,    0.40578094533765,
  502,     16.81199346548555,    3.77050725886817,    0.40578094527888,    1.52999999968439,    0.40578094527888,
  503,     16.85656088993431,    3.77050725912869,    0.40578094538942,    1.53000000020693,    0.40578094538942,
  504,     16.89404712489110,    3.77050725896762,    0.40578094530912,    1.52999999983879,    0.40578094530912,
  505,     16.91240217770956,    3.77050725901187,    0.40578094536833,    1.53000000007998,    0.40578094536833,
  506,     16.93075723052751,    3.77050725905740,    0.40578094534785,    1.53000000002125,    0.40578094534785,
  507,     16.96824346548425,    3.77050725902857,    0.40578094534552,    1.53000000000077,    0.40578094534552,
  508,     17.01281088993443,    3.77050725902976,    0.40578094534445,    1.52999999999719,    0.40578094534445,
  509,     17.05029712489133,    3.77050725903276,    0.40578094534602,    1.53000000000433,    0.40578094534602,
  510,     17.06865217770934,    3.77050725903021,    0.40578094534350,    1.52999999999383,    0.40578094534350,
  511,     17.08700723052737,    3.77050725903140,    0.40578094534492,    1.52999999999964,    0.40578094534492,
  512,     17.12449346548430,    3.77050725902973,    0.40578094534508,    1.52999999999956,    0.40578094534508,
  513,     17.16906088993440,    3.77050725903289,    0.40578094534508,    1.53000000000086,    0.40578094534508,
  514,     17.20654712489133,    3.77050725902984,    0.40578094534494,    1.52999999999908,    0.40578094534494,
  515,     17.22490217770936,    3.77050725903444,    0.40578094534478,    1.53000000000036,    0.40578094534478,
  516,     17.24325723052736,    3.77050725902942,    0.40578094534509,    1.52999999999947,    0.40578094534509,
  517,     17.28074346548431,    3.77050725903174,    0.40578094534486,    1.52999999999957,    0.40578094534486,
  518,     17.32531088993442,    3.77050725903184,    0.40578094534517,    1.53000000000077,    0.40578094534517,
  519,     17.36279712489135,    3.77050725902940,    0.40578094534509,    1.52999999999946,    0.40578094534509,
  520,     17.38115217770937,    3.77050725902875,    0.40578094534439,    1.52999999999657,    0.40578094534439,
  521,     17.39950723052738,    3.77050725903211,    0.40578094534558,    1.53000000000242,    0.40578094534558,
  522,     17.43699346548428,    3.77050725903166,    0.40578094534505,    1.53000000000025,    0.40578094534505,
  523,     17.48156088993441,    3.77050725903152,    0.40578094534470,    1.52999999999888,    0.40578094534470,
  524,     17.51904712489135,    3.77050725903204,    0.40578094534524,    1.53000000000110,    0.40578094534524,
  525,     17.53740217770937,    3.77050725902849,    0.40578094534542,    1.53000000000036,    0.40578094534542,
  526,     17.55575723052734,    3.77050725903115,    0.40578094534525,    1.53000000000079,    0.40578094534525,
  527,     17.59324346548430,    3.77050725902976,    0.40578094534474,    1.52999999999830,    0.40578094534474,
  528,     17.63781088993441,    3.77050725903331,    0.40578094534509,    1.53000000000105,    0.40578094534509,
  529,     17.67529712489134,    3.77050725902966,    0.40578094534525,    1.53000000000020,    0.40578094534525,
  530,     17.69365217770934,    3.77050725903350,    0.40578094534461,    1.52999999999932,    0.40578094534461,
  531,     17.71200723052738,    3.77050725903063,    0.40578094534485,    1.52999999999907,    0.40578094534485,
  532,     17.74949346548431,    3.77050725903099,    0.40578094534513,    1.53000000000026,    0.40578094534513,
  533,     17.79406088993441,    3.77050725903039,    0.40578094534499,    1.52999999999950,    0.40578094534499,
  534,     17.83154712489136,    3.77050725903391,    0.40578094534477,    1.53000000000008,    0.40578094534477,
  535,     17.84990217770939,    3.77050725903039,    0.40578094534528,    1.53000000000061,    0.40578094534528,
  536,     17.86825723052735,    3.77050725903077,    0.40578094534563,    1.53000000000208,    0.40578094534563,
  537,     17.90574346548429,    3.77050725903086,    0.40578094534468,    1.52999999999853,    0.40578094534468,
  538,     17.95031088993441,    3.77050725903103,    0.40578094534527,    1.53000000000080,    0.40578094534527,
  539,     17.98779712489132,    3.77050725902877,    0.40578094534514,    1.52999999999942,    0.40578094534514,
  540,     18.00615217770935,    3.77050725903462,    0.40578094534423,    1.52999999999836,    0.40578094534423,
  541,     18.02450723052736,    3.77050725903380,    0.40578094534500,    1.53000000000091,    0.40578094534500,
  542,     18.06199346548430,    3.77050725903029,    0.40578094534508,    1.52999999999981,    0.40578094534508,
  543,     18.10656088993440,    3.77050725903218,    0.40578094534487,    1.52999999999978,    0.40578094534487,
  544,     18.14404712489135,    3.77050725903119,    0.40578094534504,    1.53000000000002,    0.40578094534504,
  545,     18.16240217770935,    3.77050725902400,    0.40578094534576,    1.52999999999983,    0.40578094534576,
  546,     18.18075723052734,    3.77050725903182,    0.40578094534507,    1.53000000000039,    0.40578094534507,
  547,     18.21824346548431,    3.77050725903164,    0.40578094534481,    1.52999999999931,    0.40578094534481,
  548,     18.26281088993441,    3.77050725903121,    0.40578094534520,    1.53000000000063,    0.40578094534520,
  549,     18.30029712489134,    3.77050725903262,    0.40578094534485,    1.52999999999986,    0.40578094534485,
  550,     18.31865217770937,    3.77050725903035,    0.40578094534525,    1.53000000000045,    0.40578094534525,
  551,     18.33700723052736,    3.77050725903091,    0.40578094534528,    1.53000000000081,    0.40578094534528,
  552,     18.37449346548429,    3.77050725903037,    0.40578094534502,    1.52999999999961,    0.40578094534502,
  553,     18.41906088993440,    3.77050725903119,    0.40578094534487,    1.52999999999936,    0.40578094534487,
  554,     18.45654712489137,    3.77050725903185,    0.40578094534467,    1.52999999999887,    0.40578094534467,
  555,     18.47490217770938,    3.77050725902595,    0.40578094534548,    1.52999999999954,    0.40578094534548,
  556,     18.49325723052737,    3.77050725903232,    0.40578094534511,    1.53000000000075,    0.40578094534511,
  557,     18.53074346548431,    3.77050725903088,    0.40578094534515,    1.53000000000032,    0.40578094534515,
  558,     18.57531088993439,    3.77050725903099,    0.40578094534521,    1.53000000000057,    0.40578094534521,
  559,     18.61279712489133,    3.77050725903153,    0.40578094534475,    1.52999999999904,    0.40578094534475,
  560,     18.63115217770935,    3.77050725903654,    0.40578094534548,    1.53000000000384,    0.40578094534548,
  561,     18.64950723052734,    3.77050725902948,    0.40578094534511,    1.52999999999959,    0.40578094534511,
  562,     18.68699346548430,    3.77050725903169,    0.40578094534468,    1.52999999999887,    0.40578094534468,
  563,     18.73156088993441,    3.77050725903107,    0.40578094534524,    1.53000000000071,    0.40578094534524,
  564,     18.76904712489133,    3.77050725903060,    0.40578094534510,    1.53000000000000,    0.40578094534510,
  565,     18.78740217770935,    3.77050725903233,    0.40578094534538,    1.53000000000175,    0.40578094534538,
  566,     18.80575723052734,    3.77050725903161,    0.40578094534511,    1.53000000000046,    0.40578094534511,
  567,     18.84324346548429,    3.77050725903031,    0.40578094534498,    1.52999999999943,    0.40578094534498,
  568,     18.88781088993439,    3.77050725903154,    0.40578094534500,    1.52999999999998,    0.40578094534500,
  569,     18.92529712489135,    3.77050725903061,    0.40578094534491,    1.52999999999927,    0.40578094534491,
  570,     18.94365217770935,    3.77050725902760,    0.40578094534551,    1.53000000000033,    0.40578094534551,
  571,     18.96200723052736,    3.77050725903263,    0.40578094534486,    1.52999999999992,    0.40578094534486,
  572,     18.99949346548431,    3.77050725903208,    0.40578094534509,    1.53000000000056,    0.40578094534509,
  573,     19.04406088993439,    3.77050725903195,    0.40578094534511,    1.53000000000059,    0.40578094534511,
  574,     19.08154712489134,    3.77050725902920,    0.40578094534480,    1.52999999999829,    0.40578094534480,
  575,     19.09990217770935,    3.77050725903096,    0.40578094534486,    1.52999999999924,    0.40578094534486,
  576,     19.11825723052736,    3.77050725903154,    0.40578094534533,    1.53000000000126,    0.40578094534533,
  577,     19.15574346548429,    3.77050725903210,    0.40578094534493,    1.52999999999995,    0.40578094534493,
  578,     19.20031088993442,    3.77050725902917,    0.40578094534492,    1.52999999999873,    0.40578094534492,
  579,     19.23779712489134,    3.77050725903397,    0.40578094534534,    1.53000000000229,    0.40578094534534,
  580,     19.25615217770935,    3.77050725902401,    0.40578094534453,    1.52999999999519,    0.40578094534453,
  581,     19.27450723052737,    3.77050725903246,    0.40578094534495,    1.53000000000020,    0.40578094534495,
  582,     19.31199346548432,    3.77050725903150,    0.40578094534492,    1.52999999999970,    0.40578094534492,
  583,     19.35656088993442,    3.77050725903059,    0.40578094534520,    1.53000000000035,    0.40578094534520,
  584,     19.39404712489133,    3.77050725903269,    0.40578094534527,    1.53000000000149,    0.40578094534527,
  585,     19.41240217770935,    3.77050725902896,    0.40578094534419,    1.52999999999589,    0.40578094534419,
  586,     19.43075723052738,    3.77050725903156,    0.40578094534491,    1.52999999999965,    0.40578094534491,
  587,     19.46824346548431,    3.77050725903098,    0.40578094534503,    1.52999999999990,    0.40578094534503,
  588,     19.51281088993442,    3.77050725903141,    0.40578094534493,    1.52999999999970,    0.40578094534493,
  589,     19.55029712489136,    3.77050725903064,    0.40578094534531,    1.53000000000081,    0.40578094534531,
  590,     19.56865217770936,    3.77050725903177,    0.40578094534498,    1.53000000000001,    0.40578094534498,
  591,     19.58700723052737,    3.77050725903008,    0.40578094534509,    1.52999999999975,    0.40578094534509,
  592,     19.62449346548430,    3.77050725903171,    0.40578094534511,    1.53000000000047,    0.40578094534511,
  593,     19.66906088993441,    3.77050725903201,    0.40578094534492,    1.52999999999988,    0.40578094534492,
  594,     19.70654712489135,    3.77050725903102,    0.40578094534503,    1.52999999999992,    0.40578094534503,
  595,     19.72490217770936,    3.77050725903372,    0.40578094534552,    1.53000000000283,    0.40578094534552,
  596,     19.74325723052736,    3.77050725902967,    0.40578094534479,    1.52999999999844,    0.40578094534479,
  597,     19.78074346548432,    3.77050725903087,    0.40578094534508,    1.53000000000004,    0.40578094534508,
  598,     19.82531088993440,    3.77050725903144,    0.40578094534508,    1.53000000000028,    0.40578094534508,
  599,     19.86279712489135,    3.77050725903214,    0.40578094534507,    1.53000000000050,    0.40578094534507,
  600,     19.88115217770933,    3.77050725903077,    0.40578094534531,    1.53000000000085,    0.40578094534531,
  601,     19.89950723052735,    3.77050725902863,    0.40578094534511,    1.52999999999925,    0.40578094534511,
  602,     19.93699346548429,    3.77050725903337,    0.40578094534489,    1.53000000000034,    0.40578094534489,
  603,     19.98156088993441,    3.77050725902985,    0.40578094534509,    1.52999999999965,    0.40578094534509,
  604,     20.01904712489133,    3.77050725903212,    0.40578094534506,    1.53000000000046,    0.40578094534506,
  605,     20.03740217770937,    3.77050725903270,    0.40578094534522,    1.53000000000129,    0.40578094534522,
  606,     20.05575723052734,    3.77050725902954,    0.40578094534514,    1.52999999999974,    0.40578094534514,
  607,     20.09324346548430,    3.77050725903266,    0.40578094534494,    1.53000000000025,    0.40578094534494,
  608,     20.13781088993439,    3.77050725903075,    0.40578094534496,    1.52999999999953,    0.40578094534496,
  609,     20.17529712489135,    3.77050725903212,    0.40578094534495,    1.53000000000005,    0.40578094534495,
  610,     20.19365217770934,    3.77050725902951,    0.40578094534570,    1.53000000000180,    0.40578094534570,
  611,     20.21200723052736,    3.77050725902976,    0.40578094534486,    1.52999999999875,    0.40578094534486,
  612,     20.24949346548431,    3.77050725903199,    0.40578094534510,    1.53000000000055,    0.40578094534510,
  613,     20.29406088993439,    3.77050725903064,    0.40578094534516,    1.53000000000026,    0.40578094534516,
  614,     20.33154712489133,    3.77050725903122,    0.40578094534513,    1.53000000000037,    0.40578094534513,
  615,     20.34990217770934,    3.77050725902751,    0.40578094534490,    1.52999999999798,    0.40578094534490,
  616,     20.36825723052737,    3.77050725903107,    0.40578094534472,    1.52999999999877,    0.40578094534472,
  617,     20.40574346548431,    3.77050725903295,    0.40578094534526,    1.53000000000156,    0.40578094534526,
  618,     20.45031088993440,    3.77050725902929,    0.40578094534485,    1.52999999999853,    0.40578094534485,
  619,     20.48779712489137,    3.77050725903460,    0.40578094534484,    1.53000000000065,    0.40578094534484,
  620,     20.50615217770937,    3.77050725902634,    0.40578094534563,    1.53000000000027,    0.40578094534563,
  621,     20.52450723052737,    3.77050725903154,    0.40578094534507,    1.53000000000029,    0.40578094534507,
  622,     20.56199346548432,    3.77050725903096,    0.40578094534484,    1.52999999999917,    0.40578094534484,
  623,     20.60656088993442,    3.77050725903152,    0.40578094534523,    1.53000000000086,    0.40578094534523,
  624,     20.64404712489134,    3.77050725903104,    0.40578094534492,    1.52999999999950,    0.40578094534492,
  625,     20.66240217770938,    3.77050725903111,    0.40578094534496,    1.52999999999967,    0.40578094534496,
  626,     20.68075723052737,    3.77050725903179,    0.40578094534516,    1.53000000000072,    0.40578094534516,
  627,     20.71824346548431,    3.77050725903082,    0.40578094534512,    1.53000000000017,    0.40578094534512,
  628,     20.76281088993441,    3.77050725903078,    0.40578094534489,    1.52999999999929,    0.40578094534489,
  629,     20.80029712489137,    3.77050725902983,    0.40578094534520,    1.53000000000006,    0.40578094534520,
  630,     20.81865217770934,    3.77050725903560,    0.40578094534555,    1.53000000000372,    0.40578094534555,
  631,     20.83700723052737,    3.77050725903098,    0.40578094534467,    1.52999999999853,    0.40578094534467,
  632,     20.87449346548432,    3.77050725903222,    0.40578094534500,    1.53000000000030,    0.40578094534500,
  633,     20.91906088993442,    3.77050725903110,    0.40578094534509,    1.53000000000018,    0.40578094534509,
  634,     20.95654712489136,    3.77050725902817,    0.40578094534509,    1.52999999999898,    0.40578094534509,
  635,     20.97490217770937,    3.77050725903575,    0.40578094534525,    1.53000000000266,    0.40578094534525,
  636,     20.99325723052736,    3.77050725903198,    0.40578094534531,    1.53000000000136,    0.40578094534531,
  637,     21.03074346548430,    3.77050725903169,    0.40578094534492,    1.52999999999977,    0.40578094534492,
  638,     21.07531088993442,    3.77050725903087,    0.40578094534487,    1.52999999999924,    0.40578094534487,
  639,     21.11279712489135,    3.77050725903097,    0.40578094534550,    1.53000000000166,    0.40578094534550,
  640,     21.13115217770932,    3.77050725903453,    0.40578094534516,    1.53000000000182,    0.40578094534516,
  641,     21.14950723052736,    3.77050725903013,    0.40578094534465,    1.52999999999812,    0.40578094534465,
  642,     21.18699346548432,    3.77050725903199,    0.40578094534483,    1.52999999999954,    0.40578094534483,
  643,     21.23156088993443,    3.77050725903011,    0.40578094534520,    1.53000000000019,    0.40578094534520,
  644,     21.26904712489134,    3.77050725903059,    0.40578094534519,    1.53000000000033,    0.40578094534519,
  645,     21.28740217770936,    3.77050725903233,    0.40578094534436,    1.52999999999792,    0.40578094534436,
  646,     21.30575723052738,    3.77050725902966,    0.40578094534501,    1.52999999999928,    0.40578094534501,
  647,     21.34324346548432,    3.77050725903274,    0.40578094534497,    1.53000000000038,    0.40578094534497,
  648,     21.38781088993443,    3.77050725903198,    0.40578094534503,    1.53000000000028,    0.40578094534503,
  649,     21.42529712489134,    3.77050725902981,    0.40578094534552,    1.53000000000127,    0.40578094534552,
  650,     21.44365217770933,    3.77050725903431,    0.40578094534450,    1.52999999999924,    0.40578094534450,
  651,     21.46200723052737,    3.77050725902938,    0.40578094534475,    1.52999999999820,    0.40578094534475,
  652,     21.49949346548431,    3.77050725903216,    0.40578094534514,    1.53000000000079,    0.40578094534514,
  653,     21.54406088993442,    3.77050725903050,    0.40578094534488,    1.52999999999912,    0.40578094534488,
  654,     21.58154712489137,    3.77050725903162,    0.40578094534526,    1.53000000000100,    0.40578094534526,
  655,     21.59990217770935,    3.77050725903274,    0.40578094534553,    1.53000000000249,    0.40578094534553,
  656,     21.61825723052736,    3.77050725903104,    0.40578094534496,    1.52999999999965,    0.40578094534496,
  657,     21.65574346548432,    3.77050725903062,    0.40578094534476,    1.52999999999873,    0.40578094534476,
  658,     21.70031088993443,    3.77050725903133,    0.40578094534525,    1.53000000000086,    0.40578094534525,
  659,     21.73779712489135,    3.77050725903117,    0.40578094534520,    1.53000000000061,    0.40578094534520,
  660,     21.75615217770936,    3.77050725902926,    0.40578094534495,    1.52999999999888,    0.40578094534495,
  661,     21.77450723052737,    3.77050725903126,    0.40578094534487,    1.52999999999941,    0.40578094534487,
  662,     21.81199346548432,    3.77050725903199,    0.40578094534491,    1.52999999999983,    0.40578094534491,
  663,     21.85656088993441,    3.77050725902959,    0.40578094534530,    1.53000000000035,    0.40578094534530,
  664,     21.89404712489133,    3.77050725903448,    0.40578094534499,    1.53000000000115,    0.40578094534499,
  665,     21.91240217770935,    3.77050725903168,    0.40578094534507,    1.53000000000032,    0.40578094534507,
  666,     21.93075723052735,    3.77050725902969,    0.40578094534475,    1.52999999999832,    0.40578094534475,
  667,     21.96824346548432,    3.77050725903124,    0.40578094534494,    1.52999999999965,    0.40578094534494,
  668,     22.01281088993441,    3.77050725903139,    0.40578094534514,    1.53000000000049,    0.40578094534514,
  669,     22.05029712489135,    3.77050725903295,    0.40578094534535,    1.53000000000188,    0.40578094534535,
  670,     22.06865217770932,    3.77050725902705,    0.40578094534493,    1.52999999999792,    0.40578094534493,
  671,     22.08700723052737,    3.77050725903050,    0.40578094534463,    1.52999999999820,    0.40578094534463,
  672,     22.12449346548430,    3.77050725903183,    0.40578094534536,    1.53000000000147,    0.40578094534536,
  673,     22.16906088993440,    3.77050725903109,    0.40578094534473,    1.52999999999879,    0.40578094534473,
  674,     22.20654712489136,    3.77050725903115,    0.40578094534526,    1.53000000000082,    0.40578094534526,
  675,     22.22490217770933,    3.77050725903378,    0.40578094534604,    1.53000000000484,    0.40578094534604,
  676,     22.24325723052734,    3.77050725902912,    0.40578094534469,    1.52999999999783,    0.40578094534469,
  677,     22.28074346548431,    3.77050725903233,    0.40578094534483,    1.52999999999967,    0.40578094534483,
  678,     22.32531088993440,    3.77050725903004,    0.40578094534539,    1.53000000000088,    0.40578094534539,
  679,     22.36279712489133,    3.77050725903347,    0.40578094534471,    1.52999999999971,    0.40578094534471,
  680,     22.38115217770938,    3.77050725902862,    0.40578094534487,    1.52999999999833,    0.40578094534487,
  681,     22.39950723052737,    3.77050725903002,    0.40578094534531,    1.53000000000054,    0.40578094534531,
  682,     22.43699346548430,    3.77050725903082,    0.40578094534496,    1.52999999999955,    0.40578094534496,
  683,     22.48156088993440,    3.77050725903179,    0.40578094534502,    1.53000000000017,    0.40578094534502,
  684,     22.51904712489133,    3.77050725903134,    0.40578094534527,    1.53000000000094,    0.40578094534527,
  685,     22.53740217770932,    3.77050725903425,    0.40578094534506,    1.53000000000132,    0.40578094534506,
  686,     22.55575723052735,    3.77050725902963,    0.40578094534488,    1.52999999999876,    0.40578094534488,
  687,     22.59324346548429,    3.77050725903145,    0.40578094534502,    1.53000000000004,    0.40578094534502,
  688,     22.63781088993441,    3.77050725903085,    0.40578094534479,    1.52999999999893,    0.40578094534479,
  689,     22.67529712489135,    3.77050725903158,    0.40578094534532,    1.53000000000123,    0.40578094534532,
  690,     22.69365217770934,    3.77050725903474,    0.40578094534503,    1.53000000000140,    0.40578094534503,
  691,     22.71200723052737,    3.77050725903024,    0.40578094534494,    1.52999999999923,    0.40578094534494,
  692,     22.74949346548430,    3.77050725903142,    0.40578094534516,    1.53000000000054,    0.40578094534516,
  693,     22.79406088993441,    3.77050725903025,    0.40578094534489,    1.52999999999906,    0.40578094534489,
  694,     22.83154712489135,    3.77050725903068,    0.40578094534511,    1.53000000000008,    0.40578094534511,
  695,     22.84990217770935,    3.77050725903707,    0.40578094534479,    1.53000000000144,    0.40578094534479,
  696,     22.86825723052737,    3.77050725903127,    0.40578094534496,    1.52999999999974,    0.40578094534496,
  697,     22.90574346548431,    3.77050725903058,    0.40578094534505,    1.52999999999981,    0.40578094534505,
  698,     22.95031088993441,    3.77050725903239,    0.40578094534504,    1.53000000000050,    0.40578094534504,
  699,     22.98779712489134,    3.77050725903019,    0.40578094534509,    1.52999999999980,    0.40578094534509,
  700,     23.00615217770935,    3.77050725902378,    0.40578094534486,    1.52999999999633,    0.40578094534486,
  701,     23.02450723052737,    3.77050725903314,    0.40578094534498,    1.53000000000057,    0.40578094534498,
  702,     23.06199346548431,    3.77050725903027,    0.40578094534505,    1.52999999999967,    0.40578094534505,
  703,     23.10656088993442,    3.77050725903181,    0.40578094534488,    1.52999999999966,    0.40578094534488,
  704,     23.14404712489136,    3.77050725903007,    0.40578094534517,    1.53000000000005,    0.40578094534517,
  705,     23.16240217770935,    3.77050725903260,    0.40578094534593,    1.53000000000393,    0.40578094534593,
  706,     23.18075723052734,    3.77050725903114,    0.40578094534479,    1.52999999999906,    0.40578094534479,
  707,     23.21824346548432,    3.77050725903147,    0.40578094534488,    1.52999999999952,    0.40578094534488,
  708,     23.26281088993441,    3.77050725903136,    0.40578094534522,    1.53000000000074,    0.40578094534522,
  709,     23.30029712489135,    3.77050725903152,    0.40578094534507,    1.53000000000028,    0.40578094534507,
  710,     23.31865217770934,    3.77050725903325,    0.40578094534500,    1.53000000000069,    0.40578094534500,
  711,     23.33700723052737,    3.77050725902988,    0.40578094534495,    1.52999999999916,    0.40578094534495,
  712,     23.37449346548430,    3.77050725903095,    0.40578094534490,    1.52999999999939,    0.40578094534490,
  713,     23.41906088993441,    3.77050725903203,    0.40578094534515,    1.53000000000077,    0.40578094534515,
  714,     23.45654712489132,    3.77050725903113,    0.40578094534547,    1.53000000000162,    0.40578094534547,
  715,     23.47490217770932,    3.77050725903645,    0.40578094534442,    1.52999999999982,    0.40578094534442,
  716,     23.49325723052735,    3.77050725902912,    0.40578094534484,    1.52999999999840,    0.40578094534484,
  717,     23.53074346548430,    3.77050725903089,    0.40578094534496,    1.52999999999960,    0.40578094534496,
  718,     23.57531088993441,    3.77050725903001,    0.40578094534505,    1.52999999999958,    0.40578094534505,
  719,     23.61279712489134,    3.77050725903261,    0.40578094534509,    1.53000000000076,    0.40578094534509,
  720,     23.63115217770936,    3.77050725902642,    0.40578094534514,    1.52999999999844,    0.40578094534514,
  721,     23.64950723052736,    3.77050725903359,    0.40578094534502,    1.53000000000090,    0.40578094534502,
  722,     23.68699346548431,    3.77050725903150,    0.40578094534497,    1.52999999999987,    0.40578094534497,
  723,     23.73156088993441,    3.77050725903160,    0.40578094534502,    1.53000000000008,    0.40578094534502,
  724,     23.76904712489135,    3.77050725902878,    0.40578094534530,    1.53000000000001,    0.40578094534530,
  725,     23.78740217770933,    3.77050725903274,    0.40578094534476,    1.52999999999958,    0.40578094534476,
  726,     23.80575723052738,    3.77050725902999,    0.40578094534478,    1.52999999999856,    0.40578094534478,
  727,     23.84324346548432,    3.77050725903196,    0.40578094534518,    1.53000000000085,    0.40578094534518,
  728,     23.88781088993441,    3.77050725903189,    0.40578094534518,    1.53000000000084,    0.40578094534518,
  729,     23.92529712489133,    3.77050725903189,    0.40578094534515,    1.53000000000069,    0.40578094534515,
  730,     23.94365217770935,    3.77050725903037,    0.40578094534491,    1.52999999999918,    0.40578094534491,
  731,     23.96200723052735,    3.77050725903116,    0.40578094534469,    1.52999999999868,    0.40578094534469,
  732,     23.99949346548432,    3.77050725903060,    0.40578094534513,    1.53000000000010,    0.40578094534513,
  733,     24.04406088993439,    3.77050725903119,    0.40578094534514,    1.53000000000041,    0.40578094534514,
  734,     24.08154712489134,    3.77050725903103,    0.40578094534488,    1.52999999999935,    0.40578094534488,
  735,     24.09990217770934,    3.77050725903206,    0.40578094534530,    1.53000000000134,    0.40578094534530,
  736,     24.11825723052736,    3.77050725902999,    0.40578094534481,    1.52999999999866,    0.40578094534481,
  737,     24.15574346548431,    3.77050725903233,    0.40578094534491,    1.53000000000000,    0.40578094534491,
  738,     24.20031088993441,    3.77050725903029,    0.40578094534539,    1.53000000000096,    0.40578094534539,
  739,     24.23779712489131,    3.77050725903055,    0.40578094534522,    1.53000000000044,    0.40578094534522,
  740,     24.25615217770933,    3.77050725903686,    0.40578094534364,    1.52999999999703,    0.40578094534364,
  741,     24.27450723052738,    3.77050725903159,    0.40578094534486,    1.52999999999948,    0.40578094534486,
  742,     24.31199346548431,    3.77050725903053,    0.40578094534518,    1.53000000000027,    0.40578094534518,
  743,     24.35656088993441,    3.77050725903203,    0.40578094534507,    1.53000000000048,    0.40578094534507,
  744,     24.39404712489133,    3.77050725903092,    0.40578094534534,    1.53000000000105,    0.40578094534534,
  745,     24.41240217770934,    3.77050725902775,    0.40578094534479,    1.52999999999768,    0.40578094534479,
  746,     24.43075723052736,    3.77050725903127,    0.40578094534478,    1.52999999999908,    0.40578094534478,
  747,     24.46824346548432,    3.77050725903204,    0.40578094534489,    1.52999999999980,    0.40578094534489,
  748,     24.51281088993442,    3.77050725903073,    0.40578094534517,    1.53000000000030,    0.40578094534517,
  749,     24.55029712489135,    3.77050725903165,    0.40578094534488,    1.52999999999961,    0.40578094534488,
  750,     24.56865217770938,    3.77050725902723,    0.40578094534485,    1.52999999999768,    0.40578094534485,
  751,     24.58700723052738,    3.77050725903033,    0.40578094534518,    1.53000000000019,    0.40578094534518,
  752,     24.62449346548432,    3.77050725903185,    0.40578094534482,    1.52999999999943,    0.40578094534482,
  753,     24.66906088993443,    3.77050725903175,    0.40578094534523,    1.53000000000096,    0.40578094534523,
  754,     24.70654712489133,    3.77050725903271,    0.40578094534535,    1.53000000000178,    0.40578094534535,
  755,     24.72490217770935,    3.77050725902787,    0.40578094534477,    1.52999999999764,    0.40578094534477,
  756,     24.74325723052736,    3.77050725903018,    0.40578094534484,    1.52999999999887,    0.40578094534484,
  757,     24.78074346548431,    3.77050725903209,    0.40578094534508,    1.53000000000054,    0.40578094534508,
  758,     24.82531088993441,    3.77050725903000,    0.40578094534487,    1.52999999999890,    0.40578094534487,
  759,     24.86279712489136,    3.77050725903249,    0.40578094534531,    1.53000000000156,    0.40578094534531,
  760,     24.88115217770933,    3.77050725903322,    0.40578094534585,    1.53000000000390,    0.40578094534585,
  761,     24.89950723052734,    3.77050725903053,    0.40578094534467,    1.52999999999834,    0.40578094534467,
  762,     24.93699346548431,    3.77050725903115,    0.40578094534496,    1.52999999999969,    0.40578094534496,
  763,     24.98156088993441,    3.77050725903223,    0.40578094534512,    1.53000000000074,    0.40578094534512,
  764,     25.01904712489134,    3.77050725902816,    0.40578094534524,    1.52999999999952,    0.40578094534524,
  765,     25.03740217770933,    3.77050725903563,    0.40578094534526,    1.53000000000263,    0.40578094534526,
  766,     25.05575723052736,    3.77050725903163,    0.40578094534476,    1.52999999999913,    0.40578094534476,
  767,     25.09324346548430,    3.77050725903083,    0.40578094534509,    1.53000000000007,    0.40578094534509,
  768,     25.13781088993439,    3.77050725903058,    0.40578094534510,    1.52999999999998,    0.40578094534510,
  769,     25.17529712489133,    3.77050725903224,    0.40578094534501,    1.53000000000032,    0.40578094534501,
  770,     25.19365217770934,    3.77050725902709,    0.40578094534513,    1.52999999999870,    0.40578094534513,
  771,     25.21200723052735,    3.77050725903352,    0.40578094534497,    1.53000000000070,    0.40578094534497,
  772,     25.24949346548430,    3.77050725903053,    0.40578094534489,    1.52999999999917,    0.40578094534489,
  773,     25.29406088993441,    3.77050725903154,    0.40578094534502,    1.53000000000010,    0.40578094534502,
  774,     25.33154712489134,    3.77050725903114,    0.40578094534518,    1.53000000000052,    0.40578094534518,
  775,     25.34990217770935,    3.77050725902742,    0.40578094534469,    1.52999999999716,    0.40578094534469,
  776,     25.36825723052737,    3.77050725903282,    0.40578094534511,    1.53000000000095,    0.40578094534511,
  777,     25.40574346548430,    3.77050725903075,    0.40578094534512,    1.53000000000014,    0.40578094534512,
  778,     25.45031088993441,    3.77050725903045,    0.40578094534492,    1.52999999999927,    0.40578094534492,
  779,     25.48779712489135,    3.77050725903254,    0.40578094534523,    1.53000000000126,    0.40578094534523,
  780,     25.50615217770935,    3.77050725903201,    0.40578094534471,    1.52999999999909,    0.40578094534471,
  781,     25.52450723052737,    3.77050725903027,    0.40578094534497,    1.52999999999938,    0.40578094534497,
  782,     25.56199346548431,    3.77050725903109,    0.40578094534515,    1.53000000000039,    0.40578094534515,
  783,     25.60656088993442,    3.77050725903169,    0.40578094534475,    1.52999999999912,    0.40578094534475,
  784,     25.64404712489137,    3.77050725903238,    0.40578094534513,    1.53000000000085,    0.40578094534513,
  785,     25.66240217770936,    3.77050725902843,    0.40578094534573,    1.53000000000150,    0.40578094534573,
  786,     25.68075723052736,    3.77050725903163,    0.40578094534522,    1.53000000000089,    0.40578094534522,
  787,     25.71824346548431,    3.77050725903006,    0.40578094534485,    1.52999999999882,    0.40578094534485,
  788,     25.76281088993442,    3.77050725903108,    0.40578094534509,    1.53000000000017,    0.40578094534509,
  789,     25.80029712489135,    3.77050725902967,    0.40578094534506,    1.52999999999949,    0.40578094534506,
  790,     25.81865217770937,    3.77050725904043,    0.40578094534500,    1.53000000000361,    0.40578094534500,
  791,     25.83700723052737,    3.77050725902958,    0.40578094534489,    1.52999999999878,    0.40578094534489,
  792,     25.87449346548432,    3.77050725903127,    0.40578094534500,    1.52999999999988,    0.40578094534500,
  793,     25.91906088993441,    3.77050725903127,    0.40578094534514,    1.53000000000044,    0.40578094534514,
  794,     25.95654712489136,    3.77050725903017,    0.40578094534491,    1.52999999999911,    0.40578094534491,
  795,     25.97490217770937,    3.77050725903246,    0.40578094534553,    1.53000000000237,    0.40578094534553,
  796,     25.99325723052737,    3.77050725903168,    0.40578094534484,    1.52999999999947,    0.40578094534484,
  797,     26.03074346548431,    3.77050725903182,    0.40578094534517,    1.53000000000074,    0.40578094534517,
  798,     26.07531088993439,    3.77050725903188,    0.40578094534495,    1.52999999999996,    0.40578094534495,
  799,     26.11279712489136,    3.77050725902942,    0.40578094534473,    1.52999999999811,    0.40578094534473,
  800,     26.13115217770936,    3.77050725903031,    0.40578094534622,    1.53000000000409,    0.40578094534622,
