 indi,                  x_v,                   v,                   H,                   q,                 eta
    0,     0.07000000000000,    1.00000000000004,    1.85190235795362,    1.85190235795370,    1.85190235795362,
    1,     0.07253114917597,    1.02032342500087,    1.85188937995964,    1.88952611488316,    1.85188937995964,
    2,     0.07506223477118,    1.04064561834097,    1.85187641538790,    1.92714707738241,    1.85187641538790,
    3,     0.07759319316717,    1.06096525622948,    1.85183751138737,    1.96473525976447,    1.85183751138737,
    4,     0.08012396081890,    1.08128119904061,    1.85179862070073,    2.00231503297303,    1.85179862070073,
    5,     0.08265447406851,    1.10159202917864,    1.85173384036311,    2.03985523870436,    1.85173384036311,
    6,     0.08518466940431,    1.12189670048542,    1.85166907308571,    2.07738142348575,    1.85166907308571,
    7,     0.08771448312774,    1.14219369835056,    1.85157849921862,    2.11486129380889,    1.85157849921862,
    8,     0.09024385175773,    1.16248207316589,    1.85148793802975,    2.15232153664246,    1.85148793802975,
    9,     0.09277271155396,    1.18276020836069,    1.85137168670974,    2.18972876192589,    1.85137168670974,
   10,     0.09530099906287,    1.20302725555652,    1.85125544756041,    2.22711076041265,    1.85125544756041,
   11,     0.09782865050172,    1.22328148984292,    1.85111366831411,    2.26443308604387,    1.85111366831411,
   12,     0.10035560244090,    1.24352217010486,    1.85097190059170,    2.30172459462692,    1.85097190059170,
   13,     0.10288179105486,    1.26374745543582,    1.85080477663820,    2.33894982698499,    1.85080477663820,
   14,     0.10540715293396,    1.28395671915968,    1.85063766341645,    2.37613866267352,    1.85063766341645,
   15,     0.10793162420978,    1.30414799562078,    1.85044541193364,    2.41325467497892,    1.85044541193364,
   16,     0.11045514148817,    1.32432078077713,    1.85025317023473,    2.45032872304062,    1.85025317023473,
   17,     0.11297764085815,    1.34447297451980,    1.85003604270535,    2.48732346130490,    1.85003604270535,
   18,     0.11549905893608,    1.36460420445543,    1.84981892385976,    2.52427068098025,    1.84981892385976,
   19,     0.11801933176896,    1.38471222562115,    1.84957720645355,    2.56113217000645,    1.84957720645355,
   20,     0.12053839597819,    1.40479680678205,    1.84933549646864,    2.59794060010785,    1.84933549646864,
   21,     0.12305618756968,    1.42485554735134,    1.84906951050372,    2.63465694947946,    1.84906951050372,
   22,     0.12557264316376,    1.44488836695503,    1.84880353052873,    2.67131471404635,    1.84880353052873,
   23,     0.12808769872650,    1.46489269856687,    1.84851363297463,    2.70787412414586,    1.84851363297463,
   24,     0.13060129087051,    1.48486862225841,    1.84822373981554,    2.74436943816517,    1.84822373981554,
   25,     0.13311335552354,    1.50481339389343,    1.84791032384723,    2.78076020603926,    1.84791032384723,
   26,     0.13562382928325,    1.52472726317385,    1.84759691052274,    2.81708138082980,    1.84759691052274,
   27,     0.13813264804085,    1.54460729889152,    1.84726040618465,    2.85329190634612,    1.84726040618465,
   28,     0.14063974837121,    1.56445392863626,    1.84692390257229,    2.88942735527145,    1.84692390257229,
   29,     0.14314506613108,    1.58426402507085,    1.84656477744680,    2.92544614687193,    1.84656477744680,
   30,     0.14564853786408,    1.60403820084901,    1.84620565100187,    2.96138439083033,    1.84620565100187,
   31,     0.14815009939468,    1.62377312470490,    1.84582441099028,    2.99720007149027,    1.84582441099028,
   32,     0.15064968722635,    1.64346959997565,    1.84544316748496,    3.03292974424431,    1.84544316748496,
   33,     0.15314723715359,    1.66312408542389,    1.84504035766671,    3.06853105741461,    1.84504035766671,
   34,     0.15564268563018,    1.68273757871552,    1.84463754207199,    3.10404091115397,    1.84463754207199,
   35,     0.15813596842304,    1.70230632457046,    1.84421374759995,    3.13941672639919,    1.84421374759995,
   36,     0.16062702192629,    1.72183151646055,    1.84378994499747,    3.17469563702972,    1.84378994499747,
   37,     0.16311578188156,    1.74130918329956,    1.84334579211817,    3.20983495581197,    1.84334579211817,
   38,     0.16560218461291,    1.76074071330771,    1.84290162871122,    3.24487192829294,    1.84290162871122,
   39,     0.16808616583883,    1.78012192039000,    1.84243778585108,    3.27976388954834,    1.84243778585108,
   40,     0.17056766180261,    1.79945438371388,    1.84197393005441,    3.31454806312310,    1.84197393005441,
   41,     0.17304660820140,    1.81873370575003,    1.84149110900778,    3.34918194879144,    1.84149110900778,
   42,     0.17552294118672,    1.83796164986322,    1.84100827264869,    3.38370260220923,    1.84100827264869,
   43,     0.17799659643582,    1.85713361357767,    1.84050722985769,    3.41806784260144,    1.84050722985769,
   44,     0.18046750999725,    1.87625153465838,    1.84000616944468,    3.45231439920146,    1.84000616944468,
   45,     0.18293561752925,    1.89531061513392,    1.83948770738997,    3.48640057822457,    1.83948770738997,
   46,     0.18540085496613,    1.91431295434969,    1.83896922551809,    3.52036261105969,    1.83896922551809,
   47,     0.18786315794726,    1.93325357113425,    1.83843419421670,    3.55415947126476,    1.83843419421670,
   48,     0.19032246228143,    1.95213471068073,    1.83789914106650,    3.58782670800622,    1.83789914106650,
   49,     0.19277870358846,    1.97095122370469,    1.83734843969735,    3.62132415559340,    1.83734843969735,
   50,     0.19523181754043,    1.98970548266174,    1.83679771464620,    3.65468648337210,    1.83679771464620,
   51,     0.19768173973595,    2.00839218781973,    1.83623229331148,    3.68787459290908,    1.83623229331148,
   52,     0.20012840569932,    2.02701381777573,    1.83566684669371,    3.72092206308096,    1.83566684669371,
   53,     0.20257175100515,    2.04556494224658,    1.83508770829618,    3.75379108203830,    1.83508770829618,
   54,     0.20501171101916,    2.06404812266031,    1.83450854328692,    3.78651391477567,    1.83450854328692,
   55,     0.20744822128789,    2.08245781992757,    1.83391674558709,    3.81905426794395,    1.83391674558709,
   56,     0.20988121700794,    2.10079665318793,    1.83332492023384,    3.85144285663329,    1.83332492023384,
   57,     0.21231063369235,    2.11905899769960,    1.83272157804874,    3.88364515024240,    1.83272157804874,
   58,     0.21473640635834,    2.13724750394338,    1.83211820748429,    3.91569006587500,    1.83211820748429,
   59,     0.21715847047860,    2.15535648538492,    1.83150449505543,    3.94754509142935,    1.83150449505543,
   60,     0.21957676088097,    2.17338859684868,    1.83089075384983,    3.97923708649291,    1.83089075384983,
   61,     0.22199121298942,    2.19133811411953,    1.83026790743214,    4.01073582460585,    1.83026790743214,
   62,     0.22440176143268,    2.20920766922527,    1.82964503216467,    4.04206583701812,    1.82964503216467,
   63,     0.22680834157601,    2.22699152389297,    1.82901435277991,    4.07319946071945,    1.82901435277991,
   64,     0.22921088783955,    2.24469226079367,    1.82838364479428,    4.10415861723145,    1.82838364479428,
   65,     0.23160933551824,    2.26230415019510,    1.82774650124026,    4.13491849526040,    1.82774650124026,
   66,     0.23400361881423,    2.27982969991432,    1.82710932962622,    4.16549811467240,    1.82710932962622,
   67,     0.23639367293895,    2.29726320969384,    1.82646716170108,    4.19587581428982,    1.82646716170108,
   68,     0.23877943186714,    2.31460708879893,    1.82582496654149,    4.22606741046301,    1.82582496654149,
   69,     0.24116083071194,    2.33185568490947,    1.82517928853280,    4.25605469994423,    1.82517928853280,
   70,     0.24353780321115,    2.34901128745599,    1.82453358436464,    4.28584998401507,    1.82453358436464,
   71,     0.24591028436316,    2.36606830771712,    1.82388598885613,    4.31543883512180,    1.82388598885613,
   72,     0.24827820765901,    2.38302889668893,    1.82323836846627,    4.34482971760709,    1.82323836846627,
   73,     0.25064150796443,    2.39988754156185,    1.82259053040528,    4.37401230728825,    1.82259053040528,
   74,     0.25300011851334,    2.41664623960056,    1.82194266891144,    4.40299089959264,    1.82194266891144,
   75,     0.25535397401931,    2.43329956234157,    1.82129635005843,    4.43175961149147,    1.82129635005843,
   76,     0.25770300744819,    2.44984934168200,    1.82065000934872,    4.46031822683629,    1.82065000934872,
   77,     0.26004715334039,    2.46629023777722,    1.82000706307753,    4.48866565235370,    1.82000706307753,
   78,     0.26238634438184,    2.48262390936063,    1.81936409661518,    4.51679680608915,    1.81936409661518,
   79,     0.26472051491730,    2.49884510510177,    1.81872647313797,    4.54471574491982,    1.81872647313797,
   80,     0.26704959733987,    2.51495530675440,    1.81808883117546,    4.57241215411563,    1.81808883117546,
   81,     0.26937352577476,    2.53094934689839,    1.81745858321348,    4.59989561419902,    1.81745858321348,
   82,     0.27169223230800,    2.54682853061838,    1.81682831848939,    4.62715019676420,    1.81682831848939,
   83,     0.27400565081982,    2.56258776500738,    1.81620760742172,    4.65419139349223,    1.81620760742172,
   84,     0.27631371307355,    2.57822818297340,    1.81558688130970,    4.68099726602945,    1.81558688130970,
   85,     0.27861635267745,    2.59374475213374,    1.81497798391366,    4.70758962101433,    1.81497798391366,
   86,     0.28091350105482,    2.60913844162655,    1.81436907315635,    4.73394009607057,    1.81436907315635,
   87,     0.28320509151338,    2.62440426105226,    1.81377438890810,    4.76007723483788,    1.81377438890810,
   88,     0.28549105511728,    2.63954302801137,    1.81317969295238,    4.78596581706426,    1.81317969295238,
   89,     0.28777132484337,    2.65454977107417,    1.81260175201921,    4.81164156587125,    1.81260175201921,
   90,     0.29004583137550,    2.66942517217789,    1.81202380101255,    4.83706194700836,    1.81202380101255,
   91,     0.29231450732742,    2.68416425157112,    1.81146527298847,    4.86227032871817,    1.81146527298847,
   92,     0.29457728297947,    2.69876757463479,    1.81090673652939,    4.88721638123323,    1.81090673652939,
   93,     0.29683409054791,    2.71323012211369,    1.81037043999362,    4.91195160997491,    1.81037043999362,
   94,     0.29908485988416,    2.72755236475988,    1.80983413669770,    4.93641737937297,    1.80983413669770,
   95,     0.30132952277016,    2.74172920894806,    1.80932304968476,    4.96067385374369,    1.80932304968476,
   96,     0.30356800860066,    2.75576105520030,    1.80881195769097,    4.98465354918538,    1.80881195769097,
   97,     0.30580024868370,    2.76964269740222,    1.80832922918558,    5.00842584411285,    1.80832922918558,
   98,     0.30802617192731,    2.78337449199302,    1.80784649765580,    5.03191382701407,    1.80784649765580,
   99,     0.31024570912284,    2.79695107967970,    1.80739546024596,    5.05519668394311,    1.80739546024596,
  100,     0.31245878865905,    2.81037279991366,    1.80694442202694,    5.07818745462021,    1.80694442202694,
  101,     0.31466534076425,    2.82363409757017,    1.80652860581628,    5.10097576961875,    1.80652860581628,
  102,     0.31686529327295,    2.83673532227776,    1.80611279137473,    5.12346395131037,    1.80611279137473,
  103,     0.31905857579983,    2.84967067948816,    1.80573593932913,    5.14575276120424,    1.80573593932913,
  104,     0.32124511558761,    2.86244055482631,    1.80535909211202,    5.16773308128585,    1.80535909211202,
  105,     0.32342484158212,    2.87503887110848,    1.80502517703787,    5.18951754731336,    1.80502517703787,
  106,     0.32559768039413,    2.88746607271937,    1.80469127042899,    5.21098481509653,    1.80469127042899,
  107,     0.32776356024003,    2.89971575883951,    1.80440451373578,    5.23226020380079,    1.80440451373578,
  108,     0.32992240705573,    2.91178845003771,    1.80411776983245,    5.25320928470593,    1.80411776983245,
  109,     0.33207414826170,    2.92367738528960,    1.80388266236574,    5.27397094567471,    1.80388266236574,
  110,     0.33421870907311,    2.93538317057006,    1.80364757276208,    5.29439673072534,    1.80364757276208,
  111,     0.33635601604146,    2.94689865565815,    1.80346889795308,    5.31464007089923,    1.80346889795308,
  112,     0.33848599361193,    2.95822452909052,    1.80329024681466,    5.33453744119681,    1.80329024681466,
  113,     0.34060856738712,    2.96935323386468,    1.80317310642607,    5.35425789478409,    1.80317310642607,
  114,     0.34272366098895,    2.98028552168246,    1.80305599617273,    5.37362168017633,    1.80305599617273,
  115,     0.34483119898379,    2.99101342719792,    1.80300583906169,    5.39281467394977,    1.80300583906169,
  116,     0.34693110411218,    3.00153772375217,    1.80295571893955,    5.41163960465178,    1.80295571893955,
  117,     0.34902329980958,    3.01185005774160,    1.80297837318989,    5.43030051739883,    1.80297837318989,
  118,     0.35110770787069,    3.02195115425941,    1.80300107121713,    5.44858116829557,    1.80300107121713,
  119,     0.35318425049821,    3.03183231898602,    1.80310278013839,    5.46670528327712,    1.80310278013839,
  120,     0.35525284846840,    3.04149412409820,    1.80320453881989,    5.48443600936788,    1.80320453881989,
  121,     0.35731342264300,    3.05092761541173,    1.80339200135734,    5.50201845835373,    1.80339200135734,
  122,     0.35936589269627,    3.06013306671291,    1.80357951775289,    5.51919332072175,    1.80357951775289,
  123,     0.36141017803583,    3.06910138269680,    1.80385993391784,    5.53622901737859,    1.80385993391784,
  124,     0.36344619713605,    3.07783234841558,    1.80414040471268,    5.55284169870826,    1.80414040471268,
  125,     0.36547386783420,    3.08631688583017,    1.80452152676509,    5.56932525889912,    1.80452152676509,
  126,     0.36749310728821,    3.09455405569144,    1.80490269910003,    5.58536896762842,    1.80490269910003,
  127,     0.36950383164830,    3.10253499178351,    1.80539288926299,    5.60129461285556,    1.80539288926299,
  128,     0.37150595661578,    3.11025775603020,    1.80588311822912,    5.61676197495613,    1.80588311822912,
  129,     0.37349939653943,    3.11771391323195,    1.80649141390322,    5.63212341526011,    1.80649141390322,
  130,     0.37548406549490,    3.12490022861475,    1.80709972783252,    5.64700635263349,    1.80709972783252,
  131,     0.37745987591989,    3.13180891900079,    1.80783591533363,    5.66179664373182,    1.80783591533363,
  132,     0.37942674006161,    3.13843515997572,    1.80857209011747,    5.67608623697545,    1.80857209011747,
  133,     0.38138456834312,    3.14477200645380,    1.80944678819510,    5.69029760668369,    1.80944678819510,
  134,     0.38333327094363,    3.15081279905912,    1.81032143211982,    5.70398393873416,    1.81032143211982,
  135,     0.38527275617222,    3.15655153057965,    1.81134618675204,    5.71760757820175,    1.81134618675204,
  136,     0.38720293186401,    3.16197956481237,    1.81237083753516,    5.73067955214807,    1.81237083753516,
  137,     0.38912370411293,    3.16709178356322,    1.81355822977619,    5.74370536853762,    1.81355822977619,
  138,     0.39103497810271,    3.17187759810200,    1.81474546556272,    5.75615048847557,    1.81474546556272,
  139,     0.39293665759661,    3.17633251807323,    1.81610923471862,    5.76856681860984,    1.81610923471862,
  140,     0.39482864480039,    3.18044424827884,    1.81747280093371,    5.78037091613286,    1.81747280093371,
  141,     0.39671084099699,    3.18420840648477,    1.81902798598460,    5.79216420460323,    1.81902798598460,
  142,     0.39858314508715,    3.18761148385728,    1.82058293987855,    5.80331108647149,    1.82058293987855,
  143,     0.40044545566372,    3.19064842673875,    1.82234604275839,    5.81446553430064,    1.82234604275839,
  144,     0.40229766801795,    3.19330521654564,    1.82410891750515,    5.82493652181661,    1.82410891750515,
  145,     0.40413967775476,    3.19557516359202,    1.82609809265044,    5.83543371115650,    1.82609809265044,
  146,     0.40597137629537,    3.19744452896659,    1.82808708306635,    5.84520704222499,    1.82808708306635,
  147,     0.40779265584959,    3.19890401147765,    1.83032235805963,    5.85502553349419,    1.83032235805963,
  148,     0.40960340376093,    3.19994079964599,    1.83255753079936,    5.86407561050338,    1.83255753079936,
  149,     0.41140350832554,    3.20054226215886,    1.83506106262067,    5.87319048455960,    1.83506106262067,
  150,     0.41319285263821,    3.20069672218207,    1.83756459538447,    5.88148697724491,    1.83756459538447,
  151,     0.41497132048148,    3.20038805868991,    1.84036096520704,    5.88986925672766,    1.84036096520704,
  152,     0.41673879051621,    3.19960521825299,    1.84315742219178,    5.89737610610656,    1.84315742219178,
  153,     0.41849514139737,    3.19832919879065,    1.84627396873382,    5.90499194316848,    1.84627396873382,
  154,     0.42024024707000,    3.19654824095758,    1.84939062245116,    5.91166634103970,    1.84939062245116,
  155,     0.42197398052673,    3.19424177963791,    1.85285781040638,    5.91847582972847,    1.85285781040638,
  156,     0.42369621052926,    3.19139545376144,    1.85632502049146,    5.92426723110005,    1.85632502049146,
  157,     0.42540680403517,    3.18798869461450,    1.86017683895826,    5.93022273258267,    1.86017683895826,
  158,     0.42710562392448,    3.18400275411302,    1.86402849314824,    5.93507185592914,    1.86402849314824,
  159,     0.42879253092626,    3.17941802032156,    1.86830288180471,    5.94011584982860,    1.86830288180471,
  160,     0.43046738116778,    3.17421060732260,    1.87257688928189,    5.94395342498573,    1.87257688928189,
  161,     0.43213002904243,    3.16836136158810,    1.87731619768720,    5.94801610423559,    1.87731619768720,
  162,     0.43378032306925,    3.16184220114067,    1.88205500275349,    5.95076093257392,    1.88205500275349,
  163,     0.43541811109921,    3.15463224384983,    1.88730649204723,    5.95375791383929,    1.88730649204723,
  164,     0.43704323346618,    3.14670156129878,    1.89255755882332,    5.95531382519715,    1.89255755882332,
  165,     0.43865553101269,    3.13802465251568,    1.89837393572042,    5.95714420998390,    1.89837393572042,
  166,     0.44025483577549,    3.12857201211954,    1.90419014073967,    5.95739598007209,    1.90419014073967,
  167,     0.44184098095622,    3.11831201330852,    1.91063002074179,    5.95794054666703,    1.91063002074179,
  168,     0.44341379056990,    3.10721515941692,    1.91707007616608,    5.95674920232779,    1.91707007616608,
  169,     0.44497308925874,    3.09524415030072,    1.92419917713916,    5.95586624705345,    1.92419917713916,
  170,     0.44651869326608,    3.08237271971350,    1.93132975269826,    5.95307814248814,    1.93132975269826,
  171,     0.44805042656487,    3.06859104657201,    1.93919635843637,    5.95060058304290,    1.93919635843637,
  172,     0.44956810963640,    3.05385670606629,    1.94702476879269,    5.94593464705473,    1.94702476879269,
  173,     0.45107150840256,    3.03780472069374,    1.95595628872822,    5.94181324736920,    1.95595628872822,
  174,     0.45256026684233,    3.01982107671887,    1.96490262494942,    5.93365436052248,    1.96490262494942,
  175,     0.45403376356326,    2.99935873820914,    1.97604006189080,    5.92685302668349,    1.97604006189080,
  176,     0.45549130336114,    2.97610457632077,    1.98718296081572,    5.91406430367033,    1.98718296081572,
  177,     0.45693220264361,    2.94991357023476,    2.00088267490029,    5.90243095513598,    2.00088267490029,
  178,     0.45835572234202,    2.92095586427322,    2.01481586582831,    5.88518821872192,    2.01481586582831,
  179,     0.45976157648231,    2.89142986556862,    2.02944202239630,    5.86798927399664,    2.02944202239630,
  180,     0.46115008142422,    2.86392750505061,    2.04362432110588,    5.85279190320550,    2.04362432110588,
  181,     0.46252222549980,    2.83744702867401,    2.05649693218070,    5.83520110969333,    2.05649693218070,
  182,     0.46387837743603,    2.80874717048136,    2.06985310215341,    5.81369404398546,    2.06985310215341,
  183,     0.46521750585801,    2.77757537590129,    2.08614241306703,    5.79441779715827,    2.08614241306703,
  184,     0.46653924149036,    2.74688567532485,    2.10191928973873,    5.77373198767230,    2.10191928973873,
  185,     0.46784483088394,    2.71710667741725,    2.11553538806746,    5.74813532923059,    2.11553538806746,
  186,     0.46913487516217,    2.68709358385437,    2.12955573896562,    5.72231556263477,    2.12955573896562,
  187,     0.47040859964254,    2.65606883263470,    2.14640315299864,    5.70099451694854,    2.14640315299864,
  188,     0.47166558122322,    2.62344296322916,    2.16296438127730,    5.67441368577726,    2.16296438127730,
  189,     0.47290670395771,    2.59041022159133,    2.17790085055217,    5.64165662488279,    2.17790085055217,
  190,     0.47413252814138,    2.55775673987991,    2.19316868983332,    5.60959199811477,    2.19316868983332,
  191,     0.47534248007964,    2.52555379995032,    2.21065085335407,    5.58311766305180,    2.21065085335407,
  192,     0.47653641077018,    2.49310768708728,    2.22778507361498,    5.55410809220782,    2.22778507361498,
  193,     0.47771539056810,    2.46009398522704,    2.24241920959903,    5.51656200989215,    2.24241920959903,
  194,     0.47888015597880,    2.42756371264177,    2.25734502769855,    5.47984887615331,    2.25734502769855,
  195,     0.48003041437260,    2.39739488487819,    2.27373403419567,    5.45103834315417,    2.27373403419567,
  196,     0.48116614984554,    2.36882391800492,    2.28984787674867,    5.42424641903504,    2.28984787674867,
  197,     0.48228846289689,    2.33961402372356,    2.30285595791313,    5.38779409374891,    2.30285595791313,
  198,     0.48339817752459,    2.30880107000649,    2.31612339869354,    5.34746818117071,    2.31612339869354,
  199,     0.48449479461385,    2.27976981255137,    2.33179070644722,    5.31594606174621,    2.33179070644722,
  200,     0.48557804200236,    2.25385381122385,    2.34724627193828,    5.29034995588908,    2.34724627193828,
  201,     0.48664885299099,    2.22688750911668,    2.35976623974167,    5.25493396371594,    2.35976623974167,
  202,     0.48770799091683,    2.19698487175650,    2.37232478750400,    5.21196166903924,    2.37232478750400,
  203,     0.48875531371205,    2.16922572615187,    2.38645647770672,    5.17676278578319,    2.38645647770672,
  204,     0.48979058329698,    2.14608553308117,    2.40042432359611,    5.15151591412577,    2.40042432359611,
  205,     0.49081451056047,    2.12243288685378,    2.41266194534692,    5.12071305766492,    2.41266194534692,
  206,     0.49182743262931,    2.09313572819028,    2.42492370504746,    5.07569444517038,    2.42492370504746,
  207,     0.49282946518999,    2.06607539814539,    2.43809427318420,    5.03728659618505,    2.43809427318420,
  208,     0.49382040190707,    2.04237214340945,    2.45130946827133,    5.00648617287321,    2.45130946827133,
  209,     0.49480080211416,    2.02164725667695,    2.46301938753265,    4.97935638794752,    2.46301938753265,
  210,     0.49577098532316,    1.99383557001838,    2.47524973467810,    4.93524096567975,    2.47524973467810,
  211,     0.49673088848424,    1.96986329725500,    2.48695726522889,    4.89896583861606,    2.48695726522889,
  212,     0.49768102750706,    1.94635878949123,    2.49906227630160,    4.86407182696558,    2.49906227630160,
  213,     0.49862118236102,    1.92652527208136,    2.50985978778172,    4.83530831054225,    2.50985978778172,
  214,     0.49955229578881,    1.90245782722430,    2.52087895207986,    4.79586589386931,    2.52087895207986,
  215,     0.50047357519709,    1.87956860428576,    2.53285629041575,    4.76067716263314,    2.53285629041575,
  216,     0.50138568360726,    1.85851115421439,    2.54406150058621,    4.72816667584687,    2.54406150058621,
  217,     0.50228897530226,    1.83906961642741,    2.55296440923192,    4.69507927683897,    2.55296440923192,
  218,     0.50318411601889,    1.82097163968176,    2.56111960582181,    4.66372616803446,    2.56111960582181,
  219,     0.50407129284668,    1.80264263291122,    2.57084028789339,    4.63430630536237,    2.57084028789339,
  220,     0.50494995594133,    1.78675233890972,    2.58079624621527,    4.61124372917455,    2.58079624621527,
  221,     0.50582066669272,    1.76682825455844,    2.58915267802777,    4.57458810690513,    2.58915267802777,
  222,     0.50668358780892,    1.74786219384612,    2.59802510287877,    4.54098985598497,    2.59802510287877,
  223,     0.50753878208300,    1.72959118100246,    2.60612825119537,    4.50753643982886,    2.60612825119537,
  224,     0.50838660569920,    1.71396197259176,    2.61487763352922,    4.48180082684980,    2.61487763352922,
  225,     0.50922662894483,    1.70022512967764,    2.62331279033978,    4.46022232914046,    2.62331279033978,
  226,     0.51005954268044,    1.68214061739171,    2.63080054955453,    4.42537646066210,    2.63080054955453,
  227,     0.51088541876338,    1.66281973419081,    2.63863156613725,    4.38756863943182,    2.63863156613725,
  228,     0.51170422903468,    1.65195944600331,    2.64617132308565,    4.37136771291442,    2.64617132308565,
  229,     0.51251661458353,    1.63822896680866,    2.65147705375053,    4.34372651428260,    2.65147705375053,
  230,     0.51332275974619,    1.62648453295630,    2.65878160054698,    4.32446714979847,    2.65878160054698,
  231,     0.51412214151055,    1.61501709241920,    2.66343387636760,    4.30149123486201,    2.66343387636760,
  232,     0.51491620275766,    1.59539777391146,    2.66869530907371,    4.25763055534416,    2.66869530907371,
  233,     0.51570336556545,    1.59048399927681,    2.67605989911712,    4.25623045065210,    2.67605989911712,
  234,     0.51648470379125,    1.57447307541966,    2.67949480781533,    4.21879243063203,    2.67949480781533,
  235,     0.51726074664833,    1.56659520309245,    2.68650582136801,    4.20866713283507,    2.68650582136801,
  236,     0.51803005559442,    1.55177400538508,    2.69291878526012,    4.17880136957982,    2.69291878526012,
  237,     0.51879427964962,    1.53862247851631,    2.69738236713316,    4.15025314322461,    2.69738236713316,
  238,     0.51955245987797,    1.53361783769455,    2.70283198982246,    4.14511135188319,    2.70283198982246,
  239,     0.52030555267583,    1.52240859608632,    2.70709660600839,    4.12130714342327,    2.70709660600839,
  240,     0.52105305608681,    1.50533627096429,    2.71076692223743,    4.08061577017423,    2.71076692223743,
  241,     0.52179580497821,    1.49634880018351,    2.71641013814162,    4.06469705101454,    2.71641013814162,
  242,     0.52253254641386,    1.49330165922879,    2.72264632275429,    4.06573227126214,    2.72264632275429,
  243,     0.52326485742647,    1.48593187222286,    2.72282074635529,    4.04592612935896,    2.72282074635529,
  244,     0.52399290694398,    1.47515406965110,    2.72488773275283,    4.01962922831271,    2.72488773275283,
  245,     0.52471565370768,    1.45911649060469,    2.73287451815421,    3.98758227619215,    2.73287451815421,
  246,     0.52543268177704,    1.44938445657397,    2.73874888756603,    3.96950006809746,    2.73874888756603,
  247,     0.52614571411042,    1.45001010248629,    2.73793407288199,    3.97003206562032,    2.73793407288199,
  248,     0.52685488162098,    1.44646452648892,    2.73895819355799,    3.96180586651780,    2.73895819355799,
  249,     0.52755910236935,    1.42291546391493,    2.74758060550845,    3.90957493193073,    2.74758060550845,
  250,     0.52825761813849,    1.41313164094411,    2.75762392168790,    3.89688561756157,    2.75762392168790,
  251,     0.52895080829173,    1.40379355307163,    2.75820765268383,    3.87195412087038,    2.75820765268383,
  252,     0.52964080119967,    1.39505246984676,    2.75655747944483,    3.84554231997407,    2.75655747944483,
  253,     0.53032693549414,    1.38841297800380,    2.76262278560347,    3.83566132886086,    2.76262278560347,
  254,     0.53100805071796,    1.39119403977454,    2.76916808723431,    3.85245013809423,    2.76916808723431,
  255,     0.53168476197110,    1.36670993784690,    2.77124575677539,    3.78748911600097,    2.77124575677539,
  256,     0.53235766519661,    1.35443613647471,    2.77774128424650,    3.76227317316112,    2.77774128424650,
  257,     0.53302531007171,    1.35260350863253,    2.77907504757685,    3.75898666010555,    2.77907504757685,
  258,     0.53369048943345,    1.35027582944840,    2.77689109381697,    3.74956892499158,    2.77689109381697,
  259,     0.53435214516239,    1.34248866490732,    2.78042604102814,    3.73269044369343,    2.78042604102814,
  260,     0.53501006106554,    1.34166196673771,    2.78485593897178,    3.73633529616207,    2.78485593897178,
  261,     0.53566356871853,    1.32293172210646,    2.78831389794605,    3.68874890678313,    2.78831389794605,
  262,     0.53631367173927,    1.31100087169925,    2.79309370796617,    3.66174828588133,    2.79309370796617,
  263,     0.53695907579126,    1.30907540545137,    2.79709959335779,    3.66161428426272,    2.79709959335779,
  264,     0.53760135952615,    1.30465875202321,    2.79320776401514,    3.64418295554153,    2.79320776401514,
  265,     0.53824235849773,    1.30151797356931,    2.79294260288483,    3.63506499680206,    2.79294260288483,
  266,     0.53887949617120,    1.30046215037330,    2.79826614944392,    3.63903921402266,    2.79826614944392,
  267,     0.53951217634205,    1.27835266267425,    2.80626686992821,    3.58739872534727,    2.80626686992821,
  268,     0.54014051846513,    1.27358808664187,    2.81010729286054,    3.57891917037263,    2.81010729286054,
  269,     0.54076694471021,    1.26859640081675,    2.80619108187827,    3.55992390647485,    2.80619108187827,
  270,     0.54139086820487,    1.26617220487976,    2.80680147129356,    3.55389400756754,    2.80680147129356,
  271,     0.54201170953656,    1.26501488216713,    2.80845495967227,    3.55273731988152,    2.80845495967227,
  272,     0.54262991352031,    1.25419461269711,    2.80825019803507,    3.52209226948117,    2.80825019803507,
  273,     0.54324507300755,    1.24610237760151,    2.81509474462831,    3.50789625445484,    2.81509474462831,
  274,     0.54385616249832,    1.23610266770234,    2.82300345918157,    3.48952210682728,    2.82300345918157,
  275,     0.54446426956726,    1.22635938463625,    2.81991832730711,    3.45823330460084,    2.81991832730711,
  276,     0.54507079295409,    1.23127127414768,    2.81799541437057,    3.46971680439438,    2.81799541437057,
  277,     0.54567484291698,    1.23086022237225,    2.81869925228528,    3.46942478846835,    2.81869925228528,
  278,     0.54627683834536,    1.21619046400806,    2.81648654506292,    3.42538407811255,    2.81648654506292,
  279,     0.54687647694222,    1.21564966572238,    2.82322087687116,    3.43204751522888,    2.82322087687116,
  280,     0.54747226628687,    1.20562444860155,    2.82988591230962,    3.41177964263359,    2.82988591230962,
  281,     0.54806551037581,    1.18915888952180,    2.83055226368990,    3.36597638662291,    2.83055226368990,
  282,     0.54865628449307,    1.18247703226315,    2.83395974712532,    3.35109231133398,    2.83395974712532,
  283,     0.54924473899349,    1.18900592328160,    2.83129449557620,    3.36642592579469,    2.83129449557620,
  284,     0.54983208728677,    1.18857232757331,    2.82742005211737,    3.36059323237260,    2.82742005211737,
  285,     0.55041779630179,    1.18520992036680,    2.82888418917047,    3.35282160457364,    2.82888418917047,
  286,     0.55100139018886,    1.17315983091392,    2.83029093815234,    3.32038363843999,    2.83029093815234,
  287,     0.55158248885519,    1.16516790575135,    2.83589875625937,    3.30429821475358,    2.83589875625937,
  288,     0.55216072171089,    1.15617449118029,    2.84129446393346,    3.28503218113164,    2.84129446393346,
  289,     0.55273672901568,    1.14533661469242,    2.84173914680228,    3.25474789423746,    2.84173914680228,
  290,     0.55331098815192,    1.15026918813051,    2.84314523485890,    3.27038236103827,    2.84314523485890,
  291,     0.55388378671504,    1.14280035288395,    2.83915453116365,    3.24458680010588,    2.83915453116365,
  292,     0.55445602589711,    1.14549431454318,    2.83767961530099,    3.25054586582237,    2.83767961530099,
  293,     0.55502619069502,    1.13919458606990,    2.83863930171503,    3.23376252431901,    2.83863930171503,
  294,     0.55559540479032,    1.12872244937791,    2.84005884001582,    3.20563817028005,    2.84005884001582,
  295,     0.55616198589825,    1.12192010959281,    2.84387364610260,    3.19059903270353,    2.84387364610260,
  296,     0.55672724080903,    1.11394923090980,    2.84630548292775,    3.17063980364172,    2.84630548292775,
  297,     0.55729043323312,    1.10899083657046,    2.84727650539945,    3.15760355367035,    2.84727650539945,
  298,     0.55785269270109,    1.09974201221098,    2.84818913263654,    3.13227324788317,    2.84818913263654,
  299,     0.55841338642480,    1.10868987833623,    2.84685855276738,    3.15628326250813,    2.84685855276738,
  300,     0.55897369096233,    1.09442986516179,    2.84505281090106,    3.11371076421263,    2.84505281090106,
  301,     0.55953265506348,    1.09913823792290,    2.84615889458653,    3.12832207224442,    2.84615889458653,
  302,     0.56009075974783,    1.07783958566993,    2.84534674962557,    3.06682736170369,    2.84534674962557,
  303,     0.56064769085496,    1.08427085172284,    2.84868158995722,    3.08874241383010,    2.84868158995722,
  304,     0.56120305717362,    1.06326936383485,    2.84884492917128,    3.02908953550408,    2.84884492917128,
  305,     0.56175791215188,    1.06730880808353,    2.85184517335606,    3.04379947281342,    2.85184517335606,
  306,     0.56231076020386,    1.07217646230787,    2.85221847539085,    3.05808151467372,    2.85221847539085,
  307,     0.56286410050308,    1.05877758710468,    2.85094872812959,    3.01852061532821,    2.85094872812959,
  308,     0.56341585920005,    1.06700617421597,    2.85361488700036,    3.04482470326399,    2.85361488700036,
  309,     0.56396727499050,    1.05380988555646,    2.85186037668505,    3.00531865717747,    2.85186037668505,
  310,     0.56451807117436,    1.04912646356207,    2.85166541115426,    2.99175764806654,    2.85166541115426,
  311,     0.56506854521102,    1.03763527352984,    2.85053749949151,    2.95781825799194,    2.85053749949151,
  312,     0.56561868467091,    1.03696326790561,    2.85275182321689,    2.95819885312666,    2.85275182321689,
  313,     0.56616767099654,    1.02567141211316,    2.85224812633570,    2.92546936343584,    2.85224812633570,
  314,     0.56671695120877,    1.02762572909261,    2.85139960887249,    2.93017160200198,    2.85139960887249,
  315,     0.56726494224032,    1.02306047660859,    2.85717701711891,    2.92306488088879,    2.85717701711891,
  316,     0.56781206017518,    1.02609368784856,    2.85649640831149,    2.93103293393050,    2.85649640831149,
  317,     0.56835999207250,    1.01782949586621,    2.85420355131251,    2.90509256173196,    2.85420355131251,
  318,     0.56890746462089,    1.00544747712312,    2.85461642061112,    2.87016687825767,    2.85461642061112,
  319,     0.56945510065134,    1.00354392342275,    2.85370953170468,    2.86382285975581,    2.85370953170468,
  320,     0.57000263608181,    0.99120796006182,    2.85051621917475,    2.82545436673133,    2.85051621917475,
  321,     0.57055107966912,    0.98834541757966,    2.85115154208181,    2.81792256144173,    2.85115154208181,
  322,     0.57109879217984,    0.98044501108741,    2.85265876302344,    2.79687505254110,    2.85265876302344,
  323,     0.57164669194116,    0.98376515418321,    2.85544657475165,    2.80908883987249,    2.85544657475165,
  324,     0.57219372253508,    0.98614274768541,    2.85661836383826,    2.81703348240406,    2.85661836383826,
  325,     0.57274166613493,    0.98016569033197,    2.85648630105214,    2.79982986719459,    2.85648630105214,
  326,     0.57328909581983,    0.97063456394755,    2.85600138187964,    2.77213365593433,    2.85600138187964,
  327,     0.57383808149780,    0.96678085475720,    2.85264518615157,    2.75788275138662,    2.85264518615157,
  328,     0.57438720866277,    0.94616901178959,    2.85146525690821,    2.69796806428120,    2.85146525690821,
  329,     0.57493762668904,    0.95098738564525,    2.84836334737701,    2.70875761308980,    2.84836334737701,
  330,     0.57548866274745,    0.93673974709090,    2.84868147284255,    2.66847316241307,    2.84868147284255,
  331,     0.57603966541864,    0.94502986809778,    2.85205011244884,    2.69527254157577,    2.85205011244884,
  332,     0.57659080109063,    0.93781452386659,    2.85361235650257,    2.67615911341326,    2.85361235650257,
  333,     0.57714265190291,    0.94660886072166,    2.85268962815023,    2.70038127889578,    2.85268962815023,
  334,     0.57769522063877,    0.92625796342731,    2.85577462034488,    2.64518398384805,    2.85577462034488,
  335,     0.57824811819866,    0.92907415132818,    2.85043960314477,    2.64826975520396,    2.85043960314477,
  336,     0.57880347588829,    0.91505618024173,    2.84669569115265,    2.60488648545674,    2.84669569115265,
  337,     0.57935911034704,    0.90853006840002,    2.84651135125298,    2.58614115265529,    2.84651135125298,
  338,     0.57991662422475,    0.89912704296229,    2.84316461395572,    2.55636619200102,    2.84316461395572,
  339,     0.58047485700651,    0.90329013032523,    2.84544671147849,    2.57026393084489,    2.84544671147849,
  340,     0.58103397266172,    0.90191108535941,    2.84851799473209,    2.56910995629463,    2.84851799473209,
  341,     0.58159340326649,    0.90054489858284,    2.84800375097115,    2.56475524908187,    2.84800375097115,
  342,     0.58215452470475,    0.89686207634266,    2.84770049603633,    2.55399457967718,    2.84770049603633,
  343,     0.58271644264455,    0.88452870032608,    2.84626898766248,    2.51760660843552,    2.84626898766248,
  344,     0.58328038173787,    0.87797202527378,    2.84279128218318,    2.49589121944901,    2.84279128218318,
  345,     0.58384609797174,    0.86772619684311,    2.83977487171853,    2.46414704932695,    2.83977487171853,
  346,     0.58441385657357,    0.86714875219865,    2.83726523768332,    2.46033101051371,    2.83726523768332,
  347,     0.58498266884547,    0.86374121092167,    2.84055806384444,    2.45350706175830,    2.84055806384444,
  348,     0.58555246589374,    0.86464933477105,    2.84328189096730,    2.45844179559145,    2.84328189096730,
  349,     0.58612342341786,    0.86040368861144,    2.84244649079582,    2.44565144536136,    2.84244649079582,
  350,     0.58669618118261,    0.85289925705881,    2.84181587980938,    2.42378265258735,    2.84181587980938,
  351,     0.58727084761698,    0.84394025098017,    2.83752780896272,    2.39470393125921,    2.83752780896272,
  352,     0.58784816347542,    0.83337609976310,    2.83323302943892,    2.36114869179380,    2.83323302943892,
  353,     0.58842766324313,    0.82609780490410,    2.83094925111974,    2.33864096214491,    2.83094925111974,
  354,     0.58900951567718,    0.82276417266156,    2.82883147850675,    2.32746119101258,    2.82883147850675,
  355,     0.58959276546880,    0.82369825742808,    2.83271137837861,    2.33329942616716,    2.83271137837861,
  356,     0.59017723415877,    0.81823910668747,    2.83581356999274,    2.32037356224307,    2.83581356999274,
  357,     0.59076366539669,    0.81518503660684,    2.83155935021896,    2.30824481256267,    2.83155935021896,
  358,     0.59135293892467,    0.80853111773280,    2.82975404279152,    2.28794419912713,    2.82975404279152,
  359,     0.59194425042180,    0.79711640887658,    2.82576316790373,    2.25246218873512,    2.82576316790373,
  360,     0.59253897603899,    0.78375375844688,    2.82059697689181,    2.21065348170288,    2.82059697689181,
  361,     0.59313592520074,    0.78623539491984,    2.82147256651434,    2.21834159758891,    2.82147256651434,
  362,     0.59373512344075,    0.78655267291621,    2.82331621368744,    2.22068691436352,    2.82331621368744,
  363,     0.59433571140538,    0.78100415583767,    2.82408068317434,    2.20561874998004,    2.82408068317434,
  364,     0.59493887483727,    0.77368541446218,    2.82277090413133,    2.18393667689463,    2.82277090413133,
  365,     0.59554478486253,    0.76596925297515,    2.81903912029362,    2.15929728907904,    2.81903912029362,
  366,     0.59615389721905,    0.76261691434382,    2.81368943794224,    2.14576715708531,    2.81368943794224,
  367,     0.59676644696123,    0.74955882792141,    2.81182239243411,    2.10762629679608,    2.81182239243411,
  368,     0.59738155249117,    0.74317243565254,    2.81087384476190,    2.08896396152371,    2.81087384476190,
  369,     0.59799904999065,    0.74840462725628,    2.81331268548256,    2.10549623173393,    2.81331268548256,
  370,     0.59861845361897,    0.73674576861981,    2.81502488646184,    2.07395767366021,    2.81502488646184,
  371,     0.59924124928706,    0.73252882960300,    2.80812720732367,    2.05703413655714,    2.80812720732367,
  372,     0.59986795842470,    0.72170130694997,    2.80358382718693,    2.02335011222461,    2.80358382718693,
  373,     0.60049777890364,    0.71612177175275,    2.80166217647023,    2.00633128166653,    2.80166217647023,
  374,     0.60113103875978,    0.69880630107025,    2.79621245363980,    1.95401088173459,    2.79621245363980,
  375,     0.60176817794249,    0.70195279775366,    2.79640783663809,    1.96294630458837,    2.79640783663809,
  376,     0.60240757507050,    0.69699803171700,    2.79875129204135,    1.95072414181822,    2.79875129204135,
  377,     0.60305002525674,    0.69140148619937,    2.79505081531707,    1.93250228771297,    2.79505081531707,
  378,     0.60369621428729,    0.68205665786274,    2.79113663894600,    1.90371332759774,    2.79113663894600,
  379,     0.60434631783514,    0.67492190649509,    2.78751761207827,    1.88135670113250,    2.78751761207827,
  380,     0.60500020215588,    0.65937356002847,    2.78273542566554,    1.83486216423844,    2.78273542566554,
  381,     0.60565849615948,    0.65779148016245,    2.77906713959273,    1.82804668722352,    2.77906713959273,
  382,     0.60632041755494,    0.64432060263009,    2.77874575505048,    1.79040313944994,    2.77874575505048,
  383,     0.60698516172565,    0.64618221846572,    2.77816376547947,    1.79520002523860,    2.77816376547947,
  384,     0.60765369104746,    0.63337941887607,    2.77460185587260,    1.75737571108506,    2.77460185587260,
  385,     0.60832702408176,    0.62604178826793,    2.76762076404759,    1.73264625237182,    2.76762076404759,
  386,     0.60900508746543,    0.61170400767756,    2.76272622924751,    1.68997070654661,    2.76272622924751,
  387,     0.60968730131966,    0.60502776909371,    2.75919069224625,    1.66938698903387,    2.75919069224625,
  388,     0.61037402848839,    0.59686473572693,    2.75831780604919,    1.64634262835845,    2.75831780604919,
  389,     0.61106351019154,    0.59343734390703,    2.75746895647324,    1.63638505343556,    2.75746895647324,
  390,     0.61175759969250,    0.58878698697902,    2.75272496560836,    1.62076863848247,    2.75272496560836,
  391,     0.61245657368349,    0.57065404199708,    2.74736411482265,    1.56779443696128,    2.74736411482265,
  392,     0.61316043031370,    0.56700993545986,    2.74285269638270,    1.55522473035185,    2.74285269638270,
  393,     0.61386859421794,    0.55887427244733,    2.74093033116373,    1.53183544465795,    2.74093033116373,
  394,     0.61458108134601,    0.55074170576858,    2.73894453694361,    1.50845098628185,    2.73894453694361,
  395,     0.61529797621836,    0.53901402821963,    2.73467221493882,    1.47402668643447,    2.73467221493882,
  396,     0.61601989634157,    0.53272829988019,    2.72797978708775,    1.45327203408277,    2.72797978708775,
  397,     0.61674751586131,    0.51550205323391,    2.72427323429498,    1.40436844584925,    2.72427323429498,
  398,     0.61747947935926,    0.51159342447864,    2.72036695588907,    1.39172184680182,    2.72036695588907,
  399,     0.61821708848724,    0.50438591228254,    2.71563711865913,    1.36972910552320,    2.71563711865913,
  400,     0.61895936647452,    0.48306874736236,    2.71096087635842,    1.30958047469082,    2.71096087635842,
  401,     0.61970757353705,    0.47635128651425,    2.70572867912584,    1.28887733726009,    2.70572867912584,
  402,     0.62046070990186,    0.46454304285083,    2.70190230195534,    1.25514991683601,    2.70190230195534,
  403,     0.62121945781860,    0.45855451220470,    2.69619953495794,    1.23635446255918,    2.69619953495794,
  404,     0.62198377265689,    0.44956821727693,    2.69170831109256,    1.21010650684737,    2.69170831109256,
  405,     0.62275355073572,    0.43435970277787,    2.68612257300662,    1.16674340243609,    2.68612257300662,
  406,     0.62352932877325,    0.42030579317673,    2.68026304225282,    1.12653008389634,    2.68026304225282,
  407,     0.62431085208616,    0.41066582001344,    2.67542706272904,    1.09870644860176,    2.67542706272904,
  408,     0.62509820080436,    0.39811889245459,    2.66982831243487,    1.06290909079048,    2.66982831243487,
  409,     0.62589188039429,    0.38706344309986,    2.66314434619181,    1.03080582010892,    2.66314434619181,
  410,     0.62669183422546,    0.37315920262679,    2.65668582352165,    0.99136676353525,    2.65668582352165,
  411,     0.62749829196998,    0.35846700675926,    2.65014557001402,    0.94998974995923,    2.65014557001402,
  412,     0.62831118192346,    0.34380134527327,    2.64375583370778,    0.90892681220278,    2.64375583370778,
  413,     0.62913076043906,    0.33038430783664,    2.63654866612584,    0.87107430613559,    2.63654866612584,
  414,     0.62995716198947,    0.31305486518735,    2.62898274418923,    0.82301583856202,    2.62898274418923,
  415,     0.63079073311504,    0.30010789344394,    2.62151441069538,    0.78673716742672,    2.62151441069538,
  416,     0.63163124268697,    0.28467735509230,    2.61435008605437,    0.74424626778330,    2.61435008605437,
  417,     0.63247897002514,    0.27045817280273,    2.60653024805158,    0.70495740824308,    2.60653024805158,
  418,     0.63333399628883,    0.25274224371424,    2.59931526803605,    0.65695677296412,    2.59931526803605,
  419,     0.63419632817338,    0.23477618250405,    2.59074046099386,    0.60824415529092,    2.59074046099386,
  420,     0.63506656875677,    0.21936619469137,    2.58236266893224,    0.56648307199673,    2.58236266893224,
  421,     0.63594446754585,    0.20369137591727,    2.57339196537572,    0.52417775020182,    2.57339196537572,
  422,     0.63683065185855,    0.18523482918471,    2.56429474449649,    0.47499669897606,    2.56429474449649,
  423,     0.63772478518491,    0.16502854696970,    2.55556982345519,    0.42174197464443,    2.55556982345519,
  424,     0.63862725569459,    0.14391102888097,    2.54630826956229,    0.36644184292084,    2.54630826956229,
  425,     0.63953843782373,    0.12529162986450,    2.53556106520304,    0.31768457848026,    2.53556106520304,
  426,     0.64045868503465,    0.10680712430515,    2.52466294822809,    0.26965198934001,    2.52466294822809,
  427,     0.64138797535628,    0.08717123581435,    2.51510522259822,    0.21924483045701,    2.51510522259822,
  428,     0.64232604410878,    0.06358049892906,    2.50568069641078,    0.15931242883472,    2.50568069641078,
  429,     0.64327338013380,    0.04080961791131,    2.49435135581919,    0.10179352576755,    2.49435135581919,
  430,     0.64423042346688,    0.02044405154868,    2.48280560530317,    0.05075860578018,    2.48280560530317,
  431,     0.64519760219292,    -0.00048951758110,    2.47067992220910,    -0.00120944125919,    2.47067992220910,
  432,     0.64617495871798,    -0.02604433244014,    2.45890734763551,    -0.06404060040132,    2.45890734763551,
  433,     0.64716251410642,    -0.05270335839747,    2.44724322495361,    -0.12897793677051,    2.44724322495361,
  434,     0.64816045604074,    -0.07679744593625,    2.43538159291050,    -0.18703108621569,    2.43538159291050,
  435,     0.64916948894696,    -0.10051737565776,    2.42117797868985,    -0.24337045641826,    2.42117797868985,
  436,     0.65019016360604,    -0.12747941497379,    2.40713715671138,    -0.30686043649925,    2.40713715671138,
  437,     0.65122237885424,    -0.15688509007000,    2.39402993219703,    -0.37558760154301,    2.39402993219703,
  438,     0.65226615214604,    -0.18608085396105,    2.38082440818620,    -0.44302583900660,    2.38082440818620,
  439,     0.65332224011923,    -0.21438709473658,    2.36509695289176,    -0.50704626450080,    2.36509695289176,
  440,     0.65439134870185,    -0.24309194483807,    2.34933900026531,    -0.57110538665842,    2.34933900026531,
  441,     0.65547335552083,    -0.27340530641508,    2.33517423159021,    -0.63844902632052,    2.33517423159021,
  442,     0.65656802968390,    -0.30426137404755,    2.32119467397747,    -0.70624988093623,    2.32119467397747,
  443,     0.65767582770374,    -0.33436780964776,    2.30560059883568,    -0.77091862215524,    2.30560059883568,
  444,     0.65879744505862,    -0.36412863216392,    2.28973326367207,    -0.83375744132115,    2.28973326367207,
  445,     0.65993313362317,    -0.39520557160494,    2.27429630781720,    -0.89881457232991,    2.27429630781720,
  446,     0.66108285485063,    -0.42776467369909,    2.25916146790382,    -0.96638946815144,    2.25916146790382,
  447,     0.66224695881402,    -0.46057927751544,    2.24291686892397,    -1.03304103101619,    2.24291686892397,
  448,     0.66342611263298,    -0.49323367047944,    2.22629726775561,    -1.09808477295344,    2.22629726775561,
  449,     0.66462092803360,    -0.52687724125188,    2.20921578918350,    -1.16398552033509,    2.20921578918350,
  450,     0.66583154722596,    -0.56151636428038,    2.19243149501171,    -1.23108616201278,    2.19243149501171,
  451,     0.66705797875961,    -0.59597347966682,    2.17624142031893,    -1.29698217186254,    2.17624142031893,
  452,     0.66830040234765,    -0.62761518195746,    2.16000208435497,    -1.35565010120095,    2.16000208435497,
  453,     0.66955881197672,    -0.65825081903091,    2.14455019693023,    -1.41165192358223,    2.14455019693023,
  454,     0.67083326585136,    -0.69025485769051,    2.12918549585292,    -1.46968063143666,    2.12918549585292,
  455,     0.67212402668663,    -0.72303905177871,    2.11334980689566,    -1.52803444045456,    2.11334980689566,
  456,     0.67343163406143,    -0.75500939244471,    2.09729611650030,    -1.58347826669555,    2.09729611650030,
  457,     0.67475604320949,    -0.78461811796249,    2.08262846976850,    -1.63406803036486,    2.08262846976850,
  458,     0.67609695062074,    -0.81428615597176,    2.06806296586708,    -1.68399504278346,    2.06806296586708,
  459,     0.67745487911298,    -0.84568375997288,    2.05270191497901,    -1.73593667356298,    2.05270191497901,
  460,     0.67883034905353,    -0.87692026322460,    2.03732772849555,    -1.78657396794710,    2.03732772849555,
  461,     0.68022341874923,    -0.90696895313772,    2.02264396863603,    -1.83447528280415,    2.02264396863603,
  462,     0.68163410825512,    -0.93558766073466,    2.00787398668860,    -1.87854212625596,    2.00787398668860,
  463,     0.68306185867547,    -0.96141287195139,    1.99576578359939,    -1.91875491375260,    1.99576578359939,
  464,     0.68450582747469,    -0.98361074846408,    1.98384076814721,    -1.95132710279083,    1.98384076814721,
  465,     0.68596523665176,    -1.00316827542348,    1.97420758294913,    -1.98046241631503,    1.97420758294913,
  466,     0.68743955088444,    -1.02115699692901,    1.96451187092873,    -2.00607504254898,    1.96451187092873,
  467,     0.68892851030507,    -1.03797737021358,    1.95581644867647,    -2.03009321401767,    1.95581644867647,
  468,     0.69043191648515,    -1.05376827164857,    1.94710246115550,    -2.05179479521451,    1.94710246115550,
  469,     0.69194957708456,    -1.06855890658790,    1.93921414959446,    -2.07216455133044,    1.93921414959446,
  470,     0.69348130534545,    -1.08237306847282,    1.93132659758619,    -2.09041589565254,    1.93132659758619,
  471,     0.69502691038679,    -1.09524621730780,    1.92419827534706,    -2.10747088242406,    1.92419827534706,
  472,     0.69658620948086,    -1.10721540338304,    1.91707004134984,    -2.12260947914671,    1.91707004134984,
  473,     0.69815901906443,    -1.11831191490960,    1.91063005261793,    -2.13668035282699,    1.91063005261793,
  474,     0.69974516422275,    -1.12857199253447,    1.90419015145308,    -2.14901567338992,    1.90419015145308,
  475,     0.70134446898632,    -1.13802465686935,    1.89837393463850,    -2.16039634557670,    1.89837393463850,
  476,     0.70295676653390,    -1.14670156223594,    1.89255755814079,    -2.17019870854149,    1.89255755814079,
  477,     0.70458188890083,    -1.15463224365209,    1.88730649209846,    -2.17914492943081,    1.88730649209846,
  478,     0.70621967693074,    -1.16184220112144,    1.88205500277804,    -2.18665092705926,    1.88205500277804,
  479,     0.70786997095757,    -1.16836136158502,    1.87731619768180,    -2.19338370884912,    1.87731619768180,
  480,     0.70953261883222,    -1.17421060735178,    1.87257688928546,    -2.19879964648079,    1.87257688928546,
  481,     0.71120746907374,    -1.17941802031836,    1.86830288180515,    -2.20351008621372,    1.86830288180515,
  482,     0.71289437607552,    -1.18400275409595,    1.86402849314357,    -2.20701486959531,    1.86402849314357,
  483,     0.71459319596483,    -1.18798869462042,    1.86017683896011,    -2.20986905467936,    1.86017683896011,
  484,     0.71630378947073,    -1.19139545376577,    1.85632502049478,    -2.21161719012913,    1.85632502049478,
  485,     0.71802601947327,    -1.19424177963310,    1.85285781040343,    -2.21276020890328,    1.85285781040343,
  486,     0.71975975293000,    -1.19654824096058,    1.84939062245104,    -2.21288509614279,    1.84939062245104,
  487,     0.72150485860263,    -1.19832919879388,    1.84627396873484,    -2.21244400570803,    1.84627396873484,
  488,     0.72326120948379,    -1.19960521823871,    1.84315742219092,    -2.21106126169564,    1.84315742219092,
  489,     0.72502867951852,    -1.20038805869470,    1.84036096520784,    -2.20914732632335,    1.84036096520784,
  490,     0.72680714736179,    -1.20069672217527,    1.83756459538392,    -2.20635778646281,    1.83756459538392,
  491,     0.72859649167446,    -1.20054226216559,    1.83506106262001,    -2.20306835932982,    1.83506106262001,
  492,     0.73039659623907,    -1.19994079963054,    1.83255753079916,    -2.19896054887612,    1.83255753079916,
  493,     0.73220734415041,    -1.19890401148141,    1.83032235806017,    -2.19438081738245,    1.83032235806017,
  494,     0.73402862370463,    -1.19744452896191,    1.82808708306648,    -2.18903287608390,    1.82808708306648,
  495,     0.73586032224524,    -1.19557516359826,    1.82609809265087,    -2.18323752586754,    1.82609809265087,
  496,     0.73770233198205,    -1.19330521653228,    1.82410891750361,    -2.17671868678011,    1.82410891750361,
  497,     0.73955454433628,    -1.19064842674396,    1.82234604275976,    -2.16977344879498,    1.82234604275976,
  498,     0.74141685491285,    -1.18761148385544,    1.82058293987747,    -2.16214520670978,    1.82058293987747,
  499,     0.74328915900301,    -1.18420840648213,    1.81902798598376,    -2.15410823262823,    1.81902798598376,
  500,     0.74517135519961,    -1.18044424828236,    1.81747280093504,    -2.14542531427339,    1.81747280093504,
  501,     0.74706334240339,    -1.17633251807515,    1.81610923471681,    -2.13634834917396,    1.81610923471681,
  502,     0.74896502189729,    -1.17187759809308,    1.81474546556323,    -2.12665955733455,    1.81474546556323,
  503,     0.75087629588707,    -1.16709178356509,    1.81355822977570,    -2.11658890898806,    1.81355822977570,
  504,     0.75279706813599,    -1.16197956480637,    1.81237083753647,    -2.10593787706838,    1.81237083753647,
  505,     0.75472724382778,    -1.15655153058605,    1.81134618675428,    -2.09491520471187,    1.81134618675428,
  506,     0.75666672905636,    -1.15081279906339,    1.81032143211847,    -2.08334107450070,    1.81032143211847,
  507,     0.75861543165688,    -1.14477200644411,    1.80944678819327,    -2.07140403027386,    1.80944678819327,
  508,     0.76057325993839,    -1.13843515999441,    1.80857209012016,    -2.05894205677736,    1.80857209012016,
  509,     0.76254012408011,    -1.13180891899468,    1.80783591533276,    -2.04612481305253,    1.80783591533276,
  510,     0.76451593450511,    -1.12490022861400,    1.80709972783224,    -2.03280689696679,    1.80709972783224,
  511,     0.76650060346057,    -1.11771391323668,    1.80649141390492,    -2.01914058746412,    1.80649141390492,
  512,     0.76849404338422,    -1.11025775601910,    1.80588311822790,    -2.00499573847648,    1.80588311822790,
  513,     0.77049616835170,    -1.10253499179239,    1.80539288926454,    -1.99050883434733,    1.80539288926454,
  514,     0.77250689271178,    -1.09455405568402,    1.80490269909755,    -1.97556356941226,    1.80490269909755,
  515,     0.77452613216580,    -1.08631688582353,    1.80452152676361,    -1.96028220535537,    1.80452152676361,
  516,     0.77655380286395,    -1.07783234842384,    1.80414040471468,    -1.94456088929996,    1.80414040471468,
  517,     0.77858982196417,    -1.06910138269702,    1.80385993391771,    -1.92850914954317,    1.80385993391771,
  518,     0.78063410730373,    -1.06013306671821,    1.80357951775384,    -1.91203428522652,    1.80357951775384,
  519,     0.78268657735700,    -1.05092761540743,    1.80339200135695,    -1.89523445563090,    1.80339200135695,
  520,     0.78474715153160,    -1.04149412409505,    1.80320453881860,    -1.87802693172110,    1.80320453881860,
  521,     0.78681574950179,    -1.03183231898559,    1.80310278013909,    -1.86049972300028,    1.80310278013909,
  522,     0.78889229212931,    -1.02195115426658,    1.80300107121934,    -1.84257902587650,    1.80300107121934,
  523,     0.79097670019042,    -1.01185005774491,    1.80297837318913,    -1.82434377102426,    1.80297837318913,
  524,     0.79306889588782,    -1.00153772374202,    1.80295571893814,    -1.80572816675295,    1.80295571893814,
  525,     0.79516880101621,    -0.99101342720074,    1.80300583906135,    -1.78680299583114,    1.80300583906135,
  526,     0.79727633901106,    -0.98028552166206,    1.80305599617160,    -1.76750968779298,    1.80305599617160,
  527,     0.79939143261288,    -0.96935323387513,    1.80317310642714,    -1.74791168195182,    1.80317310642714,
  528,     0.80151400638807,    -0.95822452908555,    1.80329024681311,    -1.72795694755705,    1.80329024681311,
  529,     0.80364398395854,    -0.94689865565667,    1.80346889795274,    -1.70770227499006,    1.80346889795274,
  530,     0.80578129092689,    -0.93538317057883,    1.80364757276268,    -1.68710158521757,    1.80364757276268,
  531,     0.80792585173830,    -0.92367738528521,    1.80388266236634,    -1.66620562093586,    1.80388266236634,
  532,     0.81007759294427,    -0.91178845003755,    1.80411776983268,    -1.64497374504094,    1.80411776983268,
  533,     0.81223643975998,    -0.89971575884221,    1.80440451373555,    -1.62345117633389,    1.80440451373555,
  534,     0.81440231960587,    -0.88746607272188,    1.80469127043133,    -1.60160227424515,    1.80469127043133,
  535,     0.81657515841788,    -0.87503887110482,    1.80502517703707,    -1.57946719323030,    1.80502517703707,
  536,     0.81875488441239,    -0.86244055482576,    1.80535909211044,    -1.55701489705946,    1.80535909211044,
  537,     0.82094142420017,    -0.84967067948495,    1.80573593932980,    -1.53428088254075,    1.80573593932980,
  538,     0.82313470672705,    -0.83673532229403,    1.80611279137710,    -1.51123836859229,    1.80611279137710,
  539,     0.82533465923575,    -0.82363409756440,    1.80652860581491,    -1.48791855797465,    1.80652860581491,
  540,     0.82754121134095,    -0.81037279992787,    1.80694442202708,    -1.46429861059214,    1.80694442202708,
  541,     0.82975429087716,    -0.79695107967067,    1.80739546024646,    -1.44040576343528,    1.80739546024646,
  542,     0.83197382807270,    -0.78337449200202,    1.80784649765538,    -1.41622083171842,    1.80784649765538,
  543,     0.83419975131630,    -0.76964269740405,    1.80832922918553,    -1.39176738574494,    1.80832922918553,
  544,     0.83643199139934,    -0.75576105518717,    1.80881195769100,    -1.36702963377973,    1.80881195769100,
  545,     0.83867047722984,    -0.74172920895046,    1.80932304968328,    -1.34202775437742,    1.80932304968328,
  546,     0.84091514011584,    -0.72755236476199,    1.80983413669862,    -1.31674910598205,    1.80983413669862,
  547,     0.84316590945209,    -0.71323012211773,    1.81037043999378,    -1.29121072999509,    1.81037043999378,
  548,     0.84542271702053,    -0.69876757461939,    1.81090673652597,    -1.26540290814416,    1.81090673652597,
  549,     0.84768549267259,    -0.68416425157541,    1.81146527299087,    -1.23933978275064,    1.81146527299087,
  550,     0.84995416862450,    -0.66942517218160,    1.81202380101277,    -1.21301434499012,    1.81202380101277,
  551,     0.85222867515663,    -0.65454977106907,    1.81260175201878,    -1.18643806182329,    1.81260175201878,
  552,     0.85450894488272,    -0.63954302802922,    1.81317969295296,    -1.15960643119223,    1.81317969295296,
  553,     0.85679490848662,    -0.62440426104536,    1.81377438890744,    -1.13252845700874,    1.81377438890744,
  554,     0.85908649894519,    -0.60913844162248,    1.81436907315677,    -1.10520194975074,    1.81436907315677,
  555,     0.86138364732256,    -0.59374475213748,    1.81497798391279,    -1.07763365319329,    1.81497798391279,
  556,     0.86368628692645,    -0.57822818297753,    1.81558688130784,    -1.04982350341647,    1.81558688130784,
  557,     0.86599434918018,    -0.56258776500342,    1.81620760742416,    -1.02177617864297,    1.81620760742416,
  558,     0.86830776769200,    -0.54682853061789,    1.81682831848939,    -0.99349355978452,    1.81682831848939,
  559,     0.87062647422525,    -0.53094934689797,    1.81745858321241,    -0.96497844777074,    1.81745858321241,
  560,     0.87295040266013,    -0.51495530676473,    1.81808883117800,    -0.93623449178479,    1.81808883117800,
  561,     0.87527948508270,    -0.49884510509849,    1.81872647313755,    -0.90726279863770,    1.81872647313755,
  562,     0.87761365561817,    -0.48262390936008,    1.81936409661425,    -0.87806861285733,    1.81936409661425,
  563,     0.87995284665961,    -0.46629023777647,    1.82000706307844,    -0.84865152619771,    1.82000706307844,
  564,     0.88229699255181,    -0.44984934168247,    1.82065000934816,    -0.81901820813946,    1.82065000934816,
  565,     0.88464602598069,    -0.43329956234390,    1.82129635005730,    -0.78916691137838,    1.82129635005730,
  566,     0.88699988148666,    -0.41664623959445,    1.82194266891411,    -0.75910556175973,    1.82194266891411,
  567,     0.88935849203557,    -0.39988754156154,    1.82259053040493,    -0.72883124647697,    1.82259053040493,
  568,     0.89172179234099,    -0.38302889668726,    1.82323836846668,    -0.69835298067166,    1.82323836846668,
  569,     0.89408971563684,    -0.36606830772032,    1.82388598885590,    -0.66766685741527,    1.82388598885590,
  570,     0.89646219678886,    -0.34901128745442,    1.82453358436399,    -0.63678281528270,    1.82453358436399,
  571,     0.89883916928806,    -0.33185568490777,    1.82517928853358,    -0.60569612287580,    1.82517928853358,
  572,     0.90122056813286,    -0.31460708880141,    1.82582496653929,    -0.57441747738387,    1.82582496653929,
  573,     0.90360632706106,    -0.29726320969334,    1.82646716170163,    -0.54294149088690,    1.82646716170163,
  574,     0.90599638118577,    -0.27982969992263,    1.82710932962863,    -0.51127945543583,    1.82710932962863,
  575,     0.90839066448176,    -0.26230415019322,    1.82774650123957,    -0.47942549277628,    1.82774650123957,
  576,     0.91078911216045,    -0.24469226078536,    1.82838364479145,    -0.44739132762700,    1.82838364479145,
  577,     0.91319165842399,    -0.22699152389754,    1.82901435278208,    -0.41517075516848,    1.82901435278208,
  578,     0.91559823856731,    -0.20920766922352,    1.82964503216434,    -0.38277577268549,    1.82964503216434,
  579,     0.91800878701059,    -0.19133811411919,    1.83026790743217,    -0.35020000974094,    1.83026790743217,
  580,     0.92042323911903,    -0.17338859685334,    1.83089075385030,    -0.31745557880185,    1.83089075385030,
  581,     0.92284152952141,    -0.15535648538145,    1.83150449505414,    -0.28453610131194,    1.83150449505414,
  582,     0.92526359364166,    -0.13724750394525,    1.83211820748396,    -0.25145365090981,    1.83211820748396,
  583,     0.92768936630765,    -0.11905899769883,    1.83272157804749,    -0.21820199414334,    1.83272157804749,
  584,     0.93011878299207,    -0.10079665318686,    1.83332492023966,    -0.18479301616423,    1.83332492023966,
  585,     0.93255177871211,    -0.08245781993167,    1.83391674558571,    -0.15122077677719,    1.83391674558571,
  586,     0.93498828898085,    -0.06404812264887,    1.83450854328369,    -0.11749682818064,    1.83450854328369,
  587,     0.93742824899485,    -0.04556494225331,    1.83508770829710,    -0.08361566545832,    1.83508770829710,
  588,     0.93987159430069,    -0.02701381776685,    1.83566684669044,    -0.04958836967714,    1.83566684669044,
  589,     0.94231826026406,    -0.00839218782072,    1.83623229331322,    -0.01541000628795,    1.83623229331322,
  590,     0.94476818245957,    0.01029451733598,    1.83679771464670,    0.01890894591613,    1.83679771464670,
  591,     0.94722129641154,    0.02904877630042,    1.83734843969725,    0.05337272381069,    1.83734843969725,
  592,     0.94967753771858,    0.04786528930456,    1.83789914106580,    0.08797157409972,    1.83789914106580,
  593,     0.95213684205274,    0.06674642887268,    1.83843419421678,    0.12270891718140,    1.83843419421678,
  594,     0.95459914503387,    0.08568704564162,    1.83896922552098,    0.15757583996075,    1.83896922552098,
  595,     0.95706438247075,    0.10468938487262,    1.83948770738847,    0.19257483656724,    1.83948770738847,
  596,     0.95953249000275,    0.12374846532982,    1.84000616944502,    0.22769793966622,    1.84000616944502,
  597,     0.96200340356419,    0.14286638642527,    1.84050722985741,    0.26294661711931,    1.84050722985741,
  598,     0.96447705881329,    0.16203835012632,    1.84100827264743,    0.29831394306870,    1.84100827264743,
  599,     0.96695339179860,    0.18126629425313,    1.84149110900965,    0.33380026923026,    1.84149110900965,
  600,     0.96943233819739,    0.20054561628754,    1.84197393005273,    0.36939979698801,    1.84197393005273,
  601,     0.97191383416117,    0.21987807960988,    1.84243778585155,    0.40511168215372,    1.84243778585155,
  602,     0.97439781538709,    0.23925928669757,    1.84290162871005,    0.44093132913896,    1.84290162871005,
  603,     0.97688421811845,    0.25869081670088,    1.84334579211713,    0.47685662842490,    1.84334579211713,
  604,     0.97937297807372,    0.27816848354314,    1.84378994499804,    0.51288425297219,    1.84378994499804,
  605,     0.98186403157697,    0.29769367542771,    1.84421374760094,    0.54901076879764,    1.84421374760094,
  606,     0.98435731436982,    0.31726242127656,    1.84463754207370,    0.58523417297594,    1.84463754207370,
  607,     0.98685276284641,    0.33687591457663,    1.84504035766654,    0.62154965791972,    1.84504035766654,
  608,     0.98935031277365,    0.35653040002066,    1.84544316748432,    0.65795659071858,    1.84544316748432,
  609,     0.99184990060532,    0.37622687529556,    1.84582441099042,    0.69444875049120,    1.84582441099042,
  610,     0.99435146213593,    0.39596179916092,    1.84620565100171,    0.73102691119169,    1.84620565100171,
  611,     0.99685493386893,    0.41573597492369,    1.84656477744671,    0.76768340801155,    1.84656477744671,
  612,     0.99936025162879,    0.43554607137000,    1.84692390257291,    0.80442044988497,    1.84692390257291,
  613,     1.00186735195915,    0.45539270110877,    1.84726040618271,    0.84122890602283,    1.84726040618271,
  614,     1.00437617071676,    0.47527273682582,    1.84759691052350,    0.87811244021543,    1.84759691052350,
  615,     1.00688664447646,    0.49518660610250,    1.84791032384978,    0.91506044164895,    1.84791032384978,
  616,     1.00939870912949,    0.51513137775318,    1.84822373981252,    0.95207804148577,    1.84822373981252,
  617,     1.01191230127350,    0.53510730142994,    1.84851363297291,    0.98915314179658,    1.84851363297291,
  618,     1.01442735683624,    0.55511163305168,    1.84880353053087,    1.02629234702471,    1.84880353053087,
  619,     1.01694381243032,    0.57514445263996,    1.84906951050521,    1.06348207151275,    1.84906951050521,
  620,     1.01946160402181,    0.59520319323937,    1.84933549646623,    1.10073039286762,    1.84933549646623,
  621,     1.02198066823104,    0.61528777437662,    1.84957720645267,    1.13802224289599,    1.84957720645267,
  622,     1.02450094106393,    0.63539579555064,    1.84981892385939,    1.17536716675026,    1.84981892385939,
  623,     1.02702235914186,    0.65552702547406,    1.85003604270604,    1.21274862409490,    1.85003604270604,
  624,     1.02954485851183,    0.67567921923139,    1.85025317023845,    1.25017761744712,    1.85025317023845,
  625,     1.03206837579023,    0.69585200437952,    1.85044541193114,    1.28763614888717,    1.85044541193114,
  626,     1.03459284706605,    0.71604328084101,    1.85063766341704,    1.32513666416109,    1.85063766341704,
  627,     1.03711820894514,    0.73625254456089,    1.85080477663913,    1.36265972628600,    1.85080477663913,
  628,     1.03964439755910,    0.75647782989520,    1.85097190059275,    1.40021920655739,    1.85097190059275,
  629,     1.04217134949828,    0.77671851015845,    1.85111366831336,    1.43779425058630,    1.85111366831336,
  630,     1.04469900093714,    0.79697274444438,    1.85125544755885,    1.47540013470859,    1.85125544755885,
  631,     1.04722728844604,    0.81723979164264,    1.85137168671132,    1.51301461150104,    1.85137168671132,
  632,     1.04975614824228,    0.83751792682421,    1.85148793803025,    1.55065433939912,    1.85148793803025,
  633,     1.05228551687226,    0.85780630165063,    1.85157849921868,    1.58829570463061,    1.85157849921868,
  634,     1.05481533059569,    0.87810329952058,    1.85166907308616,    1.62595672269716,    1.85166907308616,
  635,     1.05734552593150,    0.89840797081271,    1.85173384036199,    1.66361244200484,    1.85173384036199,
  636,     1.05987603918111,    0.91871880097989,    1.85179862069673,    1.70128220846272,    1.85179862069673,
  637,     1.06240680683284,    0.93903474376397,    1.85183751138945,    1.73893976300010,    1.85183751138945,
  638,     1.06493776522882,    0.95935438166558,    1.85187641538541,    1.77660575340314,    1.85187641538541,
  639,     1.06746885082404,    0.97967657499749,    1.85188937996108,    1.81425264503449,    1.85188937996108,
  640,     1.07000000000000,    1.00000000000004,    1.85190235796981,    1.85190235796989,    1.85190235796981,
