 indi,                  x_v,                   v,                   H,                   q,                 eta
    0,     0.06999999999999,    0.99999999999166,    1.85190086229774,    1.85190086228229,    1.85190086229774,
    1,     0.07174826603034,    1.01403764945457,    1.85189776927328,    1.87789406098403,    1.85189776927328,
    2,     0.07506228123148,    1.04064656140462,    1.85187492118751,    1.92714726888523,    1.85187492118751,
    3,     0.07837607840786,    1.06725117151525,    1.85182985043667,    1.97636757732544,    1.85182985043667,
    4,     0.08012405373776,    1.08128308501401,    1.85179712717960,    2.00231691049683,    1.85179712717960,
    5,     0.08187190772079,    1.09531260385554,    1.85175823365898,    2.02825413261995,    1.85175823365898,
    6,     0.08518480877810,    1.12189952934675,    1.85166758320284,    2.07738499010190,    1.85166758320284,
    7,     0.08849705573473,    1.14847354253826,    1.85155482350799,    2.12646172735802,    1.85155482350799,
    8,     0.09024403758121,    1.16248584447072,    1.85148645099226,    2.15232679050784,    1.85148645099226,
    9,     0.09199077671917,    1.17649335327077,    1.85141195563029,    2.17817385996507,    1.85141195563029,
   10,     0.09530123132878,    1.20303196916532,    1.85125396634709,    2.22711770455966,    1.85125396634709,
   11,     0.09861059568188,    1.22954904189624,    1.85107409537290,    2.27598638044470,    1.85107409537290,
   12,     0.10035588114059,    1.24352782552761,    1.85097042441379,    2.30173322698719,    1.85097042441379,
   13,     0.10210080249930,    1.25749940991442,    1.85086070997564,    2.32745625062814,    1.85086070997564,
   14,     0.10540747805664,    1.28396331618824,    1.85063619531382,    2.37614898639311,    1.85063619531382,
   15,     0.10871262706603,    1.31039701405691,    1.85039014202602,    2.42474571695125,    1.85039014202602,
   16,     0.11045551302186,    1.32432831911142,    1.85025170940909,    2.45034073625476,    1.85025170940909,
   17,     0.11219791344035,    1.33825000718724,    1.85010734510482,    2.47590616788370,    1.85010734510482,
   18,     0.11549947686659,    1.36461268381444,    1.84981747342381,    2.52428438697572,    1.84981747342381,
   19,     0.11879907725841,    1.39093643797557,    1.84950652382565,    2.57254601626263,    1.84950652382565,
   20,     0.12053886029028,    1.40480622738498,    1.84933405562533,    2.59795599785759,    1.84933405562533,
   21,     0.12227803628444,    1.41866396635646,    1.84915580063761,    2.62333070254360,    1.84915580063761,
   22,     0.12557315384003,    1.44489872859634,    1.84880210246915,    2.67133180728393,    1.84880210246915,
   23,     0.12886587161514,    1.47108579029687,    1.84842790763506,    2.71919602931010,    1.84842790763506,
   24,     0.13060184789260,    1.48487992590817,    1.84822232375889,    2.74438822716492,    1.84822232375889,
   25,     0.13233709555011,    1.49865955764689,    1.84801113201993,    2.76953954563951,    1.84801113201993,
   26,     0.13562443263073,    1.52473950898553,    1.84759550971859,    2.81710187029220,    1.84759550971859,
   27,     0.13890893285374,    1.55076290163938,    1.84716009625907,    2.86450735066720,    1.84716009625907,
   28,     0.14064039802279,    1.56446711855216,    1.84692251630900,    2.88944954727904,    1.84692251630900,
   29,     0.14237101288670,    1.57815435358203,    1.84667954258187,    2.91434535979645,    1.84667954258187,
   30,     0.14564923379649,    1.60405233574080,    1.84620428254013,    2.96140829166317,    1.84620428254013,
   31,     0.14892418036033,    1.62988480378217,    1.84571006569099,    3.00829478825754,    1.84571006569099,
   32,     0.15065042941553,    1.64348468286151,    1.84544181622115,    3.03295535807158,    1.84544181622115,
   33,     0.15237570635382,    1.65706507254768,    1.84516842364655,    3.05756414779257,    1.84516842364655,
   34,     0.15564347405032,    1.68275361171330,    1.84463621127017,    3.10406824681202,    1.84463621127017,
   35,     0.15890752941080,    1.70836756545626,    1.84408601084401,    3.15037672883754,    1.84408601084401,
   36,     0.16062785655076,    1.72184850368150,    1.84378863420277,    3.17472470090698,    1.84378863420277,
   37,     0.16234708960858,    1.73530741008145,    1.84348640337561,    3.19901561616208,    1.84348640337561,
   38,     0.16560306541363,    1.76075865854397,    1.84290034112914,    3.24490273247677,    1.84290034112914,
   39,     0.16885489028769,    1.78612611418429,    1.84229740063207,    3.29057549736278,    1.84229740063207,
   40,     0.17056858875064,    1.79947329224494,    1.84197266547393,    3.31458061656557,    1.84197266547393,
   41,     0.17228107098205,    1.81279585520964,    1.84164340530297,    3.33852353190738,    1.84164340530297,
   42,     0.17552391425197,    1.83798152746813,    1.84100703414888,    3.38373692070454,    1.84100703414888,
   43,     0.17876216727308,    1.86307404115934,    1.84035504341462,    3.42871770790245,    1.84035504341462,
   44,     0.18046852914881,    1.87627238779944,    1.84000495714028,    3.45235049449640,    1.84000495714028,
   45,     0.18217355242429,    1.88944348874355,    1.83965071764887,    3.47591607002407,    1.83965071764887,
   46,     0.18540192017225,    1.91433479097093,    1.83896804231418,    3.52040050288574,    1.83896804231418,
   47,     0.18862525749540,    1.93912338586170,    1.83827116412099,    3.56463460390222,    1.83827116412099,
   48,     0.19032357350958,    1.95215753840992,    1.83789798748417,    3.58786641109564,    1.83789798748417,
   49,     0.19202042829514,    1.96516175999676,    1.83752107481345,    3.61102614941153,    1.83752107481345,
   50,     0.19523297475759,    1.98972931160153,    1.83679659337988,    3.65472802129779,    1.83679659337988,
   51,     0.19844004960549,    2.01418439646877,    1.83605949457905,    3.69816238496946,    1.83605949457905,
   52,     0.20012960887182,    2.02703865668530,    1.83566575874949,    3.72096545373877,    1.83566575874949,
   53,     0.20181758397505,    2.03986023786524,    1.83526875270415,    3.74369175443773,    1.83526875270415,
   54,     0.20501296011315,    2.06407398360876,    1.83450749115067,    3.78655918521948,    1.83450749115067,
   55,     0.20820242225421,    2.08816526154065,    1.83373537897776,    3.82914251723944,    1.83373537897776,
   56,     0.20988251198918,    2.10082354599012,    1.83332390543392,    3.85149002796216,    1.83332390543392,
   57,     0.21156089426701,    2.11344633131326,    1.83290967991267,    3.87375623863999,    1.83290967991267,
   58,     0.21473774719271,    2.13727544230513,    1.83211723236587,    3.91573916815962,    1.83211723236587,
   59,     0.21790824233993,    2.16097180756881,    1.83131589673604,    3.95742202359917,    1.83131589673604,
   60,     0.21957814753434,    2.17341759146850,    1.83088982043314,    3.97928814376998,    1.83088982043314,
   61,     0.22124622155647,    2.18582497369326,    1.83046156722056,    4.00106860701640,    1.83046156722056,
   62,     0.22440319387138,    2.20923773511265,    1.82964414281008,    4.04211888212386,    1.82964414281008,
   63,     0.22755336298983,    2.23250715599101,    1.82882000557583,    4.08285374946756,    1.82882000557583,
   64,     0.22921236603033,    2.24472340935086,    1.82838280192887,    4.10421367674426,    1.82838280192887,
   65,     0.23086941369127,    2.25689826409612,    1.82794405840901,    4.12548377228811,    1.82794405840901,
   66,     0.23400514272472,    2.27986194709604,    1.82710853585197,    4.16555522410327,    1.82710853585197,
   67,     0.23713362123326,    2.30267133204579,    1.82626870819319,    4.20529659896875,    1.82626870819319,
   68,     0.23878100146594,    2.31464044657429,    1.82582422454135,    4.22612659845855,    1.82582422454135,
   69,     0.24042630153784,    2.32656505748732,    1.82537890601010,    4.24686277939753,    1.82537890601010,
   70,     0.24353941846821,    2.34904577236177,    1.82453289727048,    4.28591128886820,    1.82453289727048,
   71,     0.24664483531875,    2.37136081626706,    1.82368524668532,    4.32461573519390,    1.82368524668532,
   72,     0.24827986854583,    2.38306452131810,    1.82323773903213,    4.34489316981570,    1.82323773903213,
   73,     0.24991269616250,    2.39472049389613,    1.82279017644408,    4.36507299160320,    1.82279017644408,
   74,     0.25300182500345,    2.41668302078209,    1.82194210113798,    4.40305654066820,    1.82194210113798,
   75,     0.25608280161845,    2.43846802742303,    1.82109532980537,    4.44068273661979,    1.82109532980537,
   76,     0.25770475951724,    2.44988729280229,    1.82064950585150,    4.46038608903237,    1.82064950585150,
   77,     0.25932438557852,    2.46125545469941,    1.82020449001599,    4.47998822972022,    1.82020449001599,
   78,     0.26238814200831,    2.48266304741871,    1.81936366260884,    4.51686693497533,    1.81936366260884,
   79,     0.26544329105342,    2.50388072330222,    1.81852739932072,    4.55337569995606,    1.81852739932072,
   80,     0.26705144050505,    2.51499564631288,    1.81808846896997,    4.57248458407113,    1.81808846896997,
   81,     0.26865713098848,    2.52605593134504,    1.81765130246929,    4.59148885371958,    1.81765130246929,
   82,     0.27169412099690,    2.54687008886540,    1.81682803480906,    4.62722497846729,    1.81682803480906,
   83,     0.27472204496180,    2.56748130266973,    1.81601294319998,    4.66257927707217,    1.81601294319998,
   84,     0.27631564727481,    2.57827097611558,    1.81558667807605,    4.68107443670558,    1.81558667807605,
   85,     0.27790666243933,    2.58900228863889,    1.81516323648426,    4.69946177351092,    1.81516323648426,
   86,     0.28091548076171,    2.60918248738298,    1.81436895881702,    4.73401971299665,    1.81436895881702,
   87,     0.28391477031689,    2.62914598765705,    1.81358686527474,    4.76818463010462,    1.81358686527474,
   88,     0.28549308032783,    2.63958834481376,    1.81317966913147,    4.78604792169269,    1.81317966913147,
   89,     0.28706867379116,    2.64996840020781,    1.81277647346980,    4.80380037133513,    1.81277647346980,
   90,     0.29004790209319,    2.66947177888631,    1.81202387790362,    4.83714660473185,    1.81202387790362,
   91,     0.29301713418415,    2.68874386098501,    1.81128792341730,    4.87008928456455,    1.81128792341730,
   92,     0.29457939921403,    2.69881549241670,    1.81090691578623,    4.88730363964843,    1.81090691578623,
   93,     0.29613881688179,    2.70882062855421,    1.81053121872943,    4.90440431393567,    1.81053121872943,
   94,     0.29908702165160,    2.72760161478753,    1.80983443011306,    4.93650731407446,    1.80983443011306,
   95,     0.30202475728409,    2.74613572577227,    1.80915925140820,    4.96819685390347,    1.80915925140820,
   96,     0.30357021592504,    2.75581166178612,    1.80881236747629,    4.98474621627410,    1.80881236747629,
   97,     0.30511269474505,    2.76541661468481,    1.80847225643827,    5.00117922515093,    1.80847225643827,
   98,     0.30802842483988,    2.78342648026942,    1.80784703696413,    5.03200931496258,    1.80784703696413,
   99,     0.31093320650009,    2.80117274744105,    1.80724898372247,    5.06241660104391,    1.80724898372247,
  100,     0.31246108720117,    2.81042619799039,    1.80694509425212,    5.07828583121637,    1.80694509425212,
  101,     0.31398585371107,    2.81960383337396,    1.80664961537735,    5.09403618108155,    1.80664961537735,
  102,     0.31686763749447,    2.83679016126016,    1.80611361091396,    5.12356532155878,    1.80611361091396,
  103,     0.31973798613618,    2.85369482611959,    1.80561100779557,    5.15266279093079,    1.80561100779557,
  104,     0.32124750555054,    2.86249686789949,    1.80536006401105,    5.16783752866247,    1.80536006401105,
  105,     0.32275377417928,    2.87121785789249,    1.80511937218630,    5.18289097704898,    1.80511937218630,
  106,     0.32560011617105,    2.88752389938996,    1.80469241065675,    5.21109246681905,    1.80469241065675,
  107,     0.32843452768615,    2.90352863364308,    1.80430587534821,    5.23885377292397,    1.80430587534821,
  108,     0.32992488873330,    2.91184783120360,    1.80411908515752,    5.25332024534895,    1.80411908515752,
  109,     0.33141185980873,    2.92008026227160,    1.80394462666809,    5.26766309856442,    1.80394462666809,
  110,     0.33422123675155,    2.93544415684179,    1.80364908181204,    5.29451115819821,    1.80364908181204,
  111,     0.33701817782156,    2.95048523003000,    1.80340191375688,    5.32091071034750,    1.80340191375688,
  112,     0.33848856740758,    2.95828717370626,    1.80329195766996,    5.33465546882270,    1.80329195766996,
  113,     0.33995542481088,    2.96599606827321,    1.80319669398356,    5.34827430467851,    1.80319669398356,
  114,     0.34272628103563,    2.98034988987561,    1.80305793198682,    5.37374350903628,    1.80305793198682,
  115,     0.34548418423738,    2.99435714897846,    1.80297659100404,    5.39875584471374,    1.80297659100404,
  116,     0.34693377056258,    3.00160388762285,    1.80295788858406,    5.41176540759422,    1.80295788858406,
  117,     0.34837967895624,    3.00875061608059,    1.80295657251776,    5.42464669832937,    1.80295657251776,
  118,     0.35111042089941,    3.02201919894432,    1.80300350452888,    5.44871120645016,    1.80300350452888,
  119,     0.35382767890720,    3.03491480742443,    1.80311820488169,    5.47231013953201,    1.80311820488169,
  120,     0.35525560827303,    3.04156414695239,    1.80320724732689,    5.48457051299419,    1.80320724732689,
  121,     0.35667970981150,    3.04810570172757,    1.80331676313240,    5.49670010772477,    1.80331676313240,
  122,     0.35936869950261,    3.06020517969998,    1.80358253858146,    5.51933262658341,    1.80358253858146,
  123,     0.36204365818600,    3.07190204227012,    1.80392799003887,    5.54149007670865,    1.80392799003887,
  124,     0.36344905119593,    3.07790671496365,    1.80414375722613,    5.55298618512605,    1.80414375722613,
  125,     0.36485046161644,    3.08379479877017,    1.80438352366118,    5.56434852525295,    1.80438352366118,
  126,     0.36749600887612,    3.09463061028749,    1.80490648984035,    5.58551887216648,    1.80490648984035,
  127,     0.37012695904039,    3.10503094427641,    1.80552261709427,    5.60620359666864,    1.80552261709427,
  128,     0.37150890631862,    3.11033785216911,    1.80588627615404,    5.61691644143464,    1.80588627615404,
  129,     0.37288671022021,    3.11551611212700,    1.80628073795314,    5.62749674211766,    1.80628073795314,
  130,     0.37548706216770,    3.12498017038514,    1.80710432441388,    5.64716517961060,    1.80710432441388,
  131,     0.37807223277688,    3.13398877402555,    1.80803360317778,    5.66635701542012,    1.80803360317778,
  132,     0.37942979308859,    3.13852167967120,    1.80855444747116,    5.67618734225399,    1.80855444747116,
  133,     0.38078303134087,    3.14288401402481,    1.80918653293694,    5.68606343275646,    1.80918653293694,
  134,     0.38333634059323,    3.15091078345939,    1.81029868619864,    5.70408965162567,    1.81029868619864,
  135,     0.38587397690889,    3.15867049724538,    1.81154356223029,    5.72206920449161,    1.81154356223029,
  136,     0.38720619740851,    3.16187111476328,    1.81233160364024,    5.73035894792268,    1.81233160364024,
  137,     0.38853364325603,    3.16411936536724,    1.81388014542145,    5.73933329458316,    1.81388014542145,
  138,     0.39103626853429,    3.16761739826822,    1.81650814651113,    5.75400280898461,    1.81650814651113,
  139,     0.39352147402903,    3.17326921010617,    1.81865902244630,    5.77109467961063,    1.81865902244630,
  140,     0.39482568375910,    3.17473431746202,    1.81951600839411,    5.77647991302031,    1.81951600839411,
  141,     0.39612465407148,    3.17454054139501,    1.82235019689596,    5.78512458066540,    1.82235019689596,
  142,     0.39857144328853,    3.17325274459680,    1.82653742082357,    5.79606488373715,    1.82653742082357,
  143,     0.40099818553379,    3.17214341699531,    1.83170729635844,    5.81043824200570,    1.83170729635844,
  144,     0.40226930552323,    3.16607689902428,    1.83551837056905,    5.81139231079337,    1.83551837056905,
  145,     0.40353321434197,    3.15822299656932,    1.84137091856010,    5.81545998021050,    1.84137091856010,
  146,     0.40591002951854,    3.15198285591973,    1.84729469511077,    5.82264120882062,    1.84729469511077,
  147,     0.40826833626079,    3.15896722028689,    1.84892994471424,    5.84070908795913,    1.84892994471424,
  148,     0.40950612497394,    3.16225157206067,    1.84956897422311,    5.84880239637168,    1.84956897422311,
  149,     0.41073976185125,    3.16406187883070,    1.84958101439735,    5.85218877946366,    1.84958101439735,
  150,     0.41306596783759,    3.16529808879487,    1.85249730605497,    5.86370618235346,    1.85249730605497,
  151,     0.41537234302919,    3.16105656554106,    1.85855151201222,    5.87498645944249,    1.85855151201222,
  152,     0.41657989838099,    3.15493971959643,    1.86228940833626,    5.87541082374379,    1.86228940833626,
  153,     0.41778058087381,    3.14737923454831,    1.86790366075995,    5.87900119401262,    1.86790366075995,
  154,     0.42003847819380,    3.13737295250979,    1.87402871663813,    5.87952700780710,    1.87402871663813,
  155,     0.42227535800807,    3.13251212869042,    1.88115268337528,    5.89273359659158,    1.88115268337528,
  156,     0.42344513409239,    3.12191209385859,    1.88730943785528,    5.89201415889386,    1.88730943785528,
  157,     0.42460778238237,    3.11285549432343,    1.89224192107459,    5.89027566060616,    1.89224192107459,
  158,     0.42679789848745,    3.11876551779916,    1.89142229457269,    5.89890263190986,    1.89142229457269,
  159,     0.42897555717026,    3.12167798082624,    1.89353965174015,    5.91102103665861,    1.89353965174015,
  160,     0.43011482741929,    3.11483587035948,    1.90303026341044,    5.92762692685048,    1.90303026341044,
  161,     0.43124740591142,    3.10646799351293,    1.90333317375764,    5.91264358526950,    1.90333317375764,
  162,     0.43337713703968,    3.08417061548239,    1.91546894723071,    5.90763304191795,    1.91546894723071,
  163,     0.43547558068046,    3.04684304852334,    1.93367265400670,    5.89159708398001,    1.93367265400670,
  164,     0.43656918091763,    3.03029824916357,    1.93893473181548,    5.87555052306289,    1.93893473181548,
  165,     0.43766045220099,    3.02265932529077,    1.93650558859804,    5.85339667585355,    1.93650558859804,
  166,     0.43971415517089,    3.00808555958417,    1.94510978710724,    5.85105666240312,    1.94510978710724,
  167,     0.44174011209963,    2.99952759715547,    1.96421810168084,    5.89172640282400,    1.96421810168084,
  168,     0.44279383271052,    2.99030342526766,    1.97532085921738,    5.90680873132039,    1.97532085921738,
  169,     0.44384433554772,    2.97998844834892,    1.97038461215100,    5.87172338301445,    1.97038461215100,
  170,     0.44582355975779,    2.95740444174586,    1.97674613966559,    5.84603781365100,    1.97674613966559,
  171,     0.44777640775498,    2.93175752681780,    1.99777554967876,    5.85699350466327,    1.99777554967876,
  172,     0.44879065902025,    2.91558018416917,    2.01352579856031,    5.87059591859586,    2.01352579856031,
  173,     0.44980054426514,    2.89726374585059,    2.00693299293123,    5.81461420077107,    2.00693299293123,
  174,     0.45170233028853,    2.86083061706506,    2.01844318521301,    5.77442406306369,    2.01844318521301,
  175,     0.45357191251478,    2.83070718857289,    2.04705926659424,    5.79462538138306,    2.04705926659424,
  176,     0.45454113420540,    2.81631843606284,    2.06414257576905,    5.81328279080063,    2.06414257576905,
  177,     0.45550670847159,    2.79833438776232,    2.05298875899636,    5.74494904198900,    2.05298875899636,
  178,     0.45733106134503,    2.76949289963731,    2.05673863890057,    5.69612305684484,    2.05673863890057,
  179,     0.45912887774381,    2.74762824399156,    2.08415666979959,    5.72648773084474,    2.08415666979959,
  180,     0.46006038569683,    2.73757168951702,    2.10624262974887,    5.76599019445439,    2.10624262974887,
  181,     0.46098525759097,    2.72660653813680,    2.09943943102946,    5.72434527906711,    2.09943943102946,
  182,     0.46273218890627,    2.70491110110470,    2.10086342961443,    5.68264881266896,    2.10086342961443,
  183,     0.46445687832822,    2.67684580002367,    2.12481966797372,    5.68781460402314,    2.12481966797372,
  184,     0.46535114038787,    2.66233881044209,    2.14629160599451,    5.71415544116527,    2.14629160599451,
  185,     0.46624108317273,    2.64541276654589,    2.13380555662253,    5.64479646081580,    2.13380555662253,
  186,     0.46792377209319,    2.61799614165503,    2.13491573709469,    5.58920116247251,    2.13491573709469,
  187,     0.46958347439181,    2.58859453047576,    2.16212633629012,    5.59686840831819,    2.16212633629012,
  188,     0.47044328234391,    2.56927204681996,    2.18763579202787,    5.62063148908005,    2.18763579202787,
  189,     0.47129655277657,    2.55269426099483,    2.17721120038508,    5.55775453619667,    2.17721120038508,
  190,     0.47291022874949,    2.52137653925547,    2.17818568005627,    5.49202627183611,    2.17818568005627,
  191,     0.47450171523582,    2.49591915304971,    2.20574616625189,    5.50536410311406,    2.20574616625189,
  192,     0.47532636448068,    2.48339687967071,    2.22953156049611,    5.53681172046341,    2.22953156049611,
  193,     0.47614517502971,    2.46915683579442,    2.22089077980820,    5.48372765051623,    2.22089077980820,
  194,     0.47769193777685,    2.44264076854097,    2.22296547445987,    5.42990609497470,    2.22296547445987,
  195,     0.47921784797052,    2.41531119813566,    2.24921035408729,    5.43254295518973,    2.24921035408729,
  196,     0.48000897208382,    2.40061947638341,    2.27186161302064,    5.45387523586519,    2.27186161302064,
  197,     0.48079542058467,    2.38552393587311,    2.26104366881947,    5.39377379202318,    2.26104366881947,
  198,     0.48228142729750,    2.35644575033593,    2.26313754203470,    5.33296084335337,    2.26313754203470,
  199,     0.48374662669311,    2.32604689813465,    2.29190559425248,    5.33107989832843,    2.29190559425248,
  200,     0.48450559855371,    2.30951735483625,    2.31736895043274,    5.35200380858308,    2.31736895043274,
  201,     0.48525937167095,    2.29310999444530,    2.30672355717160,    5.28957084337261,    2.30672355717160,
  202,     0.48668370689568,    2.26231630952955,    2.30886026327523,    5.22337223003225,    2.30886026327523,
  203,     0.48808792509492,    2.23165833158637,    2.33844833628610,    5.21861771265716,    2.33844833628610,
  204,     0.48881525120690,    2.21546918868184,    2.36432226391779,    5.23808312782435,    2.36432226391779,
  205,     0.48953764448012,    2.19865125458138,    2.35333437146683,    5.17416156827503,    2.35333437146683,
  206,     0.49090269058546,    2.16674011990988,    2.35538885448308,    5.10351552899707,    2.35538885448308,
  207,     0.49224856385045,    2.13552490786215,    2.38510344709946,    5.09344781910878,    2.38510344709946,
  208,     0.49294580283512,    2.11965494126277,    2.41170902576655,    5.11199095335410,    2.41170902576655,
  209,     0.49363786584617,    2.10353762373774,    2.40181784092633,    5.05231419375307,    2.40181784092633,
  210,     0.49494545316466,    2.07259088315319,    2.40355772631550,    4.98159183069392,    2.40355772631550,
  211,     0.49623535282613,    2.04250292409890,    2.43160004008671,    4.96655019211611,    2.43160004008671,
  212,     0.49690419319112,    2.02751976392849,    2.45718730239798,    4.98199581928604,    2.45718730239798,
  213,     0.49756798307408,    2.01253980612400,    2.44838179948581,    4.92746583205470,    2.44838179948581,
  214,     0.49882195398650,    1.98363038486503,    2.44972512290782,    4.85934918836718,    2.44972512290782,
  215,     0.50005983965077,    1.95567778041024,    2.47522805881419,    4.84074851607089,    2.47522805881419,
  216,     0.50070248437564,    1.94194696602861,    2.49897040262619,    4.85286799157522,    2.49897040262619,
  217,     0.50134029293759,    1.92843421235876,    2.49150017811510,    4.80469418357510,    2.49150017811510,
  218,     0.50254488448698,    1.90241637019297,    2.49260353672357,    4.74196977266383,    2.49260353672357,
  219,     0.50373491506420,    1.87744550073238,    2.51512267423270,    4.72200574852816,    2.51512267423270,
  220,     0.50435355681526,    1.86530157782716,    2.53632855919227,    4.73101766334942,    2.53632855919227,
  221,     0.50496771052796,    1.85340829848482,    2.53010274714346,    4.68931342757493,    2.53010274714346,
  222,     0.50612729333063,    1.83053281117472,    2.53114452574720,    4.63334310420552,    2.53114452574720,
  223,     0.50727366243184,    1.80888658958661,    2.55063956247081,    4.61381769942251,    2.55063956247081,
  224,     0.50787042027125,    1.79831833501186,    2.56896093332321,    4.61980954832430,    2.56896093332321,
  225,     0.50846308243715,    1.78813351571188,    2.56401549081230,    4.58480203392593,    2.56401549081230,
  226,     0.50958176622310,    1.76821534285203,    2.56487693806860,    4.53525475442022,    2.56487693806860,
  227,     0.51068855109190,    1.75053141692567,    2.58121604633095,    4.51849978297499,    2.58121604633095,
  228,     0.51126546077317,    1.73809140602118,    2.59738133125305,    4.51448617001078,    2.59738133125305,
  229,     0.51183829097494,    1.72983092472609,    2.59505525257557,    4.48900682727809,    2.59505525257557,
  230,     0.51291859138604,    1.70614985408400,    2.59820104964207,    4.43292034172772,    2.59820104964207,
  231,     0.51398708056966,    1.68169488056815,    2.61432845823459,    4.39650278433674,    2.61432845823459,
  232,     0.51454428193455,    1.67216041698844,    2.62962607369111,    4.39715663190700,    2.62962607369111,
  233,     0.51509725862261,    1.66007483686186,    2.63043796686060,    4.36672387871135,    2.63043796686060,
  234,     0.51613944815200,    1.64649500964589,    2.63376459507830,    4.33648026237844,    2.63376459507830,
  235,     0.51717137642809,    1.63113637166094,    2.64491894627874,    4.31422349337036,    2.64491894627874,
  236,     0.51771056295432,    1.62149964310185,    2.65462383584938,    4.30447160239944,    2.65462383584938,
  237,     0.51824674218507,    1.61135923074627,    2.65381997301313,    4.27625731025353,    2.65381997301313,
  238,     0.51925780169872,    1.59838355415472,    2.65470634511716,    4.24323896314545,    2.65470634511716,
  239,     0.52026014568372,    1.58661858688592,    2.66287748940641,    4.22497091929232,    2.66287748940641,
  240,     0.52078430568167,    1.57498376069438,    2.67189122939915,    4.20818529664541,    2.67189122939915,
  241,     0.52130538457001,    1.56489050601720,    2.67359564805480,    4.18388444656985,    2.67359564805480,
  242,     0.52228650378876,    1.54631230044415,    2.68034303135800,    4.14464739879863,    2.68034303135800,
  243,     0.52325757145114,    1.52553703727100,    2.69123589168078,    4.10558002879207,    2.69123589168078,
  244,     0.52376540069328,    1.51491639111359,    2.70040362544081,    4.09088571480285,    2.70040362544081,
  245,     0.52427001237078,    1.50486817774017,    2.70182222078962,    4.06588628197758,    2.70182222078962,
  246,     0.52522094361150,    1.50101304312749,    2.70684738670089,    4.06301323319360,    2.70684738670089,
  247,     0.52616289386570,    1.48989730801502,    2.71526338401379,    4.04546360639390,    2.71526338401379,
  248,     0.52665610412450,    1.47885834082398,    2.71941188178523,    4.02162494351391,    2.71941188178523,
  249,     0.52714731969359,    1.47077288184346,    2.71756162111837,    3.99691593707946,    2.71756162111837,
  250,     0.52807422115105,    1.46306676365158,    2.71787230944162,    3.97642864379299,    2.71787230944162,
  251,     0.52899369741120,    1.45485546363425,    2.72538482903392,    3.96504100902589,    2.72538482903392,
  252,     0.52947491854077,    1.44638076532098,    2.73327024285539,    3.95334950569024,    2.73327024285539,
  253,     0.52995336578102,    1.43535512235353,    2.73643130291916,    3.92775068761354,    2.73643130291916,
  254,     0.53085466655568,    1.41265673251993,    2.74115325094189,    3.87230859481195,    2.74115325094189,
  255,     0.53174833598696,    1.39756446581118,    2.74818850984523,    3.84077060671026,    2.74818850984523,
  256,     0.53221636060572,    1.39536895924692,    2.75234006537897,    3.84052989252145,    2.75234006537897,
  257,     0.53268277663373,    1.39252428970055,    2.75168753338447,    3.83179172790408,    2.75168753338447,
  258,     0.53356185719982,    1.38027675098867,    2.75626703223242,    3.80441130410693,    2.75626703223242,
  259,     0.53443383586195,    1.36918630700500,    2.76140159527121,    3.78087325238712,    2.76140159527121,
  260,     0.53489110828491,    1.37020618383736,    2.76358922645546,    3.78668704767557,    2.76358922645546,
  261,     0.53534657226595,    1.36711007504510,    2.76485865248334,    3.77986611988560,    2.76485865248334,
  262,     0.53620510716092,    1.34768737718751,    2.76999048596867,    3.73308121286947,    2.76999048596867,
  263,     0.53705682391745,    1.32968822582274,    2.77481233565314,    3.68963529158568,    2.77481233565314,
  264,     0.53750370454900,    1.32514135696506,    2.77771013156505,    3.68085857299771,    2.77771013156505,
  265,     0.53794828195701,    1.32125134193013,    2.78145767827112,    3.67500468993758,    2.78145767827112,
  266,     0.53878691176247,    1.31091751542031,    2.78300915842152,    3.64829545134993,    2.78300915842152,
  267,     0.53962037467529,    1.30398417583288,    2.78409967443512,    3.63042191940486,    2.78409967443512,
  268,     0.54005803715101,    1.30699156652508,    2.78459836215344,    3.63944657549410,    2.78459836215344,
  269,     0.54049399944986,    1.29576174671782,    2.78896867485573,    3.61383892167233,    2.78896867485573,
  270,     0.54131583347828,    1.28306781128848,    2.79196962992597,    3.58228636225302,    2.79196962992597,
  271,     0.54213263143980,    1.27230092534696,    2.79425704696129,    3.55513582650611,    2.79425704696129,
  272,     0.54256131718845,    1.26995553592564,    2.79609168049971,    3.55091210860622,    2.79609168049971,
  273,     0.54298846780054,    1.26203157477072,    2.80076191896246,    3.53464997514606,    2.80076191896246,
  274,     0.54379366417632,    1.25117954278659,    2.80317054413901,    3.50726963976868,    2.80317054413901,
  275,     0.54459462320821,    1.24714159918963,    2.80386689319394,    3.49681904109276,    2.80386689319394,
  276,     0.54501518102001,    1.23288758748448,    2.80590695334067,    3.45936785441009,    2.80590695334067,
  277,     0.54543456839979,    1.23305576578937,    2.80756762676945,    3.46188745003165,    2.80756762676945,
  278,     0.54622593839610,    1.22465937304934,    2.80887751215153,    3.43991817300389,    2.80887751215153,
  279,     0.54701316860496,    1.21814361766793,    2.81214704637299,    3.42559897648297,    2.81214704637299,
  280,     0.54742624766771,    1.20982134773084,    2.81587182101043,    3.40670184153214,    2.81587182101043,
  281,     0.54783855177265,    1.20929602411351,    2.81343286614138,    3.40227317913504,    2.81343286614138,
  282,     0.54861728611244,    1.20346959217571,    2.81486150903494,    3.38760023230939,    2.81486150903494,
  283,     0.54939197533618,    1.18969120756059,    2.81808348782060,    3.35264914763186,    2.81808348782060,
  284,     0.54979888608071,    1.18560691024221,    2.82243893909932,    3.34630310993284,    2.82243893909932,
  285,     0.55020471164168,    1.19019586454372,    2.81781191338704,    3.35374808637530,    2.81781191338704,
  286,     0.55097257294258,    1.18067286034853,    2.81811154859767,    3.32726782286404,    2.81811154859767,
  287,     0.55173643399237,    1.16174357648977,    2.82222318704872,    3.27869965897435,    2.82222318704872,
  288,     0.55213800161868,    1.16392190992672,    2.82251875819802,    3.28519142384585,    2.82251875819802,
  289,     0.55253857944364,    1.16465802718330,    2.82286140107136,    3.28766819038367,    2.82286140107136,
  290,     0.55329530333528,    1.15840034794817,    2.82792724922676,    3.27587190947639,    2.82792724922676,
  291,     0.55404810967673,    1.14462837672069,    2.82922533387881,    3.23841160129474,    2.82922533387881,
  292,     0.55444460578255,    1.14338309099006,    2.82746806558844,    3.23287917650819,    2.82746806558844,
  293,     0.55483985981772,    1.14577996835361,    2.82951724388560,    3.24200417815523,    2.82951724388560,
  294,     0.55558719268331,    1.13793896746856,    2.83268151842217,    3.22341868224059,    2.83268151842217,
  295,     0.55633139211171,    1.12494182097619,    2.83278918874346,    3.18672302842672,    2.83278918874346,
  296,     0.55672358119282,    1.11736799769261,    2.82653592908144,    3.15828079148394,    2.82653592908144,
  297,     0.55711571999584,    1.11770680495620,    2.82577628038297,    3.15838937786785,    2.82577628038297,
  298,     0.55785685135417,    1.10970474758775,    2.83199107034461,    3.14267393588752,    2.83199107034461,
  299,     0.55859424162269,    1.10521555909147,    2.83667797501947,    3.13514063412361,    2.83667797501947,
  300,     0.55898241057541,    1.09607375222075,    2.83265689383554,    3.10480087038029,    2.83265689383554,
  301,     0.55937064466095,    1.09825910926202,    2.83137260953094,    3.10958076013233,    2.83137260953094,
  302,     0.56010479683513,    1.08620822680424,    2.83568437903588,    3.08014370112903,    2.83568437903588,
  303,     0.56083616519724,    1.08212743398458,    2.83866258608709,    3.07179466023046,    2.83866258608709,
  304,     0.56122134421632,    1.08792097772590,    2.83741864274833,    3.08688726403645,    2.83741864274833,
  305,     0.56160617235508,    1.07470684236020,    2.83693303377942,    3.04887134272043,    2.83693303377942,
  306,     0.56233453693113,    1.06421594387482,    2.83919136904253,    3.02151272264682,    2.83919136904253,
  307,     0.56306106772113,    1.06539598658881,    2.83964086644384,    3.02534198246282,    2.83964086644384,
  308,     0.56344412754409,    1.06017527867440,    2.83880389328361,    3.00962970866391,    2.83880389328361,
  309,     0.56382662054876,    1.05823767465037,    2.83854429692969,    3.00385451617496,    2.83854429692969,
  310,     0.56455140937678,    1.04579665323739,    2.83851530197772,    2.96850980297143,    2.83851530197772,
  311,     0.56527489219322,    1.04568723604271,    2.84039472727292,    2.97016451163230,    2.84039472727292,
  312,     0.56565614857656,    1.04259966655062,    2.83907985668486,    2.96002371189022,    2.83907985668486,
  313,     0.56603742787247,    1.04137325100964,    2.83856957461666,    2.95601042613559,    2.83856957461666,
  314,     0.56675948867890,    1.02553457483677,    2.84018054579991,    2.91270334849658,    2.84018054579991,
  315,     0.56748073828186,    1.01977667847308,    2.83984999300804,    2.89601279323155,    2.83984999300804,
  316,     0.56786125734352,    1.01592019347524,    2.83935542673963,    2.88455851447831,    2.83935542673963,
  317,     0.56824135613180,    1.01841668928515,    2.84102346988101,    2.89334571637762,    2.84102346988101,
  318,     0.56896151657840,    1.00640514062454,    2.84261491833620,    2.86082226662955,    2.84261491833620,
  319,     0.56968121973690,    0.99998465573212,    2.84216186246537,    2.84211825157240,    2.84216186246537,
  320,     0.57006111790856,    0.99605960720716,    2.83978502032572,    2.82859515189842,    2.83978502032572,
  321,     0.57044105042125,    0.99856819664208,    2.84071670385906,    2.83664935614356,    2.84071670385906,
  322,     0.57116106676477,    0.99051117599699,    2.84240051355498,    2.81542947533579,    2.84240051355498,
  323,     0.57188113716670,    0.97813330112471,    2.84067934846396,    2.77856306854985,    2.84067934846396,
  324,     0.57226155449939,    0.97595543777600,    2.83739418588967,    2.76917028483302,    2.83739418588967,
  325,     0.57264228978797,    0.97529173576872,    2.83661870007900,    2.76653077571407,    2.83661870007900,
  326,     0.57336393446699,    0.97120093526788,    2.84193172109544,    2.76008674549534,    2.84193172109544,
  327,     0.57408486753350,    0.95382809782691,    2.84345940878179,    2.71217147912637,    2.84345940878179,
  328,     0.57446586228693,    0.95625306982182,    2.83947031339716,    2.71525220385395,    2.83947031339716,
  329,     0.57484712511473,    0.95420329964439,    2.83849986819602,    2.70850594027281,    2.83849986819602,
  330,     0.57557096532198,    0.95608293356408,    2.83906053343781,    2.71437732337523,    2.83906053343781,
  331,     0.57629515000661,    0.93213911553411,    2.84114664231339,    2.64834391826871,    2.84114664231339,
  332,     0.57667757411845,    0.92609743230876,    2.83802808826731,    2.62829052536449,    2.83802808826731,
  333,     0.57706089744215,    0.92499871475681,    2.83554454809732,    2.62287506262571,    2.83554454809732,
  334,     0.57778853261508,    0.92912826984971,    2.83641699315414,    2.63539521342161,    2.83641699315414,
  335,     0.57851683047752,    0.92139860472792,    2.83996365161189,    2.61673854607320,    2.83996365161189,
  336,     0.57890116251996,    0.91421711448714,    2.84024787814933,    2.59660321958989,    2.84024787814933,
  337,     0.57928643072083,    0.90783646235973,    2.83641516741489,    2.57500111136942,    2.83641516741489,
  338,     0.58001816907681,    0.90833993748439,    2.83677815626222,    2.57675889311631,    2.83677815626222,
  339,     0.58075102212910,    0.90475518846022,    2.83998239592262,    2.56948880784667,    2.83998239592262,
  340,     0.58113794436661,    0.89463982638924,    2.83889587694319,    2.53978931448559,    2.83889587694319,
  341,     0.58152620094372,    0.88796843214425,    2.83419519672390,    2.51667586522569,    2.83419519672390,
  342,     0.58226395062192,    0.88447983801016,    2.83345260574950,    2.50613170174277,    2.83345260574950,
  343,     0.58300389297725,    0.88063142900700,    2.83185431845605,    2.49381991520159,    2.83185431845605,
  344,     0.58339539010766,    0.86852440559472,    2.82853169562036,    2.45664880964451,    2.82853169562036,
  345,     0.58378825779418,    0.86195921165535,    2.82320734807443,    2.43348958008582,    2.82320734807443,
  346,     0.58453514853162,    0.85574482064648,    2.82517617164655,    2.41762987630038,    2.82517617164655,
  347,     0.58528341370422,    0.85297558484690,    2.82786908082828,    2.41210328308997,    2.82786908082828,
  348,     0.58567922970518,    0.84506645220572,    2.82625446370611,    2.38837283267471,    2.82625446370611,
  349,     0.58607601100269,    0.84351259489903,    2.82200879587270,    2.38039996223446,    2.82200879587270,
  350,     0.58683074538530,    0.84096830538829,    2.82462599228732,    2.37542093408957,    2.82462599228732,
  351,     0.58758691937625,    0.83843706009882,    2.82770116471348,    2.37084945138038,    2.82770116471348,
  352,     0.58798718001784,    0.82605602550119,    2.82360686043227,    2.33245746070658,    2.82360686043227,
  353,     0.58838853496511,    0.82138135643878,    2.82197309243411,    2.31791608649727,    2.82197309243411,
  354,     0.58915216916885,    0.81682200034204,    2.82109589525829,    2.30433319232160,    2.82109589525829,
  355,     0.58991933144839,    0.80052984768319,    2.81628065494507,    2.25451672373630,    2.81628065494507,
  356,     0.59032632933527,    0.79301454488659,    2.80917537456742,    2.22771693116920,    2.80917537456742,
  357,     0.59073440446644,    0.78890861967008,    2.81125056046429,    2.21781979920262,    2.81125056046429,
  358,     0.59151093067496,    0.78212918216804,    2.80757343312557,    2.19588511312723,    2.80757343312557,
  359,     0.59229187762748,    0.76972514484672,    2.80553503228480,    2.15949085909796,    2.80553503228480,
  360,     0.59270517634165,    0.77289232033501,    2.80910626374936,    2.17113665825686,    2.80910626374936,
  361,     0.59311896540981,    0.77388520664354,    2.80977535484542,    2.17444358110648,    2.80977535484542,
  362,     0.59390667992471,    0.76739243374207,    2.80643933018437,    2.15364030773966,    2.80643933018437,
  363,     0.59469877023377,    0.76423301377679,    2.80688826335706,    2.14511667684006,    2.80688826335706,
  364,     0.59511771831654,    0.76112731363041,    2.81244332572928,    2.14062743325011,    2.81244332572928,
  365,     0.59553762176424,    0.75719153744708,    2.80676047857826,    2.12525528202037,    2.80676047857826,
  366,     0.59633898788085,    0.74135465427219,    2.79745608285251,    2.07390708714475,    2.79745608285251,
  367,     0.59714631520498,    0.73036969081186,    2.79431675222720,    2.04088426235457,    2.79431675222720,
  368,     0.59757392590860,    0.71859227775410,    2.79644408950211,    2.00950312788732,    2.79644408950211,
  369,     0.59800322541898,    0.70808240181219,    2.78797735053829,    1.97411769856714,    2.78797735053829,
  370,     0.59882219734790,    0.69962286894878,    2.78507532819623,    1.94850239135112,    2.78507532819623,
  371,     0.59964527733730,    0.70314683750316,    2.78788697661287,    1.96029391092158,    2.78788697661287,
  372,     0.60008114476099,    0.69592996436278,    2.78916685015982,    1.94106478663358,    2.78916685015982,
  373,     0.60051841778448,    0.68629853148795,    2.78351266442549,    1.91032065397333,    2.78351266442549,
  374,     0.60135226226517,    0.68323093206560,    2.78294093015168,    1.90139132559103,    2.78294093015168,
  375,     0.60219055138013,    0.67869129949194,    2.78182670768714,    1.88800158320158,    2.78182670768714,
  376,     0.60263557787483,    0.66643601163475,    2.77603114852890,    1.85004712679943,    2.77603114852890,
  377,     0.60308233789802,    0.65670216420311,    2.77331036588442,    1.82123891928320,    2.77331036588442,
  378,     0.60393480111865,    0.65152043063388,    2.76785688086860,    1.80331530695645,    2.76785688086860,
  379,     0.60479392036204,    0.64124907723112,    2.76191310252981,    1.77107422838979,    2.76191310252981,
  380,     0.60525026731015,    0.63199257255544,    2.75616608539984,    1.74187649470189,    2.75616608539984,
  381,     0.60570826662016,    0.62626728707620,    2.75873037613902,    1.72770258843928,    2.75873037613902,
  382,     0.60658030006489,    0.61605626773481,    2.75810514807068,    1.69914796354060,    2.75810514807068,
  383,     0.60745844603969,    0.60152982285188,    2.75526160920200,    1.65737202769386,    2.75526160920200,
  384,     0.60792425844292,    0.59603999690901,    2.75205270320080,    1.64033348470923,    2.75205270320080,
  385,     0.60839248164177,    0.59520486697965,    2.74928508573758,    1.63638786374557,    2.74928508573758,
  386,     0.60928516578532,    0.58834690376792,    2.74503114653741,    1.61503057581180,    2.74503114653741,
  387,     0.61018522787720,    0.57348151946415,    2.74023806031536,    1.57147588652316,    2.74023806031536,
  388,     0.61066292055641,    0.57034286709935,    2.73997411672632,    1.56272469351171,    2.73997411672632,
  389,     0.61114266338058,    0.55804215282750,    2.73395875064039,    1.52566422694893,    2.73395875064039,
  390,     0.61205919399825,    0.54780517596824,    2.72645107579334,    1.49356401134375,    2.72645107579334,
  391,     0.61298367805940,    0.53058075453720,    2.72222209974798,    1.44435865570212,    2.72222209974798,
  392,     0.61347446302550,    0.51579654133325,    2.71755584300132,    1.40170590470005,    2.71755584300132,
  393,     0.61396865964246,    0.50690134848270,    2.70849728560130,    1.37294092643302,    2.70849728560130,
  394,     0.61491293055440,    0.49806869759644,    2.70151745418506,    1.34554127993999,    2.70151745418506,
  395,     0.61586484942374,    0.48938505508911,    2.70145040866622,    1.32204945706563,    2.70145040866622,
  396,     0.61636937802755,    0.48053314171132,    2.70300036474114,    1.29888125731591,    2.70300036474114,
  397,     0.61687615381463,    0.46948528738537,    2.69798104894961,    1.26666240812639,    2.69798104894961,
  398,     0.61784432348317,    0.45835114459906,    2.68934375100711,    1.23266378649445,    2.68934375100711,
  399,     0.61882180637527,    0.45099547094386,    2.68483526790519,    1.21084854605558,    2.68483526790519,
  400,     0.61934048194135,    0.44302470836458,    2.68291850263084,    1.18859918719397,    2.68291850263084,
  401,     0.61986269038423,    0.43012681582189,    2.67380859810571,    1.15007677842041,    2.67380859810571,
  402,     0.62086125525946,    0.41022146476471,    2.66271689806171,    1.09230362617663,    2.66271689806171,
  403,     0.62187038699328,    0.38886913752100,    2.65630449022510,    1.03295483610700,    2.65630449022510,
  404,     0.62240619003997,    0.37628923541743,    2.65504730101507,    0.99906571889608,    2.65504730101507,
  405,     0.62294547171640,    0.36661878263152,    2.64481995696450,    0.96964067290186,    2.64481995696450,
  406,     0.62397708860603,    0.35678595313453,    2.63554603227756,    0.94032580315608,    2.63554603227756,
  407,     0.62501814038411,    0.34467295492343,    2.63441400842593,    0.90801126077585,    2.63441400842593,
  408,     0.62557016470303,    0.33426279456453,    2.63596500360148,    0.88110502847814,    2.63596500360148,
  409,     0.62612535871842,    0.32245454463764,    2.62553042574302,    0.84661421786525,    2.62553042574302,
  410,     0.62718832275481,    0.30814801930679,    2.61334702364574,    0.80529770909774,    2.61334702364574,
  411,     0.62826240685827,    0.29695858380383,    2.60895658761926,    0.77475205346508,    2.60895658761926,
  412,     0.62883251002814,    0.28508639565261,    2.60943519210826,    0.74391447360723,    2.60943519210826,
  413,     0.62940626299759,    0.27254618454540,    2.59610212032762,    0.70755772758553,    2.59610212032762,
  414,     0.63050642758017,    0.24641959726825,    2.58036299971253,    0.63585201119504,    2.58036299971253,
  415,     0.63161907412553,    0.22315870956356,    2.57535332101458,    0.57471252378785,    2.57535332101458,
  416,     0.63220965446554,    0.21218772644705,    2.57599248348056,    0.54659398841444,    2.57599248348056,
  417,     0.63280414515838,    0.20065107668148,    2.56233296942324,    0.51413486913122,    2.56233296942324,
  418,     0.63394402866203,    0.18230692283299,    2.54753812984623,    0.46443383725198,    2.54753812984623,
  419,     0.63509621018605,    0.16264690777404,    2.54491932490480,    0.41392325873016,    2.54491932490480,
  420,     0.63570725752943,    0.15208588433696,    2.54740645212931,    0.38742456303777,    2.54740645212931,
  421,     0.63632230535207,    0.14137071098402,    2.53253040449350,    0.35802562387189,    2.53253040449350,
  422,     0.63750263910141,    0.11972500663134,    2.51502290877221,    0.30111113443071,    2.51502290877221,
  423,     0.63869684145012,    0.09679009987901,    2.51110583602819,    0.24305018467595,    2.51110583602819,
  424,     0.63933022028302,    0.08471796816452,    2.51412941784699,    0.21299193598264,    2.51412941784699,
  425,     0.63996806671402,    0.07237072699806,    2.49673832069102,    0.18069076739232,    2.49673832069102,
  426,     0.64119363383176,    0.04720045883956,    2.47625294405556,    0.11688027516223,    2.47625294405556,
  427,     0.64243470551657,    0.02066221996803,    2.47129931083806,    0.05106252996737,    2.47129931083806,
  428,     0.64309301133130,    0.00655035344860,    2.47453315925864,    0.01620906681342,    2.47453315925864,
  429,     0.64375634837233,    -0.00780809771497,    2.45449664082237,    -0.01916494961260,    2.45449664082237,
  430,     0.64503258039958,    -0.03683690389152,    2.43103237068638,    -0.08955170579614,    2.43103237068638,
  431,     0.64632599954362,    -0.06710819976467,    2.42556233339087,    -0.16277512161086,    2.42556233339087,
  432,     0.64701199658850,    -0.08312166358018,    2.42957329063846,    -0.20195017370784,    2.42957329063846,
  433,     0.64770345561447,    -0.09930543246446,    2.40741912766515,    -0.23906979759600,    2.40741912766515,
  434,     0.64903535591598,    -0.13150876948215,    2.38153730519993,    -0.31319304048267,    2.38153730519993,
  435,     0.65038608131933,    -0.16458314579041,    2.37581713432317,    -0.39101945778965,    2.37581713432317,
  436,     0.65110234873474,    -0.18192394843699,    2.38090542672546,    -0.43314371608496,    2.38090542672546,
  437,     0.65182426843540,    -0.19924094804069,    2.35758671362575,    -0.46972781191094,    2.35758671362575,
  438,     0.65321615742617,    -0.23319607875891,    2.32986765180519,    -0.54331600042819,    2.32986765180519,
  439,     0.65462856174759,    -0.26776913481565,    2.32372922318059,    -0.62222296363690,    2.32372922318059,
  440,     0.65537749116546,    -0.28588276933823,    2.32971606976970,    -0.66602568179755,    2.32971606976970,
  441,     0.65613204797244,    -0.30370728598733,    2.30644923099743,    -0.70048543621379,    2.30644923099743,
  442,     0.65758750055652,    -0.33770918791278,    2.27822903976594,    -0.76937887889866,    2.27822903976594,
  443,     0.65906481176514,    -0.37152650782648,    2.27181585457888,    -0.84403981087652,    2.27181585457888,
  444,     0.65984819663968,    -0.38914107895290,    2.27833878412436,    -0.88659521267439,    2.27833878412436,
  445,     0.66063686228793,    -0.40593283126023,    2.25678046816524,    -0.91610128497509,    2.25678046816524,
  446,     0.66215774092824,    -0.43701730246843,    2.22949306209924,    -0.97432704387068,    2.22949306209924,
  447,     0.66370141721942,    -0.46796828674208,    2.22276759041435,    -1.04018474111204,    2.22276759041435,
  448,     0.66452015548683,    -0.48425116924726,    2.22852850280640,    -1.07916753318484,    2.22852850280640,
  449,     0.66534451973551,    -0.49941758852308,    2.20769902048871,    -1.10256372099725,    2.20769902048871,
  450,     0.66693323583167,    -0.52858896898735,    2.18322644038638,    -1.15402941318975,    2.18322644038638,
  451,     0.66854395460662,    -0.55863853189004,    2.17854832431084,    -1.21702103754451,    2.17854832431084,
  452,     0.66939787520316,    -0.57354884990598,    2.18565792083109,    -1.25358158678058,    2.18565792083109,
  453,     0.67025601359117,    -0.58513033064153,    2.16855543371728,    -1.26888755794549,    2.16855543371728,
  454,     0.67190945117642,    -0.60571748062160,    2.14333661217424,    -1.29825645285022,    2.14333661217424,
  455,     0.67358711152537,    -0.63131925788068,    2.13736191551531,    -1.34935773832557,    2.13736191551531,
  456,     0.67447639729476,    -0.64888583890487,    2.14228865589619,    -1.39010077165759,    2.14228865589619,
  457,     0.67537238583017,    -0.66398404653900,    2.12296435708088,    -1.40961446447263,    2.12296435708088,
  458,     0.67709825399279,    -0.69095212709653,    2.09800146510944,    -1.44961857496901,    2.09800146510944,
  459,     0.67885039064850,    -0.72164054461226,    2.08988155446395,    -1.50814326313849,    2.08988155446395,
  460,     0.67978000613533,    -0.74378752085535,    2.09506002282995,    -1.55827950042383,    2.09506002282995,
  461,     0.68071671276970,    -0.76516820468896,    2.07230240093510,    -1.58565990769614,    2.07230240093510,
  462,     0.68252367690746,    -0.79610179668662,    2.04817924648505,    -1.63055917806298,    2.04817924648505,
  463,     0.68435443786309,    -0.82528662311374,    2.04601962303234,    -1.68855262551682,    2.04601962303234,
  464,     0.68532392060252,    -0.84303426931468,    2.05500195269984,    -1.73243706963454,    2.05500195269984,
  465,     0.68629621238477,    -0.86015797697134,    2.04220607837860,    -1.75661984893672,    2.04220607837860,
  466,     0.68816693820986,    -0.87583072563276,    2.02095778769670,    -1.77001692567159,    2.02095778769670,
  467,     0.69006270945557,    -0.89131582962584,    2.01701644376442,    -1.79779868494284,    2.01701644376442,
  468,     0.69106668052801,    -0.91096251841787,    2.02197610000852,    -1.84194444024451,    2.02197610000852,
  469,     0.69207752242877,    -0.92593146037228,    2.00712199835403,    -1.85845740308128,    2.00712199835403,
  470,     0.69401991245070,    -0.94744532038211,    1.98662235581677,    -1.88221605438508,    1.98662235581677,
  471,     0.69599401136288,    -0.95890664677064,    1.96908910370582,    -1.88817262962715,    1.96908910370582,
  472,     0.69704768370713,    -0.97099509986349,    1.97127878163362,    -1.91410203743112,    1.97127878163362,
  473,     0.69810195579120,    -1.00782352683689,    1.96033416527133,    -1.97567089222261,    1.96033416527133,
  474,     0.70013376003823,    -1.04744092589701,    1.93936634518770,    -2.03137168025690,    1.93936634518770,
  475,     0.70219243462699,    -1.06244485469861,    1.93232357519610,    -2.05298724007992,    1.93232357519610,
  476,     0.70328653865012,    -1.06198239808026,    1.92933549068673,    -2.04892033110085,    1.92933549068673,
  477,     0.70438579471825,    -1.06799616179750,    1.92611095556312,    -2.05707910773754,    1.92611095556312,
  478,     0.70648959088661,    -1.08980052794043,    1.91219913233653,    -2.08391562394759,    1.91219913233653,
  479,     0.70862279457709,    -1.10826512418949,    1.89996687301273,    -2.10566702247537,    1.89996687301273,
  480,     0.70975755597651,    -1.12665623425924,    1.89667250942004,    -2.13689790708621,    1.89667250942004,
  481,     0.71090050642661,    -1.13038024449374,    1.88883709067464,    -2.13510413236564,    1.88883709067464,
  482,     0.71308563790814,    -1.14630882610637,    1.88153318066942,    -2.15681809161334,    1.88153318066942,
  483,     0.71529140245519,    -1.14610465291892,    1.87689847394011,    -2.15112207403918,    1.87689847394011,
  484,     0.71646275597802,    -1.14717595371191,    1.87444047312105,    -2.15031303742885,    1.87444047312105,
  485,     0.71763922911200,    -1.14905250323366,    1.87317663599941,    -2.15237830259392,    1.87317663599941,
  486,     0.71988236048467,    -1.14920089503515,    1.87033000324118,    -2.14938491373585,    1.87033000324118,
  487,     0.72214448207248,    -1.15512630123484,    1.86451713680761,    -2.15375278382954,    1.86451713680761,
  488,     0.72334714192673,    -1.15807681802088,    1.85925024400718,    -2.15315460648438,    1.85925024400718,
  489,     0.72455592533722,    -1.16135508448063,    1.85774273337074,    -2.15749896905706,    1.85774273337074,
  490,     0.72686345891195,    -1.17194958635861,    1.85046321774181,    -2.16864960260433,    1.85046321774181,
  491,     0.72919470308091,    -1.17870943291307,    1.84378404229198,    -2.17328564290415,    1.84378404229198,
  492,     0.73043253489654,    -1.17623860091627,    1.84259918257565,    -2.16733628456224,    1.84259918257565,
  493,     0.73167531238346,    -1.17452566557572,    1.84106455596259,    -2.16237757295982,    1.84106455596259,
  494,     0.73404654264572,    -1.18277049426995,    1.83486388019813,    -2.17022285850002,    1.83486388019813,
  495,     0.73644054373663,    -1.18629992071905,    1.82907231568871,    -2.16982834309093,    1.82907231568871,
  496,     0.73771122065885,    -1.18499229617836,    1.82844040995327,    -2.16668779981583,    1.82844040995327,
  497,     0.73898710978230,    -1.18407561381809,    1.82558858982699,    -2.16163493007871,    1.82558858982699,
  498,     0.74142067816357,    -1.18426212098413,    1.82229447423982,    -2.15807431912091,    1.82229447423982,
  499,     0.74387165409544,    -1.17784919164492,    1.82070083976986,    -2.14451101235017,    1.82070083976986,
  500,     0.74517095241826,    -1.17472151124006,    1.82032051804142,    -2.13836966989490,    1.82032051804142,
  501,     0.74647506268207,    -1.17315275536373,    1.81828403632418,    -2.13312492724759,    1.81828403632418,
  502,     0.74896169841875,    -1.17155771479245,    1.81502676274501,    -2.12640860644867,    1.81502676274501,
  503,     0.75146620870686,    -1.16596900614516,    1.81294823395119,    -2.11384145053270,    1.81294823395119,
  504,     0.75279396049067,    -1.16212405981179,    1.81244117678291,    -2.10628149853302,    1.81244117678291,
  505,     0.75412612239812,    -1.15825662101585,    1.81166074655976,    -2.09836805473736,    1.81166074655976,
  506,     0.75666362681830,    -1.15089901506925,    1.81033488267414,    -2.08351263341518,    1.81033488267414,
  507,     0.75921696871661,    -1.14294008669402,    1.80913885541915,    -2.06773732025428,    1.80913885541915,
  508,     0.76057021540033,    -1.13851803561601,    1.80858427541459,    -2.05910581649101,    1.80858427541459,
  509,     0.76192776947886,    -1.13396895948208,    1.80803952993396,    -2.05026070446168,    1.80803952993396,
  510,     0.76451293657898,    -1.12498289808725,    1.80710409102074,    -2.03296119746183,    1.80710409102074,
  511,     0.76711329011574,    -1.11551687813662,    1.80627980707769,    -2.01493561143252,    1.80627980707769,
  512,     0.76849109395418,    -1.11033670723068,    1.80588739319674,    -2.00514306179147,    1.80588739319674,
  513,     0.76987304089246,    -1.10503054941114,    1.80552278674336,    -1.99515783700935,    1.80552278674336,
  514,     0.77250399110905,    -1.09463078132594,    1.80490639454904,    -1.97570609688540,    1.80490639454904,
  515,     0.77514953839676,    -1.08379475016909,    1.80438356826570,    -1.95558143857773,    1.80438356826570,
  516,     0.77655094880195,    -1.07790667847737,    1.80414374090848,    -1.94469858725839,    1.80414374090848,
  517,     0.77795634181006,    -1.07190205512104,    1.80392798822521,    -1.93363411786897,    1.80392798822521,
  518,     0.78063130049824,    -1.06020518020150,    1.80358253661714,    -1.91216754824245,    1.80358253661714,
  519,     0.78332029018838,    -1.04810570038468,    1.80331676502310,    -1.89006658101997,    1.80331676502310,
  520,     0.78474439172670,    -1.04156414777474,    1.80320724562226,    -1.87815601804778,    1.80320724562226,
  521,     0.78617232109283,    -1.03491480778990,    1.80311820472266,    -1.86607373026303,    1.80311820472266,
  522,     0.78888957910060,    -1.02201919882022,    1.80300350460187,    -1.84270419724326,    1.80300350460187,
  523,     0.79162032104375,    -1.00875061612184,    1.80295657248097,    -1.81873355333111,    1.80295657248097,
  524,     0.79306622943742,    -1.00160388764133,    1.80295788860175,    -1.80584963047712,    1.80295788860175,
  525,     0.79451581576262,    -0.99435714896371,    1.80297659100557,    -1.79280266268061,    1.80297659100557,
  526,     0.79727371896437,    -0.98034988987854,    1.80305793198931,    -1.76762764507034,    1.80305793198931,
  527,     0.80004457518911,    -0.96599606827747,    1.80319669398191,    -1.74188091671746,    1.80319669398191,
  528,     0.80151143259242,    -0.95828717369959,    1.80329195766599,    -1.72807155346694,    1.80329195766599,
  529,     0.80298182217845,    -0.95048523002911,    1.80340191375631,    -1.71410688283161,    1.80340191375631,
  530,     0.80577876324845,    -0.93544415683980,    1.80364908181452,    -1.68721299457286,    1.80364908181452,
  531,     0.80858814019127,    -0.92008026227508,    1.80394462666840,    -1.65977384523479,    1.80394462666840,
  532,     0.81007511126670,    -0.91184783119717,    1.80411908515805,    -1.64508207502280,    1.80411908515805,
  533,     0.81156547231385,    -0.90352863364180,    1.80430587534600,    -1.63024202222324,    1.80430587534600,
  534,     0.81439988382895,    -0.88752389938932,    1.80469241065601,    -1.60170764550372,    1.80469241065601,
  535,     0.81724622582072,    -0.87121785789378,    1.80511937218825,    -1.57265223268042,    1.80511937218825,
  536,     0.81875249444945,    -0.86249686790649,    1.80536006401035,    -1.55711740065239,    1.80536006401035,
  537,     0.82026201386382,    -0.85369482612008,    1.80561100779404,    -1.54144077533923,    1.80561100779404,
  538,     0.82313236250553,    -0.83679016126017,    1.80611361091546,    -1.51133809973213,    1.80611361091546,
  539,     0.82601414628893,    -0.81960383337866,    1.80664961537674,    -1.48073695033486,    1.80664961537674,
  540,     0.82753891279883,    -0.81042619797723,    1.80694509424937,    -1.46439564268612,    1.80694509424937,
  541,     0.82906679349991,    -0.80117274744202,    1.80724898372408,    -1.44791863360203,    1.80724898372408,
  542,     0.83197157516012,    -0.78342648026693,    1.80784703696426,    -1.41631524102992,    1.80784703696426,
  543,     0.83488730525495,    -0.76541661468140,    1.80847225643757,    -1.38423471226768,    1.80847225643757,
  544,     0.83642978407496,    -0.75581166180109,    1.80881236747997,    -1.36712148135140,    1.80881236747997,
  545,     0.83797524271591,    -0.74613572577362,    1.80915925140639,    -1.34987835108817,    1.80915925140639,
  546,     0.84091297834840,    -0.72760161478728,    1.80983443011343,    -1.31683845384815,    1.80983443011343,
  547,     0.84386118311821,    -0.70882062854861,    1.81053121873098,    -1.28334187646778,    1.81053121873098,
  548,     0.84542060078596,    -0.69881549242088,    1.81090691578475,    -1.26548980808249,    1.81090691578475,
  549,     0.84698286581584,    -0.68874386099310,    1.81128792341618,    -1.24751343774383,    1.81128792341618,
  550,     0.84995209790681,    -0.66947177888076,    1.81202387790338,    -1.21309884891439,    1.81202387790338,
  551,     0.85293132620883,    -0.64996840020456,    1.81277647347112,    -1.17824742439049,    1.81277647347112,
  552,     0.85450691967217,    -0.63958834481295,    1.81317966912858,    -1.15968858342644,    1.81317966912858,
  553,     0.85608522968311,    -0.62914598766766,    1.81358686527511,    -1.14101089957460,    1.81358686527511,
  554,     0.85908451923829,    -0.60918248737936,    1.81436895881581,    -1.10528179535532,    1.81436895881581,
  555,     0.86209333756067,    -0.58900228864011,    1.81516323648429,    -1.06913530054463,    1.81516323648429,
  556,     0.86368435272519,    -0.57827097612376,    1.81558667808361,    -1.04990108057270,    1.81558667808361,
  557,     0.86527795503819,    -0.56748130266971,    1.81601294319968,    -1.03055339067201,    1.81601294319968,
  558,     0.86830587900309,    -0.54687008886019,    1.81682803480842,    -0.99356890883936,    1.81682803480842,
  559,     0.87134286901152,    -0.52605593134724,    1.81765130247068,    -0.95618624878573,    1.81765130247068,
  560,     0.87294855949495,    -0.51499564631246,    1.81808846896861,    -0.93630764612972,    1.81808846896861,
  561,     0.87455670894658,    -0.50388072330620,    1.81852739931982,    -0.91632090132140,    1.81852739931982,
  562,     0.87761185799168,    -0.48266304742170,    1.81936366260856,    -0.87813960976295,    1.81936366260856,
  563,     0.88067561442148,    -0.46125545469347,    1.82020449001634,    -0.83957924967758,    1.82020449001634,
  564,     0.88229524048276,    -0.44988729279484,    1.82064950585332,    -0.81908707731661,    1.82064950585332,
  565,     0.88391719838154,    -0.43846802742419,    1.82109532980467,    -0.79849207701085,    1.82109532980467,
  566,     0.88699817499654,    -0.41668302078477,    1.82194210113735,    -0.75917233839686,    1.82194210113735,
  567,     0.89008730383749,    -0.39472049389416,    1.82279017644517,    -0.71949263871186,    1.82279017644517,
  568,     0.89172013145417,    -0.38306452131294,    1.82323773903126,    -0.69841769174170,    1.82323773903126,
  569,     0.89335516468124,    -0.37136081627231,    1.82368524668607,    -0.67724524183311,    1.82368524668607,
  570,     0.89646058153179,    -0.34904577236162,    1.82453289726905,    -0.63684549432647,    1.82453289726905,
  571,     0.89957369846216,    -0.32656505748538,    1.82537890601051,    -0.59610496737393,    1.82537890601051,
  572,     0.90121899853406,    -0.31464044658960,    1.82582422454330,    -0.57447814940442,    1.82582422454330,
  573,     0.90286637876674,    -0.30267133203901,    1.82626870819183,    -0.55275918256958,    1.82626870819183,
  574,     0.90599485727528,    -0.27986194709670,    1.82710853585161,    -0.51133815240044,    1.82710853585161,
  575,     0.90913058630872,    -0.25689826409811,    1.82794405841069,    -0.46959565547416,    1.82794405841069,
  576,     0.91078763396966,    -0.24472340935345,    1.82838280192929,    -0.44744807289134,    1.82838280192929,
  577,     0.91244663701016,    -0.23250715598892,    1.82882000557341,    -0.42521373831152,    1.82882000557341,
  578,     0.91559680612862,    -0.20923773511226,    1.82964414281114,    -0.38283059650322,    1.82964414281114,
  579,     0.91875377844353,    -0.18582497369415,    1.83046156722171,    -0.34014547257713,    1.83046156722171,
  580,     0.92042185246565,    -0.17341759147777,    1.83088982043047,    -0.31750850292021,    1.83088982043047,
  581,     0.92209175766007,    -0.16097180756533,    1.83131589673654,    -0.29479023012080,    1.83131589673654,
  582,     0.92526225280728,    -0.13727544231087,    1.83211723236636,    -0.25150470343846,    1.83211723236636,
  583,     0.92843910573298,    -0.11344633130471,    1.83290967991038,    -0.20793687879872,    1.83290967991038,
  584,     0.93011748801082,    -0.10082354599592,    1.83332390543350,    -0.18484221710490,    1.83332390543350,
  585,     0.93179757774579,    -0.08816526153873,    1.83373537897783,    -0.16167175928040,    1.83373537897783,
  586,     0.93498703988684,    -0.06407398360914,    1.83450749115123,    -0.11754420291887,    1.83450749115123,
  587,     0.93818241602495,    -0.03986023786499,    1.83526875270449,    -0.07315424902898,    1.83526875270449,
  588,     0.93987039112817,    -0.02703865669073,    1.83566575874787,    -0.04963393624970,    1.83566575874787,
  589,     0.94155995039450,    -0.01418439646697,    1.83605949457852,    -0.02604339580806,    1.83605949457852,
  590,     0.94476702524240,    0.01027068839694,    1.83679659338055,    0.01886516545918,    1.83679659338055,
  591,     0.94797957170485,    0.03483824000481,    1.83752107481351,    0.06401600021825,    1.83752107481351,
  592,     0.94967642649041,    0.04784246159018,    1.83789798748293,    0.08792956387283,    1.83789798748293,
  593,     0.95137474250459,    0.06087661413552,    1.83827116412078,    0.11190772433463,    1.83827116412078,
  594,     0.95459807982774,    0.08566520903004,    1.83896804231345,    0.15753558174435,    1.83896804231345,
  595,     0.95782644757570,    0.11055651126089,    1.83965071764885,    0.20338536528184,    1.83965071764885,
  596,     0.95953147085118,    0.12372761219375,    1.84000495714376,    0.22765941977205,    1.84000495714376,
  597,     0.96123783272691,    0.13692595884086,    1.84035504341637,    0.25199237892740,    1.84035504341637,
  598,     0.96447608574802,    0.16201847252903,    1.84100703414785,    0.29827714758784,    1.84100703414785,
  599,     0.96771892901795,    0.18720414478820,    1.84164340530209,    0.34476327869441,    1.84164340530209,
  600,     0.96943141124935,    0.20052670775145,    1.84197266547445,    0.36936471437576,    1.84197266547445,
  601,     0.97114510971230,    0.21387388582191,    1.84229740063182,    0.39401930391273,    1.84229740063182,
  602,     0.97439693458636,    0.23924134145631,    1.84290034112795,    0.44089794978175,    1.84290034112795,
  603,     0.97765291039142,    0.26469258991414,    1.84348640337676,    0.48795719058130,    1.84348640337676,
  604,     0.97937214344923,    0.27815149631095,    1.84378863420210,    0.51285256748443,    1.84378863420210,
  605,     0.98109247058920,    0.29163243454793,    1.84408601084414,    0.53779529285826,    1.84408601084414,
  606,     0.98435652594967,    0.31724638828422,    1.84463621127080,    0.58520417572394,    1.84463621127080,
  607,     0.98762429364617,    0.34293492745339,    1.84516842364583,    0.63277269950226,    1.84516842364583,
  608,     0.98934957058447,    0.35651531714719,    1.84544181622455,    0.65792827438799,    1.84544181622455,
  609,     0.99107581963966,    0.37011519621990,    1.84571006568937,    0.68312534312766,    1.84571006568937,
  610,     0.99435076620351,    0.39594766425516,    1.84620428254070,    0.73100027340987,    1.84620428254070,
  611,     0.99762898711329,    0.42184564641535,    1.84667954258231,    0.77901372536263,    1.84667954258231,
  612,     0.99935960197721,    0.43553288147325,    1.84692251630383,    0.80439548538364,    1.84692251630383,
  613,     1.00109106714626,    0.44923709835733,    1.84716009626103,    0.82981284184576,    1.84716009626103,
  614,     1.00437556736926,    0.47526049101276,    1.84759550971794,    0.87808914914152,    1.84759550971794,
  615,     1.00766290444988,    0.50134044235586,    1.84801113202172,    0.92648271840632,    1.84801113202172,
  616,     1.00939815210738,    0.51512007408833,    1.84822232375869,    0.95205642034628,    1.84822232375869,
  617,     1.01113412838485,    0.52891420970044,    1.84842790763317,    0.97765978595404,    1.84842790763317,
  618,     1.01442684615997,    0.55510127140485,    1.84880210246921,    1.02627239765662,    1.84880210246921,
  619,     1.01772196371555,    0.58133603364561,    1.84915580063845,    1.07498089873593,    1.84915580063845,
  620,     1.01946113970971,    0.59519377258896,    1.84933405562730,    1.10071211334606,    1.84933405562730,
  621,     1.02120092274158,    0.60906356203085,    1.84950652382367,    1.12646703139934,    1.84950652382367,
  622,     1.02450052313341,    0.63538731618691,    1.84981747342302,    1.17535055987390,    1.84981747342302,
  623,     1.02780208655965,    0.66174999281060,    1.85010734510575,    1.22430852232256,    1.85010734510575,
  624,     1.02954448697814,    0.67567168089173,    1.85025170941779,    1.25016268257511,    1.85025170941779,
  625,     1.03128737293396,    0.68960298593814,    1.85039014202317,    1.27603456708968,    1.85039014202317,
  626,     1.03459252194335,    0.71603668381561,    1.85063619531372,    1.32512340424157,    1.85063619531372,
  627,     1.03789919750069,    0.74250059008947,    1.85086070997795,    1.37426516933205,    1.85086070997795,
  628,     1.03964411885940,    0.75647217444936,    1.85097042440993,    1.40020762179484,    1.85097042440993,
  629,     1.04138940431812,    0.77045095810931,    1.85107409537248,    1.42616181031105,    1.85107409537248,
  630,     1.04469876867122,    0.79696803083110,    1.85125396634624,    1.47539022812722,    1.85125396634624,
  631,     1.04800922328082,    0.82350664673099,    1.85141195563216,    1.52465005130031,    1.85141195563216,
  632,     1.04975596241879,    0.83751415553808,    1.85148645099180,    1.55064611149260,    1.85148645099180,
  633,     1.05150294426527,    0.85152645745835,    1.85155482350613,    1.57664791965010,    1.85155482350613,
  634,     1.05481519122190,    0.87810047065353,    1.85166758320467,    1.62595017630590,    1.85166758320467,
  635,     1.05812809227920,    0.90468739614368,    1.85175823365883,    1.67526233469643,    1.85175823365883,
  636,     1.05987594626223,    0.91871691497672,    1.85179712717848,    1.70127734384416,    1.85179712717848,
  637,     1.06162392159214,    0.93274882848877,    1.85182985043631,    1.72729212355501,    1.85182985043631,
  638,     1.06493771876851,    0.95935343859186,    1.85187492118752,    1.77660257348327,    1.85187492118752,
  639,     1.06825173396965,    0.98596235055236,    1.85189776927507,    1.82590147757713,    1.85189776927507,
  640,     1.07000000000000,    0.99999999999166,    1.85190086229579,    1.85190086228033,    1.85190086229579,
