 indi,                  x_v,                   v,                   H,                   q,                 eta
    0,     0.07000000000000,    1.00000000000425,    1.85190086328717,    1.85190086329504,    1.85190086328717,
    1,     0.07118937484479,    1.00955006451272,    1.85189943116972,    1.86958519020846,    1.85189943116972,
    2,     0.07361838872035,    1.02905346586693,    1.85188760897060,    1.90569136240722,    1.85188760897060,
    3,     0.07650613235437,    1.05223884029435,    1.85185801467309,    1.94859692974941,    1.85185801467309,
    4,     0.07893488985671,    1.07173718315732,    1.85182006108265,    1.98466441597894,    1.85182006108265,
    5,     0.08012405373774,    1.08128308505486,    1.85179712818108,    2.00231691165536,    1.85179712818108,
    6,     0.08131316145581,    1.09082787861048,    1.85177133833365,    2.01996380066619,    1.85177133833365,
    7,     0.08374145530457,    1.11031707151770,    1.85170980059800,    2.05598500310059,    1.85170980059800,
    8,     0.08662803808186,    1.13347953595477,    1.85162116860586,    2.09877470295540,    1.85162116860586,
    9,     0.08905556277994,    1.15295354541093,    1.85153363285651,    2.13473226644949,    1.85153363285651,
   10,     0.09024403758117,    1.16248584450446,    1.85148645199607,    2.15232679173721,    1.85148645199607,
   11,     0.09143240004964,    1.17201592521125,    1.85143643613887,    2.16991298767111,    1.85143643613887,
   12,     0.09385899738423,    1.19147162027766,    1.85132549738336,    2.20580179002871,    1.85132549738336,
   13,     0.09674325830688,    1.21458822842452,    1.85117828129968,    2.24841934918173,    1.85117828129968,
   14,     0.09916857361936,    1.23401859100465,    1.85104161210483,    2.28421976206059,    1.85104161210483,
   15,     0.10035588114054,    1.24352782555286,    1.85097042543853,    2.30173322830822,    1.85097042543853,
   16,     0.10154302014535,    1.25303372809778,    1.85089644048460,    2.31923566714332,    1.85089644048460,
   17,     0.10396694427022,    1.27243658266651,    1.85073667140477,    2.35494504557788,    1.85073667140477,
   18,     0.10684772205418,    1.29548431520506,    1.85053163032994,    2.39733470188329,    1.85053163032994,
   19,     0.10926985112602,    1.31485164770793,    1.85034653422354,    2.43293118935447,    1.85034653422354,
   20,     0.11045551302180,    1.32432831908808,    1.85025171045573,    2.45034073759769,    1.85025171045573,
   21,     0.11164095019637,    1.33380053947889,    1.85015414011623,    2.46773659020613,    1.85015414011623,
   22,     0.11406122408132,    1.35313112612620,    1.84994637110780,    2.50322001641017,    1.84994637110780,
   23,     0.11693735700352,    1.37608685290478,    1.84968457430306,    2.54532662471923,    1.84968457430306,
   24,     0.11935532257521,    1.39537167040004,    1.84945202000363,    2.58067295447719,    1.84945202000363,
   25,     0.12053886029021,    1.40480622728199,    1.84933405668363,    2.59795599915382,    1.84933405668363,
   26,     0.12172211705001,    1.41423520692592,    1.84921341384405,    2.61522271497792,    1.84921341384405,
   27,     0.12413776319463,    1.43347398080782,    1.84895874014870,    2.65043424559037,    1.84895874014870,
   28,     0.12700808892836,    1.45631442154641,    1.84864157369736,    2.69220338404571,    1.84864157369736,
   29,     0.12942091319420,    1.47549710391549,    1.84836279817777,    2.72725395569643,    1.84836279817777,
   30,     0.13060184789254,    1.48487992574460,    1.84822232483706,    2.74438822846355,    1.84822232483706,
   31,     0.13178244536376,    1.49425603483764,    1.84807925475534,    2.76150357927643,    1.84807925475534,
   32,     0.13419248564933,    1.51338329936127,    1.84777904335082,    2.79639794511688,    1.84777904335082,
   33,     0.13705584108349,    1.53608498230774,    1.84740821893585,    2.83777602129924,    1.84740821893585,
   34,     0.13946254553540,    1.55514573884390,    1.84708473526267,    2.87248595532736,    1.84708473526267,
   35,     0.14064039802272,    1.56446711835121,    1.84692251739254,    2.88944954860305,    1.84692251739254,
   36,     0.14181785696340,    1.57378063825517,    1.84675780185110,    2.90639167209994,    1.84675780185110,
   37,     0.14422131248847,    1.59277650867290,    1.84641370021396,    2.94092436699259,    1.84641370021396,
   38,     0.14707653352623,    1.61531572650696,    1.84599126612556,    2.98185872316710,    1.84599126612556,
   39,     0.14947613877923,    1.63423455820989,    1.84562487326184,    3.01618394937625,    1.84562487326184,
   40,     0.15065042941548,    1.64348468268160,    1.84544181729743,    3.03295535950843,    1.84544181729743,
   41,     0.15182427012695,    1.65272578698505,    1.84525637967580,    3.04970280228888,    1.84525637967580,
   42,     0.15422016102270,    1.67157015133391,    1.84487032656593,    3.08383017096926,    1.84487032656593,
   43,     0.15706608235480,    1.69392291372146,    1.84439868117674,    3.12426918808291,    1.84439868117674,
   44,     0.15945760795000,    1.71267957253332,    1.84399147588941,    3.15816653268136,    1.84399147588941,
   45,     0.16062785655073,    1.72184850357068,    1.84378863526319,    3.17472470252854,    1.84378863526319,
   46,     0.16179759877752,    1.73100723769548,    1.84358354668709,    3.19125646261166,    1.84358354668709,
   47,     0.16418494399850,    1.74967971434726,    1.84315778512035,    3.22493578696630,    1.84315778512035,
   48,     0.16702039884593,    1.77182169640338,    1.84263969307922,    3.26482898685182,    1.84263969307922,
   49,     0.16940286302652,    1.79039564080808,    1.84219408419005,    3.29825625785630,    1.84219408419005,
   50,     0.17056858875063,    1.79947329222237,    1.84197266649328,    3.31458061835829,    1.84197266649328,
   51,     0.17173375156640,    1.80853955109071,    1.84174915320481,    3.33087618675872,    1.84174915320481,
   52,     0.17411156865201,    1.82701944239228,    1.84128624591736,    3.36406577030050,    1.84128624591736,
   53,     0.17693538847222,    1.84892592813578,    1.84072485734548,    3.40336391531008,    1.84072485734548,
   54,     0.17930780792750,    1.86729627439469,    1.84024358260273,    3.43627998577281,    1.84024358260273,
   55,     0.18046852914882,    1.87627238791028,    1.84000495809882,    3.45235049649883,    1.84000495809882,
   56,     0.18162863082590,    1.88523589128437,    1.83976441010128,    3.46838989743054,    1.83976441010128,
   57,     0.18399593562732,    1.90350213243752,    1.83926725777964,    3.50104914730605,    1.83926725777964,
   58,     0.18680694977771,    1.92514795227809,    1.83866613086484,    3.53970433675754,    1.83866613086484,
   59,     0.18916833934962,    1.94329342036988,    1.83815227674789,    3.57206922504209,    1.83815227674789,
   60,     0.19032357350961,    1.95215753863364,    1.83789798837145,    3.58786641323893,    1.83789798837145,
   61,     0.19147813136928,    1.96100780389623,    1.83764196959953,    3.60363024315192,    1.83764196959953,
   62,     0.19383393773607,    1.97903890602009,    1.83711383221683,    3.63571974874476,    1.83711383221683,
   63,     0.19663097308749,    2.00039836717426,    1.83647695966536,    3.67368551146773,    1.83647695966536,
   64,     0.19898034543338,    2.01829722051553,    1.83593398456726,    3.70546045810210,    1.83593398456726,
   65,     0.20012960887185,    2.02703865701719,    1.83566575956028,    3.72096545599150,    1.83566575956028,
   66,     0.20127813911227,    2.03576496856785,    1.83539601977068,    3.73643492049802,    1.83539601977068,
   67,     0.20362145853197,    2.05353895506861,    1.83484054152549,    3.76791652836177,    1.83484054152549,
   68,     0.20640333902417,    2.07458576351713,    1.83417238141805,    3.80514791032620,    1.83417238141805,
   69,     0.20873970422887,    2.09221574126872,    1.83360414266556,    3.83629545054042,    1.83360414266556,
   70,     0.20988251198920,    2.10082354640081,    1.83332390618749,    3.85149003029820,    1.83332390618749,
   71,     0.21102452948735,    2.10941492132899,    1.83304239477786,    3.86664697897304,    1.83304239477786,
   72,     0.21335437067069,    2.12690925620991,    1.83246363314912,    3.89748386301290,    1.83246363314912,
   73,     0.21611991680053,    2.14761642863412,    1.83176914489873,    3.93393750904959,    1.83176914489873,
   74,     0.21844228192956,    2.16495466913930,    1.83117993021219,    3.96442153994707,    1.83117993021219,
   75,     0.21957814753436,    2.17341759194783,    1.83088982117014,    3.97928814624940,    1.83088982117014,
   76,     0.22071316561793,    2.18186274112787,    1.83059870331355,    3.99411510471683,    1.83059870331355,
   77,     0.22302853402103,    2.19905424768619,    1.83000116288347,    4.02427183050956,    1.83000116288347,
   78,     0.22577656225286,    2.21939401152147,    1.82928584908136,    4.05990605881213,    1.82928584908136,
   79,     0.22808393083775,    2.23641696534526,    1.82868041322244,    4.08969190032524,    1.82868041322244,
   80,     0.22921236603035,    2.24472340985889,    1.82838280271035,    4.10421367942733,    1.82838280271035,
   81,     0.23033989621490,    2.25301069365937,    1.82808447812621,    4.11869387813106,    1.82808447812621,
   82,     0.23263979348860,    2.26987546189427,    1.82747314998419,    4.14813646041974,    1.82747314998419,
   83,     0.23536911557469,    2.28981914123745,    1.82674310517782,    4.18291132835971,    1.82674310517782,
   84,     0.23766048701955,    2.30650247169610,    1.82612671266476,    4.21196577639153,    1.82612671266476,
   85,     0.23878100146595,    2.31464044708286,    1.82582422546276,    4.22612660151982,    1.82582422546276,
   86,     0.23990055315186,    2.32275782468258,    1.82552135029314,    4.24024400051850,    1.82552135029314,
   87,     0.24218397650680,    2.33927110506347,    1.82490175798308,    4.26893995202935,    1.82490175798308,
   88,     0.24489339870358,    2.35878898974808,    1.82416372558230,    4.30281731140137,    1.82416372558230,
   89,     0.24716776760073,    2.37510745864781,    1.82354220053837,    4.33110868165772,    1.82354220053837,
   90,     0.24827986854585,    2.38306452179839,    1.82323774019565,    4.34489317346413,    1.82323774019565,
   91,     0.24939094866869,    2.39099949275518,    1.82293325259020,    4.35863248226972,    1.82293325259020,
   92,     0.25165689014274,    2.40713557398037,    1.82231150582311,    4.38655085254054,    1.82231150582311,
   93,     0.25434521230642,    2.42619676849345,    1.82157294462976,    4.41949439183581,    1.82157294462976,
   94,     0.25660156764644,    2.44212410406171,    1.82095272912839,    4.44699255216140,    1.82095272912839,
   95,     0.25770475951727,    2.44988729318687,    1.82064950737521,    4.46038609346546,    1.82064950737521,
   96,     0.25880687214418,    2.45762682997802,    1.82034665740620,    4.47373278510227,    1.82034665740620,
   97,     0.26105431775664,    2.47335889725017,    1.81972951496833,    4.50084418643566,    1.81972951496833,
   98,     0.26372033229874,    2.49193114550853,    1.81899867720727,    4.53281945737160,    1.81899867720727,
   99,     0.26595765655801,    2.50743988906759,    1.81838689971857,    4.55949584611227,    1.81838689971857,
  100,     0.26705144050509,    2.51499564655786,    1.81808847094382,    4.57248458948075,    1.81808847094382,
  101,     0.26814408636844,    2.52252611593828,    1.81779085580597,    4.58542490708435,    1.81779085580597,
  102,     0.27037201514243,    2.53782608601757,    1.81718579951198,    4.61170152514219,    1.81718579951198,
  103,     0.27301450582230,    2.55587556707716,    1.81647182261108,    4.64267594969578,    1.81647182261108,
  104,     0.27523177390773,    2.57093689395354,    1.81587637864050,    4.66850357670562,    1.81587637864050,
  105,     0.27631564727484,    2.57827097620353,    1.81558668057129,    4.68107444329866,    1.81558668057129,
  106,     0.27739832323265,    2.58557804734219,    1.81529828600826,    4.69359539768088,    1.81529828600826,
  107,     0.27960570606400,    2.60041637544126,    1.81471360794987,    4.71901098284893,    1.81471360794987,
  108,     0.28222344659103,    2.61790746401433,    1.81402662296403,    4.74895383617823,    1.81402662296403,
  109,     0.28441962461801,    2.63249097334048,    1.81345627034901,    4.77390726224147,    1.81345627034901,
  110,     0.28549308032783,    2.63958834473557,    1.81317967214378,    4.78604792950219,    1.81317967214378,
  111,     0.28656527873867,    2.64665688120470,    1.81290492156837,    4.79813728563879,    1.81290492156837,
  112,     0.28875107708493,    2.66100233373798,    1.81234982748325,    4.82266712048255,    1.81234982748325,
  113,     0.29134282949789,    2.67789731790207,    1.81170108766636,    4.85154948350201,    1.81170108766636,
  114,     0.29351687337279,    2.69197078450356,    1.81116555980198,    4.87560477288597,    1.81116555980198,
  115,     0.29457939921398,    2.69881549225377,    1.81090691925394,    4.88730364871207,    1.81090691925394,
  116,     0.29564060721147,    2.70562942426177,    1.81065073209524,    4.89894989781799,    1.81065073209524,
  117,     0.29780377156979,    2.71944880986835,    1.81013546441316,    4.92257073439886,    1.81013546441316,
  118,     0.30036828435415,    2.73570755648370,    1.80953749850808,    4.95036540840916,    1.80953749850808,
  119,     0.30251913812660,    2.74923663634121,    1.80904763945009,    4.97350004726277,    1.80904763945009,
  120,     0.30357021592493,    2.75581166169217,    1.80881237129090,    4.98474622661651,    1.80881237129090,
  121,     0.30461991457383,    2.76235383417313,    1.80858023279532,    4.99593854047187,    1.80858023279532,
  122,     0.30675938270986,    2.77561168348650,    1.80811621786747,    5.01862849941437,    1.80811621786747,
  123,     0.30929538860569,    2.79119123928988,    1.80758301376125,    5.04530987229959,    1.80758301376125,
  124,     0.31142198254891,    2.80413911780261,    1.80715094037040,    5.06750264366640,    1.80715094037040,
  125,     0.31246108720103,    2.81042619807983,    1.80694509833529,    5.07828584285342,    1.80694509833529,
  126,     0.31349875051334,    2.81667818902055,    1.80674314344081,    5.08901400529216,    1.80674314344081,
  127,     0.31561344539518,    2.82933637121297,    1.80634316870509,    5.11075242610939,    1.80634316870509,
  128,     0.31811965883817,    2.84419048423122,    1.80589039477140,    5.13629627637337,    1.80589039477140,
  129,     0.32022090720632,    2.85651745352486,    1.80552969242097,    5.15752707925787,    1.80552969242097,
  130,     0.32124750555043,    2.86249686825278,    1.80536006841565,    5.16783754190843,    1.80536006841565,
  131,     0.32227259933492,    2.86843876986475,    1.80519518319650,    5.17809185065395,    1.80519518319650,
  132,     0.32436142671605,    2.88045603041652,    1.80487361165469,    5.19885907883039,    1.80487361165469,
  133,     0.32683654084142,    2.89453457218751,    1.80451888516927,    5.22324229928772,    1.80451888516927,
  134,     0.32891133924159,    2.90619751998661,    1.80424484548953,    5.24349189541030,    1.80424484548953,
  135,     0.32992488873327,    2.91184783170995,    1.80411909019268,    5.25332026092408,    1.80411909019268,
  136,     0.33093686924603,    2.91745798535255,    1.80399903531448,    5.26309139114652,    1.80399903531448,
  137,     0.33299871482850,    2.92878938525885,    1.80377206688914,    5.28286848293131,    1.80377206688914,
  138,     0.33544139795126,    2.94203764855472,    1.80353528171464,    5.30606869930122,    1.80353528171464,
  139,     0.33748862025343,    2.95298943571839,    1.80336519335324,    5.32531836471436,    1.80336519335324,
  140,     0.33848856740766,    2.95828717412925,    1.80329196389666,    5.33465548800583,    1.80329196389666,
  141,     0.33948687976367,    2.96354184677998,    1.80322552593053,    5.34393430527696,    1.80322552593053,
  142,     0.34152060585667,    2.97413807741120,    1.80311151819473,    5.36270262408167,    1.80311151819473,
  143,     0.34392949732171,    2.98649591658488,    1.80301524767467,    5.38469767472069,    1.80301524767467,
  144,     0.34594799201168,    2.99668461369414,    1.80296875449201,    5.40292872555749,    1.80296875449201,
  145,     0.34693377056270,    3.00160388780365,    1.80295789676514,    5.41176543247651,    1.80295789676514,
  146,     0.34791784685891,    3.00647687459609,    1.80295507467268,    5.42054273793909,    1.80295507467268,
  147,     0.34992228842748,    3.01628341403147,    1.80297493985210,    5.43828340699028,    1.80297493985210,
  148,     0.35229599369698,    3.02768418573396,    1.80304493526559,    5.45905063667135,    1.80304493526559,
  149,     0.35428457955483,    3.03705212973764,    1.80314448148703,    5.47624378772488,    1.80314448148703,
  150,     0.35525560827315,    3.04156414294764,    1.80320725565195,    5.48457053109399,    1.80320725565195,
  151,     0.35622486536032,    3.04602627616240,    1.80327949821481,    5.49283673482727,    1.80327949821481,
  152,     0.35819882533590,    3.05498235867333,    1.80345718566585,    5.50952988683182,    1.80345718566585,
  153,     0.36053591014670,    3.06535155782647,    1.80372302377099,    5.52904518080387,    1.80372302377099,
  154,     0.36249337108942,    3.07383427083286,    1.80399437540530,    5.54517973551053,    1.80399437540530,
  155,     0.36344905121699,    3.07790683063222,    1.80414370179813,    5.55298622320658,    1.80414370179813,
  156,     0.36440288807122,    3.08192520066423,    1.80430421998104,    5.56073064522438,    1.80430421998104,
  157,     0.36634513162783,    3.08996212811161,    1.80466755536413,    5.57635439990691,    1.80466755536413,
  158,     0.36864411519766,    3.09921750171275,    1.80516269759456,    5.59459182582408,    1.80516269759456,
  159,     0.37056919441317,    3.10673809953357,    1.80563697297257,    5.60964117786036,    1.80563697297257,
  160,     0.37150890540151,    3.11033220801520,    1.80588803374804,    5.61691171543577,    1.80588803374804,
  161,     0.37244669904158,    3.11387455772030,    1.80615329775528,    5.62413480122278,    1.80615329775528,
  162,     0.37435595117294,    3.12092889725957,    1.80672464947523,    5.63865916793841,    1.80672464947523,
  163,     0.37661529447066,    3.12892142986444,    1.80751397242768,    5.65556920310838,    1.80751397242768,
  164,     0.37850666901086,    3.13546205844794,    1.80820313346440,    5.66955231894430,    1.80820313346440,
  165,     0.37942978862447,    3.13865160300978,    1.80852013234411,    5.67631461245730,    1.80852013234411,
  166,     0.38035093104764,    3.14169191986190,    1.80887756877412,    5.68293604183708,    1.80887756877412,
  167,     0.38222577953931,    3.14677578489594,    1.81012806266768,    5.69606715516324,    1.81012806266768,
  168,     0.38444286327946,    3.15085126866851,    1.81228996721071,    5.71025614238108,    1.81228996721071,
  169,     0.38629723355525,    3.15399147076633,    1.81429049909192,    5.72225675962829,    1.81429049909192,
  170,     0.38720173331964,    3.15558234438357,    1.81507439519221,    5.72761671521121,    1.81507439519221,
  171,     0.38810402137853,    3.15761807899017,    1.81597279912485,    5.73414854147099,    1.81597279912485,
  172,     0.38994056006426,    3.16432660431663,    1.81601133864141,    5.74645299260368,    1.81601133864141,
  173,     0.39211407257016,    3.17216460580073,    1.81671138561580,    5.76290755640565,    1.81671138561580,
  174,     0.39393216662434,    3.17208322136550,    1.81938279491850,    5.77123363700203,    1.81938279491850,
  175,     0.39481848960757,    3.17211997591618,    1.82102923900109,    5.77652322576281,    1.82102923900109,
  176,     0.39570228232042,    3.17274787726923,    1.82233547630032,    5.78181101410425,    1.82233547630032,
  177,     0.39749909574188,    3.17012220843541,    1.82656577946787,    5.79043674265922,    1.82656577946787,
  178,     0.39961757596003,    3.15541513549848,    1.83581231545498,    5.79274996612116,    1.83581231545498,
  179,     0.40138297903518,    3.15092692216786,    1.84189663057733,    5.80368168113637,    1.84189663057733,
  180,     0.40224353244870,    3.15269919964126,    1.84138410104854,    5.80533018160787,    1.84138410104854,
  181,     0.40310242835960,    3.15636227534783,    1.84099770192006,    5.81085569534253,    1.84099770192006,
  182,     0.40485194882868,    3.16630515158350,    1.83984335215544,    5.82550548403642,    1.83984335215544,
  183,     0.40692220533866,    3.17177145176753,    1.84102265064279,    5.83930308536620,    1.84102265064279,
  184,     0.40865320100802,    3.17018076269649,    1.84367077948559,    5.84476963787085,    1.84367077948559,
  185,     0.40949710241865,    3.17049748492342,    1.84472697150497,    5.84870222352691,    1.84472697150497,
  186,     0.41033848710628,    3.17094345843808,    1.84679207824914,    5.85607325961938,    1.84679207824914,
  187,     0.41204842128000,    3.16602455042218,    1.85105971935502,    5.86050051577557,    1.85105971935502,
  188,     0.41406414662016,    3.14905420440574,    1.86090197688781,    5.86008119430551,    1.86090197688781,
  189,     0.41574147516398,    3.13252311238338,    1.87170610300382,    5.86316262724850,    1.87170610300382,
  190,     0.41655675281232,    3.12660536871955,    1.87508689226262,    5.86265674416394,    1.87508689226262,
  191,     0.41736914391349,    3.12486451153040,    1.87712269369108,    5.86575408930362,    1.87712269369108,
  192,     0.41902341975791,    3.13510991276265,    1.87347635483603,    5.87355429137286,    1.87347635483603,
  193,     0.42098183056972,    3.13760309164051,    1.87753722685215,    5.89096660764144,    1.87753722685215,
  194,     0.42261266095091,    3.11058890876228,    1.88975115177449,    5.87823897303046,    1.88975115177449,
  195,     0.42340500208424,    3.10246721523746,    1.89327929944335,    5.87383695581075,    1.89327929944335,
  196,     0.42419432054540,    3.10276368560943,    1.89543278128839,    5.88108000229530,    1.89543278128839,
  197,     0.42579997023760,    3.11136621724534,    1.89571223193600,    5.89825499606444,    1.89571223193600,
  198,     0.42769830592791,    3.10338622710773,    1.89830045196315,    5.89115947753480,    1.89830045196315,
  199,     0.42928358523663,    3.10716893497209,    1.90267265090123,    5.91192535430128,    1.90267265090123,
  200,     0.43005601130881,    3.10661505089626,    1.90379341551556,    5.91435327843783,    1.90379341551556,
  201,     0.43082621464510,    3.10250857071019,    1.90480037543025,    5.90965949026433,    1.90480037543025,
  202,     0.43239081802674,    3.08643701486118,    1.91207895043443,    5.90151124795774,    1.91207895043443,
  203,     0.43422948544439,    3.05956251304765,    1.92922194581079,    5.90257514475154,    1.92922194581079,
  204,     0.43575424247273,    3.02587011933066,    1.94508275092705,    5.88556777565563,    1.94508275092705,
  205,     0.43649408001932,    3.01772880192980,    1.94553886974766,    5.87110868251146,    1.94553886974766,
  206,     0.43723485171827,    3.00539587063923,    1.94190507465065,    5.83619349252843,    1.94190507465065,
  207,     0.43873960356466,    3.00347417971391,    1.94778802796129,    5.85013104953761,    1.94778802796129,
  208,     0.44051126307697,    2.99103389919807,    1.95972285655038,    5.86159749697546,    1.95972285655038,
  209,     0.44198291102079,    2.98095894130619,    1.97624780696957,    5.89111357042268,    1.97624780696957,
  210,     0.44269565076996,    2.97056974398627,    1.98702654305811,    5.90260092930607,    1.98702654305811,
  211,     0.44340608496784,    2.96236668657638,    1.98124644724457,    5.86917847321513,    1.98124644724457,
  212,     0.44485431890977,    2.95467624586172,    1.98024051914163,    5.85096962300067,    1.98024051914163,
  213,     0.44656289571255,    2.94016953580968,    1.99083866314404,    5.85340318808818,    1.99083866314404,
  214,     0.44798107999797,    2.91923247673856,    2.01185753006938,    5.87307984034954,    2.01185753006938,
  215,     0.44866620544067,    2.90183254282648,    2.02728630144419,    5.88284536315709,    2.02728630144419,
  216,     0.44934920141749,    2.88471616673357,    2.01737099188681,    5.81954271459522,    2.01737099188681,
  217,     0.45074317631430,    2.86903032902034,    2.01537345291574,    5.78216756071772,    2.01537345291574,
  218,     0.45238595260308,    2.85249620561426,    2.03072675790813,    5.79264037157229,    2.03072675790813,
  219,     0.45374583531789,    2.82151519205081,    2.05782047931350,    5.80617174489634,    2.05782047931350,
  220,     0.45440135281217,    2.80388657110795,    2.07737067658873,    5.82471174330056,    2.07737067658873,
  221,     0.45505470901757,    2.78109472571708,    2.06330291790722,    5.73824086254842,    2.06330291790722,
  222,     0.45639033052164,    2.76254985162581,    2.05925721088178,    5.68880070238083,    2.05925721088178,
  223,     0.45796487530653,    2.74881922603629,    2.07392189000292,    5.70083636453754,    2.07392189000292,
  224,     0.45926906573154,    2.73148486928985,    2.10059366602176,    5.73773981526454,    2.10059366602176,
  225,     0.45989756245365,    2.71685700742140,    2.12415654349414,    5.77102959005207,    2.12415654349414,
  226,     0.46052223902767,    2.70407502327037,    2.11367572487440,    5.71553773492575,    2.11367572487440,
  227,     0.46179870113800,    2.68583108792922,    2.10827761523042,    5.66247756097115,    2.10827761523042,
  228,     0.46330590896736,    2.67457645191722,    2.11817757893876,    5.66522787360864,    2.11817757893876,
  229,     0.46455725088648,    2.66248036689237,    2.14019446321709,    5.69822573964725,    2.14019446321709,
  230,     0.46516149110565,    2.64549183074739,    2.15565401269963,    5.70276508051471,    2.15565401269963,
  231,     0.46576521300978,    2.63436600648195,    2.14063764512981,    5.63922304452554,    2.14063764512981,
  232,     0.46699918635407,    2.61033179097300,    2.13346754644185,    5.56905816148632,    2.13346754644185,
  233,     0.46845682745707,    2.58763981746061,    2.14419304540348,    5.54839930060818,    2.14419304540348,
  234,     0.46966537065404,    2.56310955306671,    2.17072797692533,    5.56381361476649,    2.17072797692533,
  235,     0.47024803411355,    2.55154099535585,    2.19195042901131,    5.59285137941020,    2.19195042901131,
  236,     0.47082848358806,    2.53376055551701,    2.17764854635880,    5.51763999054287,    2.17764854635880,
  237,     0.47201447228591,    2.51323625689244,    2.17462001822048,    5.46533387475580,    2.17462001822048,
  238,     0.47341155882249,    2.49978693162754,    2.19100374055162,    5.47704251777801,    2.19100374055162,
  239,     0.47456834739737,    2.47953977933967,    2.21908440175935,    5.50230804787448,    2.21908440175935,
  240,     0.47512576587170,    2.46947468738662,    2.24255773329687,    5.53793955737972,    2.24255773329687,
  241,     0.47568047241911,    2.45834191036166,    2.22989515830958,    5.48184472338498,    2.22989515830958,
  242,     0.47681358990747,    2.43569844150481,    2.22550715236193,    5.42066430256576,    2.22550715236193,
  243,     0.47814986049017,    2.42189050316146,    2.23923064682529,    5.42317143793427,    2.23923064682529,
  244,     0.47925758219798,    2.40505908667889,    2.26497092909016,    5.44738891407181,    2.26497092909016,
  245,     0.47979206679244,    2.39609328887495,    2.28306716965928,    5.47044192327133,    2.28306716965928,
  246,     0.48032591644068,    2.38538099966159,    2.26477752945328,    5.40235728721836,    2.26477752945328,
  247,     0.48141821746977,    2.36203084002570,    2.25586724192757,    5.32842799643663,    2.25586724192757,
  248,     0.48270816347576,    2.33753769833305,    2.26811756657548,    5.30181031612160,    2.26811756657548,
  249,     0.48377712650891,    2.31829775061941,    2.29714960882951,    5.32547677098573,    2.29714960882951,
  250,     0.48429214379033,    2.30788764110298,    2.32160838312815,    5.35801129490253,    2.32160838312815,
  251,     0.48480480148156,    2.29700474843800,    2.30668155206809,    5.29845847823473,    2.30668155206809,
  252,     0.48585297333380,    2.27576145974800,    2.29994623920375,    5.23412901067225,    2.29994623920375,
  253,     0.48708967518283,    2.25169797055070,    2.31372934850076,    5.20981967842275,    2.31372934850076,
  254,     0.48811437493199,    2.23146675408061,    2.34278944449276,    5.22785675719657,    2.34278944449276,
  255,     0.48860816388612,    2.22134650349769,    2.36667173547667,    5.25719798452793,    2.36667173547667,
  256,     0.48910009275650,    2.21063702435481,    2.35012494122453,    5.19527320693062,    2.35012494122453,
  257,     0.49010618156319,    2.18852566521419,    2.34235834334106,    5.12631135153050,    2.34235834334106,
  258,     0.49129357726947,    2.16218189526134,    2.35588038741842,    5.09384192107738,    2.35588038741842,
  259,     0.49227743265507,    2.14040836164038,    2.38585227273657,    5.10669815420406,    2.38585227273657,
  260,     0.49275142543586,    2.13010327099158,    2.41173550712923,    5.13724569250249,    2.41173550712923,
  261,     0.49322312451967,    2.11968615015918,    2.39636514980683,    5.07954201876968,    2.39636514980683,
  262,     0.49418771532378,    2.09781063864052,    2.38836712882784,    5.01034197183437,    2.38836712882784,
  263,     0.49532640808540,    2.07174125046766,    2.40105741363142,    4.97436968856139,    2.40105741363142,
  264,     0.49627044280422,    2.05051092141543,    2.42985233718030,    4.98243875481503,    2.42985233718030,
  265,     0.49672554959640,    2.04064288027230,    2.45519867741946,    5.01018370073000,    2.45519867741946,
  266,     0.49717833490508,    2.03073461263340,    2.44101293062863,    4.95704944811325,    2.44101293062863,
  267,     0.49810393271340,    2.00983856620004,    2.43324282015993,    4.89042526088677,    2.43324282015993,
  268,     0.49919681055164,    1.98507873522445,    2.44485964671690,    4.85323889530607,    2.44485964671690,
  269,     0.50010356990251,    1.96517132086724,    2.47157972460342,    4.85707759202759,    2.47157972460342,
  270,     0.50054114164571,    1.95604709422530,    2.49556706848607,    4.88144671275653,    2.49556706848607,
  271,     0.50097638838017,    1.94697362437460,    2.48320831022863,    4.83474108384297,    2.48320831022863,
  272,     0.50186562512146,    1.92787721223043,    2.47621215181060,    4.77383298012373,    2.47621215181060,
  273,     0.50291569508810,    1.90541100937229,    2.48664631857443,    4.73808327182677,    2.48664631857443,
  274,     0.50378773996075,    1.88754020001894,    2.51057630768379,    4.73881370596827,    2.51057630768379,
  275,     0.50420908982702,    1.87945493925161,    2.53223274284751,    4.75921733587939,    2.53223274284751,
  276,     0.50462824728799,    1.87141492702956,    2.52163091844735,    4.71901774124163,    2.52163091844735,
  277,     0.50548409652835,    1.85442369062054,    2.51553410349691,    4.66486603608858,    2.51553410349691,
  278,     0.50649485224226,    1.83448207094410,    2.52475396227870,    4.63161587734535,    2.52475396227870,
  279,     0.50733504259060,    1.81896356876302,    2.54563735944373,    4.63042161611025,    2.54563735944373,
  280,     0.50774154411894,    1.81193202955856,    2.56464111336243,    4.64695537762410,    2.56464111336243,
  281,     0.50814601744193,    1.80526586902095,    2.55566446159633,    4.61365382518966,    2.55566446159633,
  282,     0.50897140749511,    1.79026145297187,    2.55059217322757,    4.56622684998109,    2.55059217322757,
  283,     0.50994632043461,    1.77285622389494,    2.55828305515876,    4.53546803682316,    2.55828305515876,
  284,     0.51075761321451,    1.76081490521940,    2.57570021705676,    4.53533133357038,    2.57570021705676,
  285,     0.51115066136542,    1.75130146244562,    2.59159061537697,    4.53865643477004,    2.59159061537697,
  286,     0.51154172963966,    1.74646748986869,    2.58665252340411,    4.51750453971210,    2.58665252340411,
  287,     0.51233883382499,    1.73115632353771,    2.58286431086041,    4.47134188458588,    2.58286431086041,
  288,     0.51328023653742,    1.70742880670426,    2.59156305368727,    4.42490941225610,    2.59156305368727,
  289,     0.51406326110899,    1.68967849398417,    2.60981689339755,    4.40975147801042,    2.60981689339755,
  290,     0.51444282810079,    1.68423008667120,    2.62444347189754,    4.42016665613765,    2.62444347189754,
  291,     0.51482038703339,    1.67377733941096,    2.62000302308731,    4.38530168923176,    2.62000302308731,
  292,     0.51558968892500,    1.66308681524051,    2.61922892577964,    4.35600509256069,    2.61922892577964,
  293,     0.51649757807041,    1.64706343217817,    2.62738970016536,    4.32747749722395,    2.62738970016536,
  294,     0.51725383283859,    1.63503437441334,    2.64068059355717,    4.31760354231220,    2.64068059355717,
  295,     0.51762088636255,    1.62906893191424,    2.65252318587048,    4.32114311328378,    2.65252318587048,
  296,     0.51798653043602,    1.62412365785712,    2.64696853210951,    4.29900421460240,    2.64696853210951,
  297,     0.51873186871328,    1.61007060875430,    2.64298453892923,    4.25539172552199,    2.64298453892923,
  298,     0.51961278748439,    1.59702434783075,    2.64817637243765,    4.22920214413304,    2.64817637243765,
  299,     0.52034714145900,    1.58813184389164,    2.65987438533303,    4.22423121209910,    2.65987438533303,
  300,     0.52070392419911,    1.58108497555046,    2.66805558718429,    4.21842260283054,    2.66805558718429,
  301,     0.52105914592964,    1.57874021637787,    2.66928040606833,    4.21410032584952,    2.66928040606833,
  302,     0.52178207846211,    1.56544898748142,    2.66676465049250,    4.17468402196473,    2.66676465049250,
  303,     0.52263656961823,    1.54598055526110,    2.67318409758287,    4.13269063549630,    2.67318409758287,
  304,     0.52334823151198,    1.52753807397182,    2.68753657817062,    4.10531444834757,    2.68753657817062,
  305,     0.52369404975610,    1.52382453978642,    2.69643878457107,    4.10889958996127,    2.69643878457107,
  306,     0.52403796049656,    1.51699431497630,    2.69784336434305,    4.09261304640495,    2.69784336434305,
  307,     0.52473784612081,    1.51370327569915,    2.69907702672308,    4.08560173671505,    2.69907702672308,
  308,     0.52556467254288,    1.50474909752706,    2.70184657485475,    4.06560119516925,    2.70184657485475,
  309,     0.52625542330155,    1.49109296037272,    2.70771111927222,    4.03744898866975,    2.70771111927222,
  310,     0.52659151218439,    1.48568219064088,    2.71565821156811,    4.03460504079441,    2.71565821156811,
  311,     0.52692642940311,    1.48008191983272,    2.71289602224653,    4.01530835291321,    2.71289602224653,
  312,     0.52760852979983,    1.47025745807309,    2.71134284897816,    3.98637204510328,    2.71134284897816,
  313,     0.52841498849072,    1.46644825867964,    2.71386944542167,    3.97974912252250,    2.71386944542167,
  314,     0.52908877202709,    1.45968121833210,    2.71882517731518,    3.96861804725542,    2.71882517731518,
  315,     0.52941696408468,    1.45393432016448,    2.72349356114654,    3.95978075929794,    2.72349356114654,
  316,     0.52974380094265,    1.44915100600037,    2.72593163660080,    3.95028657346829,    2.72593163660080,
  317,     0.53040886636931,    1.42980412680167,    2.72562356208882,    3.89710781718245,    2.72562356208882,
  318,     0.53119472900528,    1.41736229591773,    2.73266335697018,    3.87317400960553,    2.73266335697018,
  319,     0.53185002144973,    1.40135657843336,    2.74258752161425,    3.84334306534336,    2.74258752161425,
  320,     0.53216909554783,    1.39871080743450,    2.74510188500538,    3.83960367406584,    2.74510188500538,
  321,     0.53248711716267,    1.39788475604395,    2.74669388878839,    3.83956151665636,    2.74669388878839,
  322,     0.53313404298976,    1.39207564419629,    2.74926411862147,    3.82718361899573,    2.74926411862147,
  323,     0.53389840744456,    1.38469619014713,    2.75304887765029,    3.81213629217119,    2.75304887765029,
  324,     0.53453726447303,    1.37552804229674,    2.75702105588408,    3.79235977557112,    2.75702105588408,
  325,     0.53484862932950,    1.37241941258120,    2.75955865808004,    3.78727187250558,    2.75955865808004,
  326,     0.53515929155144,    1.37162853059583,    2.75811341628186,    3.78310705239133,    2.75811341628186,
  327,     0.53579199456357,    1.35982547317394,    2.75640393863018,    3.74822829010630,    2.75640393863018,
  328,     0.53654063547489,    1.35282192835673,    2.75869185884190,    3.73201884022050,    2.75869185884190,
  329,     0.53716610421090,    1.33993822032122,    2.76724491706007,    3.70793722935841,    2.76724491706007,
  330,     0.53747047522134,    1.33308636981859,    2.77201419897903,    3.69533434560256,    2.77201419897903,
  331,     0.53777398107418,    1.33002140451294,    2.77486337326008,    3.69062768103489,    2.77486337326008,
  332,     0.53839096652247,    1.31581607735265,    2.77731836702072,    3.65444015925267,    2.77731836702072,
  333,     0.53912098279606,    1.30736231537037,    2.77754867472318,    3.63126246644001,    2.77754867472318,
  334,     0.53973172134065,    1.29876742930357,    2.78241512009164,    3.61371013277680,    2.78241512009164,
  335,     0.54002929822996,    1.29656890638687,    2.78643511818973,    3.61280513390923,    2.78643511818973,
  336,     0.54032629890380,    1.29912818496955,    2.78363450318687,    3.61629803974378,    2.78363450318687,
  337,     0.54093125858761,    1.29056481253917,    2.78362996039663,    3.59245487801768,    2.78362996039663,
  338,     0.54164727645839,    1.28240439752876,    2.78371792786820,    3.56985211217783,    2.78371792786820,
  339,     0.54224672673775,    1.27135159709835,    2.78706623653074,    3.54334111103226,    2.78706623653074,
  340,     0.54253884697317,    1.27634079819425,    2.79301207130842,    3.56483525645996,    2.79301207130842,
  341,     0.54283035612656,    1.27469384493833,    2.78973682583809,    3.55606036089360,    2.78973682583809,
  342,     0.54342367769607,    1.26267915255601,    2.79544107926738,    3.52974517298958,    2.79544107926738,
  343,     0.54412461693379,    1.24849440867303,    2.79948578716988,    3.49514235244121,    2.79948578716988,
  344,     0.54471169762789,    1.23570503583335,    2.79833957428589,    3.45792230391682,    2.79833957428589,
  345,     0.54499831965689,    1.24567159556845,    2.80143620439148,    3.48966950660756,    2.80143620439148,
  346,     0.54528439718366,    1.23861766397897,    2.79914581342098,    3.46707144855600,    2.79914581342098,
  347,     0.54586652448100,    1.22581871448178,    2.80650770254756,    3.44026966412007,    2.80650770254756,
  348,     0.54655458332549,    1.22438930368640,    2.80693383561806,    3.43677976448618,    2.80693383561806,
  349,     0.54713191782641,    1.22204545872735,    2.80318185813163,    3.42561565971664,    2.80318185813163,
  350,     0.54741374946913,    1.21972997859773,    2.80664204061897,    3.42334543613566,    2.80664204061897,
  351,     0.54769526330779,    1.21737222699448,    2.80585157214554,    3.41576577699879,    2.80585157214554,
  352,     0.54826761093285,    1.19835109013020,    2.81364909059026,    3.37173945495269,    2.81364909059026,
  353,     0.54894461576279,    1.20448244285810,    2.81291452206439,    3.38810615508713,    2.81291452206439,
  354,     0.54951286857515,    1.19356976444209,    2.80899981606901,    3.35273724878336,    2.80899981606901,
  355,     0.54979047683892,    1.19022493767521,    2.81234064480440,    3.34731796868379,    2.81234064480440,
  356,     0.55006749912461,    1.18833612229201,    2.81267056241502,    3.34239802942516,    2.81267056241502,
  357,     0.55063136677527,    1.17352842798316,    2.81751770752198,    3.30643712612299,    2.81751770752198,
  358,     0.55129878469982,    1.18016290931025,    2.81815211019400,    3.32587859324536,    2.81815211019400,
  359,     0.55185867276416,    1.17381814759057,    2.81652461124757,    3.30608770181787,    2.81652461124757,
  360,     0.55213219964923,    1.16629632093058,    2.81589052026861,    3.28416275393257,    2.81589052026861,
  361,     0.55240528702773,    1.17134814964465,    2.82199808254290,    3.30554223228739,    2.82199808254290,
  362,     0.55296097386753,    1.15243745012654,    2.82148858177873,    3.25158910674621,    2.82148858177873,
  363,     0.55362022588940,    1.15993769565110,    2.82153456649939,    3.27280430326522,    2.82153456649939,
  364,     0.55417254370173,    1.15512062143693,    2.82474029891282,    3.26291576947811,    2.82474029891282,
  365,     0.55444258562432,    1.14634649381505,    2.81982204663776,    3.23249311634556,    2.81982204663776,
  366,     0.55471204980099,    1.14333964418293,    2.82833659256881,    3.23374935337719,    2.82833659256881,
  367,     0.55526078316688,    1.13369304895779,    2.82626280181628,    3.20411449294709,    2.82626280181628,
  368,     0.55591262579050,    1.12991172375238,    2.82228780544162,    3.18893607917187,    2.82228780544162,
  369,     0.55645946302293,    1.12828619360271,    2.82599190032779,    3.18852764437294,    2.82599190032779,
  370,     0.55672653431796,    1.13042105130486,    2.82701258729686,    3.19571454098418,    2.82701258729686,
  371,     0.55699292845782,    1.11913346728550,    2.83294040125858,    3.17043841387368,    2.83294040125858,
  372,     0.55753574563297,    1.11879582300314,    2.83081257401715,    3.16710128351515,    2.83081257401715,
  373,     0.55818088837234,    1.10747230340103,    2.82510698615144,    3.12872774130749,    2.82510698615144,
  374,     0.55872270633481,    1.10914322944102,    2.82782987015868,    3.13646835449757,    2.82782987015868,
  375,     0.55898727262790,    1.09723055947063,    2.83422529364114,    3.10979860460769,    2.83422529364114,
  376,     0.55925107940568,    1.09959357443520,    2.83469551843637,    3.11701297755290,    2.83469551843637,
  377,     0.55978918342140,    1.09814893098875,    2.83544135343168,    3.11373689115228,    2.83544135343168,
  378,     0.56042820851107,    1.09422337971719,    2.82956525473271,    3.09617645616394,    2.82956525473271,
  379,     0.56096584668072,    1.08377513514998,    2.82814525317622,    3.06507350398483,    2.82814525317622,
  380,     0.56122837234806,    1.07787665003060,    2.83874305585310,    3.05981485534056,    2.83874305585310,
  381,     0.56149024877268,    1.07848093107440,    2.83583595816152,    3.05839500453229,    2.83583595816152,
  382,     0.56202467182434,    1.07436927609427,    2.83721405781377,    3.04821561341786,    2.83721405781377,
  383,     0.56265918991429,    1.07390023232192,    2.83324184579688,    3.04261907642545,    2.83324184579688,
  384,     0.56319313956947,    1.05786741605091,    2.83069369050094,    2.99449862000183,    2.83069369050094,
  385,     0.56345409316998,    1.05099493258567,    2.83557471969395,    2.98017466136636,    2.83557471969395,
  386,     0.56371476338444,    1.05551534370161,    2.83756287791648,    2.99509115635894,    2.83756287791648,
  387,     0.56424601653872,    1.05099126311121,    2.83933557650149,    2.98411688394390,    2.83933557650149,
  388,     0.56487713578516,    1.05654503274420,    2.83711081227291,    2.99753533605182,    2.83711081227291,
  389,     0.56540788659984,    1.03797180634697,    2.83472577672574,    2.94236543496634,    2.83472577672574,
  390,     0.56566784069640,    1.03644839923244,    2.83302803840070,    2.93628737538102,    2.83302803840070,
  391,     0.56592745011823,    1.03244426314178,    2.83816559986588,    2.93024779142788,    2.83816559986588,
  392,     0.56645676496215,    1.03222244763293,    2.84013987755932,    2.93165613603417,    2.84013987755932,
  393,     0.56708558394933,    1.03691232592312,    2.83961161009636,    2.94442827934330,    2.83961161009636,
  394,     0.56761441616921,    1.02990980873283,    2.83710494616535,    2.92196221246013,    2.83710494616535,
  395,     0.56787359373570,    1.02058481944503,    2.83444051138152,    2.89278695753600,    2.83444051138152,
  396,     0.56813253481397,    1.01171959034973,    2.83841724386199,    2.87168233120165,    2.83841724386199,
  397,     0.56866089912856,    1.00802189401570,    2.83925952771383,    2.86203576672822,    2.83925952771383,
  398,     0.56928910655033,    1.01590040653371,    2.83718236299370,    2.88229471597556,    2.83718236299370,
  399,     0.56981778256590,    1.01033702048781,    2.83576709471143,    2.86508047726813,    2.83576709471143,
  400,     0.57007669992719,    1.00117719987173,    2.83520543227257,    2.83854303574379,    2.83520543227257,
  401,     0.57033557342719,    0.99163656200416,    2.83730132117816,    2.81357172750298,    2.83730132117816,
  402,     0.57086386365389,    0.98826360858013,    2.83895979757467,    2.80564065416506,    2.83895979757467,
  403,     0.57149202458104,    0.99429894949182,    2.83773962875082,    2.82156153179825,    2.83773962875082,
  404,     0.57202085115290,    0.98851946376158,    2.83553273159339,    2.80297929531310,    2.83553273159339,
  405,     0.57228002191943,    0.98321400429796,    2.83433096689543,    2.78675389946695,    2.83433096689543,
  406,     0.57253923088605,    0.97286284604408,    2.83535703611104,    2.75841351570210,    2.83535703611104,
  407,     0.57306849047383,    0.96529500847020,    2.83745915117088,    2.73898515536333,    2.83745915117088,
  408,     0.57369778342291,    0.97067330195868,    2.83750879433464,    2.75429403073361,    2.83750879433464,
  409,     0.57422767202687,    0.97104046237771,    2.83542411857550,    2.75331154713847,    2.83542411857550,
  410,     0.57448740512727,    0.96934972057450,    2.83463613663673,    2.74775374697920,    2.83463613663673,
  411,     0.57474730696919,    0.95666904541001,    2.83398404655174,    2.71118481252186,    2.83398404655174,
  412,     0.57527829980538,    0.94482417395704,    2.83573505044521,    2.67927102659790,    2.83573505044521,
  413,     0.57590991478409,    0.94886544353738,    2.83552651707241,    2.69053312628391,    2.83552651707241,
  414,     0.57644211947720,    0.95015023433549,    2.83233315106910,    2.69114200720448,    2.83233315106910,
  415,     0.57670312424531,    0.94574861241210,    2.83090544472329,    2.67732489621692,    2.83090544472329,
  416,     0.57696444629884,    0.93720901869756,    2.82981865740780,    2.65213156700120,    2.82981865740780,
  417,     0.57749817579630,    0.92735098432698,    2.83470508442086,    2.62876655031439,    2.83470508442086,
  418,     0.57813268738326,    0.92102474415632,    2.83559410287392,    2.61165233313064,    2.83559410287392,
  419,     0.57866784224445,    0.91929538009644,    2.82852805276376,    2.60025277137891,    2.82852805276376,
  420,     0.57893069642147,    0.91456944154968,    2.82437541054350,    2.58308744194742,    2.82437541054350,
  421,     0.57919386742842,    0.90633424484434,    2.82652680969726,    2.56177804159926,    2.82652680969726,
  422,     0.57973114139635,    0.89775280164316,    2.83225883844890,    2.54266830719610,    2.83225883844890,
  423,     0.58036979238295,    0.89676300172220,    2.83647817237929,    2.54364868018236,    2.83647817237929,
  424,     0.58090783476285,    0.90000621200814,    2.83286314489472,    2.54959442817417,    2.83286314489472,
  425,     0.58117212701104,    0.89942506184336,    2.82754847531026,    2.54316796227102,    2.82754847531026,
  426,     0.58143685591850,    0.89084980762471,    2.82753896054480,    2.51891253905271,    2.82753896054480,
  427,     0.58197840256545,    0.88182963891644,    2.82771723371202,    2.49356486716206,    2.82771723371202,
  428,     0.58262282012785,    0.88145987277513,    2.83404855954024,    2.49810008273089,    2.83404855954024,
  429,     0.58316531925360,    0.87515841341973,    2.83166039482420,    2.47815141847782,    2.83166039482420,
  430,     0.58343210606844,    0.87532150224255,    2.82238278120000,    2.47049233594350,    2.82238278120000,
  431,     0.58369940841288,    0.86560807668852,    2.82328799064788,    2.44386088752251,    2.82328799064788,
  432,     0.58424652298019,    0.85951379879618,    2.82236400603412,    2.42586080841200,    2.82236400603412,
  433,     0.58489829743757,    0.85244351839545,    2.82540749836993,    2.40850030881135,    2.82540749836993,
  434,     0.58544765221099,    0.83320428411322,    2.82298423498306,    2.35212255857196,    2.82298423498306,
  435,     0.58571764820597,    0.83352695946432,    2.81488706353020,    2.34628425529978,    2.81488706353020,
  436,     0.58598840370996,    0.83359233688706,    2.81573091726602,    2.34717171536892,    2.81573091726602,
  437,     0.58654225412006,    0.82908567837758,    2.81613658072786,    2.33481850743666,    2.81613658072786,
  438,     0.58720225781124,    0.83330239723782,    2.81913700016624,    2.34919362038037,    2.81913700016624,
  439,     0.58775843343658,    0.81995811098873,    2.82039649162995,    2.31260697951612,    2.82039649162995,
  440,     0.58803144682876,    0.81799130499187,    2.81743562009329,    2.30463783961067,    2.81743562009329,
  441,     0.58830521703647,    0.81918803210575,    2.81343629906058,    2.30473334528231,    2.81343629906058,
  442,     0.58886544222034,    0.81345655176805,    2.81835087061216,    2.29260598088064,    2.81835087061216,
  443,     0.58953258644060,    0.81826063262923,    2.81845567424156,    2.30623132304234,    2.81845567424156,
  444,     0.59009639070753,    0.79969954044364,    2.81347979454024,    2.24993849874131,    2.81347979454024,
  445,     0.59037312681815,    0.78838109272897,    2.81616823218235,    2.22021378819653,    2.81616823218235,
  446,     0.59065074652212,    0.79238100741985,    2.80768373680266,    2.22475526788403,    2.80768373680266,
  447,     0.59121942141555,    0.79283345916417,    2.81039166627800,    2.22817254638135,    2.81039166627800,
  448,     0.59189728616774,    0.77193901261350,    2.80868112737909,    2.16813053621519,    2.80868112737909,
  449,     0.59247069193720,    0.76425372287460,    2.80209725550460,    2.14151325937608,    2.80209725550460,
  450,     0.59275230205375,    0.75283342564171,    2.80549837960334,    2.11207295574905,    2.80549837960334,
  451,     0.59303449353974,    0.75587842906873,    2.80050232189723,    2.11683929567900,    2.80050232189723,
  452,     0.59361250328468,    0.76288611156290,    2.80239086220235,    2.13790506794497,    2.80239086220235,
  453,     0.59430187888091,    0.75673664067135,    2.80146552411375,    2.11997160967445,    2.80146552411375,
  454,     0.59488464019471,    0.74527668909998,    2.79843837790687,    2.08561088893674,    2.79843837790687,
  455,     0.59517069173023,    0.74761768143795,    2.79883608572246,    2.09245934513269,    2.79883608572246,
  456,     0.59545748649361,    0.74405406075266,    2.79966143741701,    2.08309946124277,    2.79966143741701,
  457,     0.59604414711269,    0.75119552323105,    2.80054615413511,    2.10375773358823,    2.80054615413511,
  458,     0.59674498487058,    0.73168394961495,    2.79668477776618,    2.04628936402396,    2.79668477776618,
  459,     0.59733763336194,    0.71531699229661,    2.79390955964411,    1.99853098295337,    2.79390955964411,
  460,     0.59762886043015,    0.71501822259216,    2.79613392905021,    1.99928671207910,    2.79613392905021,
  461,     0.59792030052867,    0.71019391442440,    2.79360437579084,    1.98400082699604,    2.79360437579084,
  462,     0.59851861981731,    0.70023302861554,    2.78720511302811,    1.95169307766838,    2.78720511302811,
  463,     0.59923431279059,    0.68944677438318,    2.78316151291230,    1.91884172766481,    2.78316151291230,
  464,     0.59983940049471,    0.68464159787003,    2.78371776858510,    1.90584898110330,    2.78371776858510,
  465,     0.60013629108761,    0.68256526722472,    2.78796157660808,    1.90296573854975,    2.78796157660808,
  466,     0.60043359396823,    0.68466582754252,    2.78610516000554,    1.90755099499567,    2.78610516000554,
  467,     0.60104356049982,    0.67797868897449,    2.77991726330780,    1.88472466163498,    2.77991726330780,
  468,     0.60177342412880,    0.66912974163731,    2.77686456540137,    1.85808266920881,    2.77686456540137,
  469,     0.60239020727014,    0.67104793273426,    2.77850869840576,    1.86451251814935,    2.77850869840576,
  470,     0.60269304858922,    0.66802050953010,    2.78051077427129,    1.85743822418264,    2.78051077427129,
  471,     0.60299645294538,    0.66567328564332,    2.77654164306185,    1.84826959826249,    2.77654164306185,
  472,     0.60361981788406,    0.64864690890266,    2.76775313998997,    1.79529451886012,    2.76775313998997,
  473,     0.60436608213313,    0.63820792133065,    2.76513499993172,    1.76473106050505,    2.76513499993172,
  474,     0.60499675335333,    0.63111196694440,    2.76699984147674,    1.74628671248924,    2.76699984147674,
  475,     0.60530645311042,    0.62571606905903,    2.76506100677107,    1.73014310386520,    2.76506100677107,
  476,     0.60561767577611,    0.61822847309869,    2.75658618896106,    1.70420007056633,    2.75658618896106,
  477,     0.60625726842833,    0.60290083333727,    2.74807730942954,    1.65681809993032,    2.74807730942954,
  478,     0.60702276925748,    0.59628786327181,    2.74762119309224,    1.63837317030930,    2.74762119309224,
  479,     0.60766929872063,    0.59197665373627,    2.75144419249047,    1.62879072601260,    2.75144419249047,
  480,     0.60798668918149,    0.58898377186671,    2.75201610636014,    1.62089282656194,    2.75201610636014,
  481,     0.60830492360344,    0.58601569977932,    2.74940310070615,    1.61119338203575,    2.74940310070615,
  482,     0.60895836395977,    0.57994725077596,    2.74194771696142,    1.59018504022321,    2.74194771696142,
  483,     0.60974104119525,    0.57623781646060,    2.73805391030012,    1.57777020662274,    2.73805391030012,
  484,     0.61040298298641,    0.56731503264941,    2.73921289679748,    1.55399665398034,    2.73921289679748,
  485,     0.61072817639425,    0.56244638530601,    2.73727387782889,    1.53956979817743,    2.73727387782889,
  486,     0.61105465695490,    0.55972043429163,    2.73342566816637,    1.52995420208998,    2.73342566816637,
  487,     0.61172535823872,    0.54706769947646,    2.72358288950056,    1.48998422569251,    2.72358288950056,
  488,     0.61252962818847,    0.53256060276310,    2.71758153745118,    1.44727686164288,    2.71758153745118,
  489,     0.61321016765784,    0.51779456442712,    2.71850606153054,    1.40762766202270,    2.71850606153054,
  490,     0.61354458885560,    0.50572215364834,    2.71639755739653,    1.37374242289167,    2.71639755739653,
  491,     0.61388059579325,    0.50402410146785,    2.70835090505972,    1.36507413138236,    2.70835090505972,
  492,     0.61457186313942,    0.49095073943499,    2.69689282886709,    1.32404152850922,    2.69689282886709,
  493,     0.61540052011403,    0.48267023720077,    2.69421785456340,    1.30041877093265,    2.69421785456340,
  494,     0.61610086797255,    0.47346103067230,    2.69885437220090,    1.27780237269668,    2.69885437220090,
  495,     0.61644463597105,    0.46925141002693,    2.70066767139958,    1.26729211281841,    2.70066767139958,
  496,     0.61678934781363,    0.46381099587384,    2.69693807801956,    1.25086953577633,    2.69693807801956,
  497,     0.61749805291198,    0.45316319055871,    2.68585027421004,    1.21712847962402,    2.68585027421004,
  498,     0.61834839577969,    0.44832756171671,    2.67938803259246,    1.20124350354510,    2.67938803259246,
  499,     0.61906806402330,    0.43877292458902,    2.68151285207443,    1.17657523642773,    2.68151285207443,
  500,     0.61942152291508,    0.43570532921982,    2.68246137693442,    1.16876271735666,    2.68246137693442,
  501,     0.61977645253088,    0.43053530586249,    2.67395541428539,    1.15123221215201,    2.67395541428539,
  502,     0.62050684016953,    0.41539609578602,    2.66246097901916,    1.10597589586718,    2.66246097901916,
  503,     0.62138366958814,    0.39850239208279,    2.65248458813452,    1.05702145333435,    2.65248458813452,
  504,     0.62212707996792,    0.38092040754767,    2.65190946874600,    1.01016643561427,    2.65190946874600,
  505,     0.62249201802044,    0.37434461743929,    2.65608821051648,    0.99429232505080,    2.65608821051648,
  506,     0.62285882285235,    0.36659022493742,    2.64293467526480,    0.96887401710022,    2.64293467526480,
  507,     0.62361422494741,    0.35332523913949,    2.63113921527085,    0.92964789244485,    2.63113921527085,
  508,     0.62452034340811,    0.34288551697694,    2.62590964651993,    0.90038638668173,    2.62590964651993,
  509,     0.62528739652440,    0.33102036317774,    2.62809320579507,    0.86995236744724,    2.62809320579507,
  510,     0.62566387041298,    0.32422704262004,    2.63349981163414,    0.85385185566657,    2.63349981163414,
  511,     0.62604164384105,    0.31684578988951,    2.62345724533415,    0.83123138313926,    2.62345724533415,
  512,     0.62681971067194,    0.30385795918220,    2.61075993678615,    0.79330018630650,    2.61075993678615,
  513,     0.62775374181471,    0.29576446114814,    2.60314748330814,    0.76991851268978,    2.60314748330814,
  514,     0.62854516468876,    0.28371875887275,    2.60321580919586,    0.73858115846297,    2.60321580919586,
  515,     0.62893386005909,    0.28231211358972,    2.60749756150673,    0.73612814776900,    2.60749756150673,
  516,     0.62932434165761,    0.26962072339170,    2.59319826200832,    0.69917999130077,    2.59319826200832,
  517,     0.63012981714539,    0.25075773051269,    2.57754223019029,    0.64633863994315,    2.57754223019029,
  518,     0.63109762762368,    0.22812099421097,    2.56789053702457,    0.58578974233098,    2.56789053702457,
  519,     0.63191826531027,    0.21115670613828,    2.56752576902379,    0.54215028431222,    2.56752576902379,
  520,     0.63232111690391,    0.19864172511070,    2.57328059038915,    0.51116089566877,    2.57328059038915,
  521,     0.63272596156382,    0.19584594509896,    2.55785482360785,    0.50094549535540,    2.55785482360785,
  522,     0.63356120365038,    0.18023923494048,    2.54203548490669,    0.45817453099112,    2.54203548490669,
  523,     0.63456454611171,    0.16397621356399,    2.53458581104335,    0.41561178424791,    2.53458581104335,
  524,     0.63541445861900,    0.14959941129104,    2.53661924760154,    0.37947674611070,    2.53661924760154,
  525,     0.63583151828563,    0.14242936647404,    2.54267003680907,    0.36215088249525,    2.54267003680907,
  526,     0.63625049820473,    0.13505057240836,    2.52772914833171,    0.34137126837550,    2.52772914833171,
  527,     0.63711528736611,    0.11943439074534,    2.51027602366481,    0.29981328748904,    2.51027602366481,
  528,     0.63815500601480,    0.09989868883514,    2.50095817351002,    0.24984244236517,    2.50095817351002,
  529,     0.63903610724791,    0.08312792090466,    2.50300703545910,    0.20806977086746,    2.50300703545910,
  530,     0.63946837927817,    0.07511954196937,    2.50970881479793,    0.18852817664411,    2.50970881479793,
  531,     0.63990279404910,    0.06694627903365,    2.49274448458026,    0.16687996782431,    2.49274448458026,
  532,     0.64080038418989,    0.04907517850482,    2.47259834795045,    0.12134320529639,    2.47259834795045,
  533,     0.64188063134377,    0.02657970052475,    2.46141747720127,    0.06542373941038,    2.46141747720127,
  534,     0.64279650188016,    0.00727695642322,    2.46327119006634,    0.01792511710869,    2.46327119006634,
  535,     0.64324575403963,    -0.00200619077824,    2.47070180706788,    -0.00495669918112,    2.47070180706788,
  536,     0.64369738482033,    -0.01130507763122,    2.45154277715127,    -0.02771488141194,    2.45154277715127,
  537,     0.64463165249596,    -0.03146220246008,    2.42859352499774,    -0.07640890117671,    2.42859352499774,
  538,     0.64575717008297,    -0.05664431485518,    2.41584632187196,    -0.13684395969785,    2.41584632187196,
  539,     0.64671172275636,    -0.07830937828731,    2.41794772391413,    -0.18934798299093,    2.41794772391413,
  540,     0.64717978545365,    -0.08884655961815,    2.42644346585371,    -0.21558115404904,    2.42644346585371,
  541,     0.64765042015700,    -0.09927306947470,    2.40539603206893,    -0.23879104740575,    2.40539603206893,
  542,     0.64862501881574,    -0.12143617523815,    2.38029578236315,    -0.28905401574568,    2.38029578236315,
  543,     0.64979999314345,    -0.14887444151147,    2.36674645492401,    -0.35234805667606,    2.36674645492401,
  544,     0.65079653428657,    -0.17249083266167,    2.36963558042587,    -0.40874041437238,    2.36963558042587,
  545,     0.65128492522117,    -0.18405722009869,    2.37958075448616,    -0.43797901867106,    2.37958075448616,
  546,     0.65177595272507,    -0.19557859872037,    2.35735798829388,    -0.46104877203279,    2.35735798829388,
  547,     0.65279358187406,    -0.21963482999467,    2.33093325899188,    -0.51195413006760,    2.33093325899188,
  548,     0.65402099081176,    -0.24860661452785,    2.31718193153442,    -0.57606675524388,    2.31718193153442,
  549,     0.65506191293263,    -0.27288454991915,    2.32077770840232,    -0.63330438041977,    2.32077770840232,
  550,     0.65557183184364,    -0.28462600269980,    2.33200234145555,    -0.66374850473507,    2.33200234145555,
  551,     0.65608425483611,    -0.29627472285573,    2.30997659299120,    -0.68438767489169,    2.30997659299120,
  552,     0.65714659113329,    -0.32031609038368,    2.28313356510115,    -0.73132441739696,    2.28313356510115,
  553,     0.65842833392567,    -0.34907944265525,    2.26898778159240,    -0.79205699018984,    2.26898778159240,
  554,     0.65951549102348,    -0.37310378518275,    2.27239568161317,    -0.84783943024281,    2.27239568161317,
  555,     0.66004802251967,    -0.38482475098870,    2.28466999327280,    -0.87919756125256,    2.28466999327280,
  556,     0.66058245613342,    -0.39591852943877,    2.26556809124979,    -0.89698038703102,    2.26556809124979,
  557,     0.66168961446037,    -0.41747627433918,    2.24080897053896,    -0.93548458052643,    2.24080897053896,
  558,     0.66302480456333,    -0.44218133151994,    2.22729827695736,    -0.98486971779708,    2.22729827695736,
  559,     0.66415737006307,    -0.46313503370740,    2.22975901660767,    -1.03267951731597,    2.22975901660767,
  560,     0.66471238555109,    -0.47392530555091,    2.23956887267321,    -1.06138836228396,    2.23956887267321,
  561,     0.66527007319377,    -0.48513961812005,    2.21989530979358,    -1.07695916285974,    2.21989530979358,
  562,     0.66642514629412,    -0.50641785197532,    2.19622975884210,    -1.11220995691710,    2.19622975884210,
  563,     0.66781766754702,    -0.53032409849441,    2.18360075833057,    -1.15801610363337,    2.18360075833057,
  564,     0.66899836562801,    -0.55163716921238,    2.18722415506652,    -1.20655414133384,    2.18722415506652,
  565,     0.66957659281857,    -0.56339919602845,    2.19793888643189,    -1.23831700153538,    2.19793888643189,
  566,     0.67015726614094,    -0.57476908167611,    2.18019478071661,    -1.25310855198754,    2.18019478071661,
  567,     0.67135894676735,    -0.59411889084384,    2.15833867408854,    -1.28230977911484,    2.15833867408854,
  568,     0.67280740479690,    -0.61766409146442,    2.14494116337530,    -1.32485313492084,    2.14494116337530,
  569,     0.67403689225913,    -0.63834998270004,    2.14415251748425,    -1.36871972244233,    2.14415251748425,
  570,     0.67464028087155,    -0.65204031229388,    2.15303980106467,    -1.40386874426737,    2.15303980106467,
  571,     0.67524552083279,    -0.66018878997652,    2.13672356691508,    -1.41064094615599,    2.13672356691508,
  572,     0.67649957894895,    -0.68153006639902,    2.11217982057673,    -1.43951405336433,    2.11217982057673,
  573,     0.67801218746447,    -0.70206389239566,    2.09908679457397,    -1.47369304547492,    2.09908679457397,
  574,     0.67929628470120,    -0.71788974172925,    2.09562340478279,    -1.50442654482129,    2.09562340478279,
  575,     0.67992788676763,    -0.71597297755614,    2.10128577013557,    -1.50446382954031,    2.10128577013557,
  576,     0.68055967761613,    -0.73145330156524,    2.09335120645262,    -1.53118865129535,    2.09335120645262,
  577,     0.68186644877479,    -0.76119916810156,    2.07142373922273,    -1.57676602708216,    2.07142373922273,
  578,     0.68344200607634,    -0.77726833264624,    2.05921414568915,    -1.60056194558136,    2.05921414568915,
  579,     0.68477817732284,    -0.80367802973466,    2.05892518820383,    -1.65471293862672,    2.05892518820383,
  580,     0.68543455504254,    -0.81367828137434,    2.05868882377905,    -1.67511038401710,    2.05868882377905,
  581,     0.68609324107994,    -0.80855689927741,    2.05653585686484,    -1.66282625567944,    2.05653585686484,
  582,     0.68744853896004,    -0.83369612058304,    2.04180274254166,    -1.70224302545280,    2.04180274254166,
  583,     0.68908211642681,    -0.85943640361217,    2.02631472147659,    -1.74148863681224,    2.02631472147659,
  584,     0.69046998782697,    -0.88973294234862,    2.02203536170693,    -1.79907147190447,    2.02203536170693,
  585,     0.69115304215509,    -0.89680494458928,    2.01953321074665,    -1.81112736915986,    2.01953321074665,
  586,     0.69184006736888,    -0.90332544720427,    2.00902846760624,    -1.81480653894652,    2.00902846760624,
  587,     0.69325855126415,    -0.93575190928711,    1.99126408923737,    -1.86332917339874,    1.99126408923737,
  588,     0.69496811212150,    -0.95866476971715,    1.97659144810066,    -1.89488858541830,    1.97659144810066,
  589,     0.69642180590800,    -0.98258924964864,    1.96889086744918,    -1.93461100008695,    1.96889086744918,
  590,     0.69713799651454,    -0.98239974250095,    1.96669625418275,    -1.93208189368672,    1.96669625418275,
  591,     0.69785728505615,    -0.98844799822843,    1.96060598880625,    -1.93795706495021,    1.96060598880625,
  592,     0.69933790977347,    -1.01082954352715,    1.95061609063570,    -1.97174037249401,    1.95061609063570,
  593,     0.70111666799794,    -1.02433587792442,    1.94049351022208,    -1.98771712339998,    1.94049351022208,
  594,     0.70262700899344,    -1.04217068114249,    1.93522184508554,    -2.01683146845463,    1.93522184508554,
  595,     0.70336998818756,    -1.05439065980979,    1.93516960764281,    -2.04042475944636,    1.93516960764281,
  596,     0.70411469373993,    -1.04785471425116,    1.93524222384568,    -2.02785268747459,    1.93524222384568,
  597,     0.70564413431754,    -1.06240492190665,    1.92664901915476,    -2.04688140073664,    1.92664901915476,
  598,     0.70748155583492,    -1.07873441327178,    1.91705462579166,    -2.06799279696333,    1.91705462579166,
  599,     0.70904139053259,    -1.09569161158279,    1.90896329867983,    -2.09163507318290,    1.90896329867983,
  600,     0.70981142386540,    -1.10719337547958,    1.90076392486367,    -2.10451322595962,    1.90076392486367,
  601,     0.71058603646223,    -1.11926765336825,    1.89442785263608,    -2.12037181709544,    1.89442785263608,
  602,     0.71217984247124,    -1.13429293127807,    1.88745559741279,    -2.14092754224654,    1.88745559741279,
  603,     0.71408986315623,    -1.13836293903728,    1.88254242989381,    -2.14301653335630,    1.88254242989381,
  604,     0.71570825763239,    -1.13777636968865,    1.87961415507849,    -2.13858056978061,    1.87961415507849,
  605,     0.71650375294725,    -1.13777450367131,    1.88009280413147,    -2.13912165707669,    1.88009280413147,
  606,     0.71730115143019,    -1.13818376630810,    1.87962480341091,    -2.13935843799236,    1.87962480341091,
  607,     0.71893738464668,    -1.14031994128286,    1.87458763517040,    -2.13762966206710,    1.87458763517040,
  608,     0.72089786703537,    -1.14408474178119,    1.87063407231594,    -2.14016389959267,    1.87063407231594,
  609,     0.72255707889274,    -1.14617372741468,    1.86863366255272,    -2.14177881018059,    1.86863366255272,
  610,     0.72337358469142,    -1.14815238841722,    1.86536583945376,    -2.14172424384074,    1.86536583945376,
  611,     0.72419339028563,    -1.15184128469660,    1.86130065891863,    -2.14392294217545,    1.86130065891863,
  612,     0.72587762797643,    -1.16169130201474,    1.85656142486902,    -2.15675125892643,    1.85656142486902,
  613,     0.72789540680125,    -1.16830120100396,    1.84998200612770,    -2.16133619959471,    1.84998200612770,
  614,     0.72960739365319,    -1.17598023881658,    1.84358740068205,    -2.16802235173333,    1.84358740068205,
  615,     0.73045003216677,    -1.17746008919133,    1.84234073076289,    -2.16928268116488,    1.84234073076289,
  616,     0.73129480708149,    -1.17620749529710,    1.84263687105244,    -2.16732329884267,    1.84263687105244,
  617,     0.73302658700024,    -1.17296420737752,    1.83960705651186,    -2.15779323292753,    1.83960705651186,
  618,     0.73510051085511,    -1.17973541333970,    1.83454376553373,    -2.16427624752171,    1.83454376553373,
  619,     0.73685660991315,    -1.17635202182408,    1.83272148876825,    -2.15592562875297,    1.83272148876825,
  620,     0.73771960968232,    -1.17357891149984,    1.83251639265491,    -2.15060259339757,    1.83251639265491,
  621,     0.73858479844717,    -1.17293841271500,    1.83123912011095,    -2.14793070684455,    1.83123912011095,
  622,     0.74035988606768,    -1.17670928499245,    1.82736340602592,    -2.15027548692612,    1.82736340602592,
  623,     0.74248493764855,    -1.17649438145813,    1.82343408148404,    -2.14525995182525,    1.82343408148404,
  624,     0.74428386500444,    -1.17763835865156,    1.82043130326767,    -2.14380973201807,    1.82043130326767,
  625,     0.74516881369142,    -1.17872515388539,    1.81827211696148,    -2.14324308087094,    1.81827211696148,
  626,     0.74605647256347,    -1.17886941644650,    1.81661354894813,    -2.14155015435728,    1.81661354894813,
  627,     0.74787663870085,    -1.17471375043522,    1.81542626402860,    -2.13260619525564,    1.81542626402860,
  628,     0.75005140516703,    -1.16799031437642,    1.81461915482815,    -2.11945759712120,    1.81461915482815,
  629,     0.75189019117347,    -1.16403715462988,    1.81306906544328,    -2.11047975608604,    1.81306906544328,
  630,     0.75279388116220,    -1.16204059942497,    1.81242675977263,    -2.10611347834004,    1.81242675977263,
  631,     0.75369971102809,    -1.15970358492713,    1.81181915280271,    -2.10117316674493,    1.81181915280271,
  632,     0.75555609054336,    -1.15421813081019,    1.81086766603243,    -2.09013629263257,    1.81086766603243,
  633,     0.75777418592767,    -1.14747127167923,    1.80981353604857,    -2.07670903971194,    1.80981353604857,
  634,     0.75964910683618,    -1.14154601921660,    1.80895137582435,    -2.06500124202868,    1.80895137582435,
  635,     0.76057021404984,    -1.13852577467169,    1.80858091667052,    -2.05911598920874,    1.80858091667052,
  636,     0.76149331465356,    -1.13543958822736,    1.80820755875927,    -2.05311044594723,    1.80820755875927,
  637,     0.76338470499995,    -1.12895745935300,    1.80749816304825,    -2.04058853394017,    1.80749816304825,
  638,     0.76564405111476,    -1.12091632187036,    1.80673145769417,    -2.02519478016603,    1.80673145769417,
  639,     0.76755329951916,    -1.11387451973559,    1.80615157901579,    -2.01182622264589,    1.80615157901579,
  640,     0.76849109390855,    -1.11033678133142,    1.80588710190546,    -2.00514287217763,    1.80588710190546,
  641,     0.76943080589432,    -1.10674064601888,    1.80563625129483,    -1.99837103123315,    1.80563625129483,
  642,     0.77135588490420,    -1.09921627591810,    1.80516315842821,    -1.98426472443201,    1.80516315842821,
  643,     0.77365486829739,    -1.08996244719393,    1.80466741480826,    -1.96701971181556,    1.80466741480826,
  644,     0.77559711196987,    -1.08192521878343,    1.80430423089541,    -1.95212224976339,    1.80430423089541,
  645,     0.77655094880363,    -1.07790668580016,    1.80414376686879,    -1.94469862845256,    1.80414376686879,
  646,     0.77750662889917,    -1.07383420870521,    1.80399439420757,    -1.93719089281252,    1.80399439420757,
  647,     0.77946408985206,    -1.06535159067679,    1.80372300911118,    -1.92159917689691,    1.80372300911118,
  648,     0.78180117466556,    -1.05498234798134,    1.80345719199831,    -1.90261550289821,    1.80345719199831,
  649,     0.78377513463853,    -1.04602627861607,    1.80327949518771,    -1.88627773965586,    1.80327949518771,
  650,     0.78474439172661,    -1.04156414734594,    1.80320725579593,    -1.87815602787110,    1.80320725579593,
  651,     0.78571542044560,    -1.03705212968493,    1.80314448136665,    -1.86995482453092,    1.80314448136665,
  652,     0.78770400630294,    -1.02768418520735,    1.80304493566210,    -1.85296076559815,    1.80304493566210,
  653,     0.79007771157250,    -1.01628341428473,    1.80297493961123,    -1.83233352749791,    1.80297493961123,
  654,     0.79208215314109,    -1.00647687445967,    1.80295507485910,    -1.81463258853538,    1.80295507485910,
  655,     0.79306622943728,    -1.00160388775492,    1.80295789664565,    -1.80584963873872,    1.80295789664565,
  656,     0.79405200798829,    -0.99668461374265,    1.80296875448293,    -1.79699121665189,    1.80296875448293,
  657,     0.79607050267827,    -0.98649591657977,    1.80301524766705,    -1.77866717935460,    1.80301524766705,
  658,     0.79847939414331,    -0.97413807741036,    1.80311151820015,    -1.75647958769598,    1.80311151820015,
  659,     0.80051312023631,    -0.96354184677690,    1.80322552592933,    -1.73748325340919,    1.80322552592933,
  660,     0.80151143259232,    -0.95828717415556,    1.80329196389741,    -1.72807156026068,    1.80329196389741,
  661,     0.80251137974655,    -0.95298943571413,    1.80336519335019,    -1.71858797799729,    1.80336519335019,
  662,     0.80455860204873,    -0.94203764855444,    1.80353528171558,    -1.69899813587231,    1.80353528171558,
  663,     0.80700128517148,    -0.92878938525708,    1.80377206688744,    -1.67532434914829,    1.80377206688744,
  664,     0.80906313075395,    -0.91745798535760,    1.80399903531494,    -1.65509332052710,    1.80399903531494,
  665,     0.81007511126671,    -0.91184783169229,    1.80411909018697,    -1.64508208050166,    1.80411909018697,
  666,     0.81108866075840,    -0.90619751999743,    1.80424484549124,    -1.63500220445230,    1.80424484549124,
  667,     0.81316345915857,    -0.89453457218174,    1.80451888517125,    -1.61420452894054,    1.80451888517125,
  668,     0.81563857328394,    -0.88045603042222,    1.80487361165251,    -1.58911185552939,    1.80487361165251,
  669,     0.81772740066506,    -0.86843876986437,    1.80519518319650,    -1.56770148426026,    1.80519518319650,
  670,     0.81875249444956,    -0.86249686823628,    1.80536006841813,    -1.55711740504947,    1.80536006841813,
  671,     0.81977909279367,    -0.85651745352707,    1.80552969242396,    -1.54646769442249,    1.80552969242396,
  672,     0.82188034116181,    -0.84419048423664,    1.80589039477093,    -1.52451548683996,    1.80589039477093,
  673,     0.82438655460481,    -0.82933637120539,    1.80634316870424,    -1.49806608868483,    1.80634316870424,
  674,     0.82650124948664,    -0.81667818902940,    1.80674314344272,    -1.47552771842810,    1.80674314344272,
  675,     0.82753891279895,    -0.81042619809621,    1.80694509833122,    -1.46439564620914,    1.80694509833122,
  676,     0.82857801745108,    -0.80413911779068,    1.80715094036954,    -1.45320076290336,    1.80715094036954,
  677,     0.83070461139430,    -0.79119123929654,    1.80758301376175,    -1.43014384478954,    1.80758301376175,
  678,     0.83324061729013,    -0.77561168347800,    1.80811621786633,    -1.40239606366317,    1.80811621786633,
  679,     0.83538008542615,    -0.76235383417247,    1.80858023279510,    -1.37877807487988,    1.80858023279510,
  680,     0.83642978407506,    -0.75581166172286,    1.80881237129082,    -1.36712148409018,    1.80881237129082,
  681,     0.83748086187338,    -0.74923663633390,    1.80904763945368,    -1.35540476835207,    1.80904763945368,
  682,     0.83963171564583,    -0.73570755649045,    1.80953749850819,    -1.33129041140530,    1.80953749850819,
  683,     0.84219622843019,    -0.71944880986744,    1.81013546441241,    -1.30229980557035,    1.81013546441241,
  684,     0.84435939278851,    -0.70562942426509,    1.81065073209434,    -1.27764843363289,    1.81065073209434,
  685,     0.84542060078600,    -0.69881549225733,    1.81090691925185,    -1.26548981020918,    1.81090691925185,
  686,     0.84648312662719,    -0.69197078449427,    1.81116555980038,    -1.25327365326408,    1.81116555980038,
  687,     0.84865717050209,    -0.67789731790980,    1.81170108766864,    -1.22814730818485,    1.81170108766864,
  688,     0.85124892291506,    -0.66100233373502,    1.81234982748312,    -1.19796746551060,    1.81234982748312,
  689,     0.85343472126132,    -0.64665688120326,    1.81290492156781,    -1.17232744249907,    1.81290492156781,
  690,     0.85450691967216,    -0.63958834474964,    1.81317967214560,    -1.15968858524130,    1.81317967214560,
  691,     0.85558037538197,    -0.63249097333767,    1.81345627035033,    -1.14699472153919,    1.81345627035033,
  692,     0.85777655340895,    -0.61790746401314,    1.81402662296310,    -1.12090059024744,    1.81402662296310,
  693,     0.86039429393598,    -0.60041637544142,    1.81471360794985,    -1.08958376694947,    1.81471360794985,
  694,     0.86260167676734,    -0.58557804734733,    1.81529828601245,    -1.06299882567612,    1.81529828601245,
  695,     0.86368435272514,    -0.57827097620620,    1.81558668056308,    -1.04990108215618,    1.81558668056308,
  696,     0.86476822609226,    -0.57093689394611,    1.81587637863569,    -1.03675081940838,    1.81587637863569,
  697,     0.86698549417768,    -0.55587556707990,    1.81647182261440,    -1.00973230448044,    1.81647182261440,
  698,     0.86962798485755,    -0.53782608601882,    1.81718579950955,    -0.97732992611921,    1.81718579950955,
  699,     0.87185591363155,    -0.52252611593583,    1.81779085580750,    -0.94984319546875,    1.81779085580750,
  700,     0.87294855949489,    -0.51499564658451,    1.81808847094908,    -0.93630764764427,    1.81808847094908,
  701,     0.87404234344198,    -0.50743988905870,    1.81838689971681,    -0.92272204665809,    1.81838689971681,
  702,     0.87627966770125,    -0.49193114551010,    1.81899867720721,    -0.89482210295990,    1.81899867720721,
  703,     0.87894568224335,    -0.47335889724926,    1.81972951496803,    -0.86138515649720,    1.81972951496803,
  704,     0.88119312785580,    -0.45762682997914,    1.82034665740919,    -0.83303947029329,    1.82034665740919,
  705,     0.88229524048271,    -0.44988729319012,    1.82064950737959,    -0.81908707872293,    1.82064950737959,
  706,     0.88339843235354,    -0.44212410406461,    1.82095272912279,    -0.80508709390741,    1.82095272912279,
  707,     0.88565478769357,    -0.42619676849179,    1.82157294462995,    -0.77634850257337,    1.82157294462995,
  708,     0.88834310985725,    -0.40713557398213,    1.82231150582528,    -0.74192784089841,    1.82231150582528,
  709,     0.89060905133130,    -0.39099949276094,    1.82293325259134,    -0.71276597710027,    1.82293325259134,
  710,     0.89172013145414,    -0.38306452176599,    1.82323774019848,    -0.69841769301484,    1.82323774019848,
  711,     0.89283223239926,    -0.37510745865304,    1.82354220053617,    -0.68402428058970,    1.82354220053617,
  712,     0.89510660129640,    -0.35878898974771,    1.82416372558095,    -0.65448986023561,    1.82416372558095,
  713,     0.89781602349319,    -0.33927110506600,    1.82490175798318,    -0.61913643606785,    1.82490175798318,
  714,     0.90009944684813,    -0.32275782467493,    1.82552135029243,    -0.58920129991803,    1.82552135029243,
  715,     0.90121899853404,    -0.31464044708933,    1.82582422546144,    -0.57447815060572,    1.82582422546144,
  716,     0.90233951298044,    -0.30650247169951,    1.82612671266610,    -0.55971235106866,    1.82612671266610,
  717,     0.90463088442530,    -0.28981914123518,    1.82674310517816,    -0.52942511800002,    1.82674310517816,
  718,     0.90736020651139,    -0.26987546189535,    1.82747314998282,    -0.49319016045297,    1.82747314998282,
  719,     0.90966010378509,    -0.25301069365954,    1.82808447812719,    -0.46252492187920,    1.82808447812719,
  720,     0.91078763396964,    -0.24472340987188,    1.82838280271003,    -0.44744807403030,    1.82838280271003,
  721,     0.91191606916224,    -0.23641696534846,    1.82868041322354,    -0.43233107388647,    1.82868041322354,
  722,     0.91422343774713,    -0.21939401151921,    1.82928584908115,    -0.40133436064524,    1.82928584908115,
  723,     0.91697146597896,    -0.19905424768412,    1.83000116288314,    -0.36426950473876,    1.83000116288314,
  724,     0.91928683438205,    -0.18186274112877,    1.83059870331913,    -0.33291769809239,    1.83059870331913,
  725,     0.92042185246562,    -0.17341759194322,    1.83088982116485,    -0.31750850389976,    1.83088982116485,
  726,     0.92155771807043,    -0.16495466914478,    1.83117993020668,    -0.30206167953180,    1.83117993020668,
  727,     0.92388008319946,    -0.14761642862890,    1.83176914489982,    -0.27039921924272,    1.83176914489982,
  728,     0.92664562932930,    -0.12690925621626,    1.83246363315017,    -0.23255659672644,    1.83246363315017,
  729,     0.92897547051264,    -0.10941492132399,    1.83304239477930,    -0.20056218940831,    1.83304239477930,
  730,     0.93011748801078,    -0.10082354641185,    1.83332390618148,    -0.18484221794285,    1.83332390618148,
  731,     0.93126029577112,    -0.09221574127178,    1.83360414266535,    -0.16908716521488,    1.83360414266535,
  732,     0.93359666097582,    -0.07458576351436,    1.83417238141818,    -0.13680314748502,    1.83417238141818,
  733,     0.93637854146802,    -0.05353895506767,    1.83484054152340,    -0.09823544530897,    1.83484054152340,
  734,     0.93872186088772,    -0.03576496856774,    1.83539601977264,    -0.06564288095652,    1.83539601977264,
  735,     0.93987039112814,    -0.02703865702417,    1.83566575956313,    -0.04963393688384,    1.83566575956313,
  736,     0.94101965456660,    -0.01829722052000,    1.83593398457270,    -0.03359248897589,    1.83593398457270,
  737,     0.94336902691250,    -0.00039836717293,    1.83647695966226,    -0.00073159213458,    1.83647695966226,
  738,     0.94616606226392,    0.02096109397895,    1.83711383221711,    0.03850791568713,    1.83711383221711,
  739,     0.94852186863070,    0.03899219610967,    1.83764196960173,    0.07165369605807,    1.83764196960173,
  740,     0.94967642649038,    0.04784246136722,    1.83789798836305,    0.08792956350515,    1.83789798836305,
  741,     0.95083166065037,    0.05670657962398,    1.83815227674768,    0.10423532844239,    1.83815227674768,
  742,     0.95319305022228,    0.07485204772303,    1.83866613086537,    0.13762792497425,    1.83866613086537,
  743,     0.95600406437266,    0.09649786756256,    1.83926725777890,    0.17748536825331,    1.83926725777890,
  744,     0.95837136917408,    0.11476410871298,    1.83976441010256,    0.21113892276728,    1.83976441010256,
  745,     0.95953147085117,    0.12372761210062,    1.84000495809943,    0.22765941971894,    1.84000495809943,
  746,     0.96069219207249,    0.13270372560386,    1.84024358260404,    0.24420717943014,    1.84024358260404,
  747,     0.96306461152777,    0.15107407186162,    1.84072485734320,    0.27808579937573,    1.84072485734320,
  748,     0.96588843134798,    0.17298055760789,    1.84128624592036,    0.31850672153505,    1.84128624592036,
  749,     0.96826624843358,    0.19146044891487,    1.84174915320436,    0.35262211966109,    1.84174915320436,
  750,     0.96943141124936,    0.20052670777002,    1.84197266648212,    0.36936471461202,    1.84197266648212,
  751,     0.97059713697347,    0.20960435918903,    1.84219408418995,    0.38613191051845,    1.84219408418995,
  752,     0.97297960115406,    0.22817830359714,    1.84263969307992,    0.42045039930774,    1.84263969307992,
  753,     0.97581505600148,    0.25032028565306,    1.84315778512162,    0.46137978327531,    1.84315778512162,
  754,     0.97820240122246,    0.26899276230080,    1.84358354668686,    0.49591063075560,    1.84358354668686,
  755,     0.97937214344926,    0.27815149644007,    1.84378863525808,    0.51285256801624,    1.84378863525808,
  756,     0.98054239204999,    0.28732042746743,    1.84399147589051,    0.52981641909916,    1.84399147589051,
  757,     0.98293391764519,    0.30607708628016,    1.84439868117656,    0.56452817427349,    1.84439868117656,
  758,     0.98577983897729,    0.32842984866211,    1.84487032656401,    0.60591048215463,    1.84487032656401,
  759,     0.98817572987304,    0.34727421302216,    1.84525637967664,    0.64080995707632,    1.84525637967664,
  760,     0.98934957058451,    0.35651531730566,    1.84544181729811,    0.65792827506318,    1.84544181729811,
  761,     0.99052386122076,    0.36576544178220,    1.84562487326408,    0.67506579713366,    1.84562487326408,
  762,     0.99292346647376,    0.38468427349287,    1.84599126612475,    0.71012380908338,    1.84599126612475,
  763,     0.99577868751151,    0.40722349132718,    1.84641370021522,    0.75190303343599,    1.84641370021522,
  764,     0.99818214303659,    0.42621936173764,    1.84675780185208,    0.78712393158940,    1.84675780185208,
  765,     0.99935960197726,    0.43553288168444,    1.84692251738282,    0.80439548624362,    1.84692251738282,
  766,     1.00053745446459,    0.44485426115304,    1.84708473526449,    0.82168351519315,    1.84708473526449,
  767,     1.00294415891650,    0.46391501769060,    1.84740821893449,    0.85704041656875,    1.84740821893449,
  768,     1.00580751435066,    0.48661670064392,    1.84777904335167,    0.89916014159477,    1.84777904335167,
  769,     1.00821755463622,    0.50574396515663,    1.84807925475500,    0.93465493022349,    1.84807925475500,
  770,     1.00939815210746,    0.51512007424737,    1.84822232483168,    0.95205642119294,    1.84822232483168,
  771,     1.01057908680579,    0.52450289609483,    1.84836279818023,    0.96947164067947,    1.84836279818023,
  772,     1.01299191107163,    0.54368557844331,    1.84864157369705,    1.00507976332983,    1.84864157369705,
  773,     1.01586223680536,    0.56652601919769,    1.84895874014795,    1.04748323471680,    1.84895874014795,
  774,     1.01827788294998,    0.58576479306500,    1.84921341384362,    1.08320411269313,    1.84921341384362,
  775,     1.01946113970978,    0.59519377271211,    1.84933405669162,    1.10071211420728,    1.84933405669162,
  776,     1.02064467742478,    0.60462832960401,    1.84945202000299,    1.11823108553717,    1.84945202000299,
  777,     1.02306264299647,    0.62391314709521,    1.84968457430143,    1.15404252388587,    1.84968457430143,
  778,     1.02593877591867,    0.64686887387890,    1.84994637110805,    1.19667272581502,    1.84994637110805,
  779,     1.02835904980362,    0.66619946051839,    1.85015414011621,    1.23257169002129,    1.85015414011621,
  780,     1.02954448697820,    0.67567168091203,    1.85025171045867,    1.25016268331597,    1.85025171045867,
  781,     1.03073014887397,    0.68514835229529,    1.85034653422241,    1.26776187909779,    1.85034653422241,
  782,     1.03315227794581,    0.70451568479046,    1.85053163033032,    1.30372855876857,    1.85053163033032,
  783,     1.03603305572977,    0.72756341732815,    1.85073667140729,    1.34652829722361,    1.85073667140729,
  784,     1.03845697985463,    0.74696627190489,    1.85089644048494,    1.38255721383107,    1.85089644048494,
  785,     1.03964411885945,    0.75647217443959,    1.85097042543179,    1.40020762254976,    1.85097042543179,
  786,     1.04083142638064,    0.76598140900203,    1.85104161210330,    1.41786346216028,    1.85104161210330,
  787,     1.04325674169311,    0.78541177157576,    1.85117828130093,    1.45393721341913,    1.85117828130093,
  788,     1.04614100261576,    0.80852837972285,    1.85132549738100,    1.49684920473705,    1.85132549738100,
  789,     1.04856759995035,    0.82798407479014,    1.85143643614304,    1.53295988461265,    1.85143643614304,
  790,     1.04975596241882,    0.83751415549010,    1.85148645199578,    1.55064611224461,    1.85148645199578,
  791,     1.05094443722005,    0.84704645457971,    1.85153363285464,    1.56833499924462,    1.85153363285464,
  792,     1.05337196191813,    0.86652046405519,    1.85162116860442,    1.60446763427351,    1.85162116860442,
  793,     1.05625854469542,    0.88968292847451,    1.85170980059810,    1.64743459808107,    1.85170980059810,
  794,     1.05868683854418,    0.90917212139127,    1.85177133833772,    1.68357887600806,    1.85177133833772,
  795,     1.05987594626225,    0.91871691492284,    1.85179712817602,    1.70127734466085,    1.85179712817602,
  796,     1.06106511014328,    0.92826281686218,    1.85182006108453,    1.71897570622423,    1.85182006108453,
  797,     1.06349386764562,    0.94776115969722,    1.85185801467019,    1.75511909957841,    1.85185801467019,
  798,     1.06638161127965,    0.97094653413706,    1.85188760897074,    1.79808385554150,    1.85188760897074,
  799,     1.06881062515520,    0.99044993548140,    1.85189943117494,    1.83421367212525,    1.85189943117494,
  800,     1.06999999999999,    1.00000000000425,    1.85190086327934,    1.85190086328721,    1.85190086327934,
