 indi,                  x_v,                   v,                   H,                   q,                 eta
    0,     0.06999999999319,    0.99999999998378,    1.85190085453316,    1.85190085450311,    1.85190085453316,
    1,     0.07349651110820,    1.02807487853202,    1.85188849122332,    1.90388003566926,    1.85188849122332,
    2,     0.08012405373087,    1.08128308566351,    1.85179712396255,    2.00231690822105,    1.85179712396255,
    3,     0.08674985212198,    1.13445686831873,    1.85161706385953,    2.10057969559161,    1.85161706385953,
    4,     0.09024403757223,    1.16248584320588,    1.85148644350608,    2.15232677946343,    1.85148644350608,
    5,     0.09373725218845,    1.19049564667769,    1.85133134905196,    2.20400191160429,    1.85133134905196,
    6,     0.10035588113319,    1.24352782741566,    1.85097042065370,    2.30173322580616,    1.85097042065370,
    7,     0.10696927653018,    1.29645651595167,    1.85052262290792,    2.39912211238494,    1.85052262290792,
    8,     0.11045551301137,    1.32432831650887,    1.85025170261886,    2.45034072244690,    1.85025170261886,
    9,     0.11393980734253,    1.35216165165296,    1.84995707218604,    2.50144101021414,    1.84995707218604,
   10,     0.12053886028154,    1.40480623037014,    1.84933405093485,    2.59795599678894,    1.84933405093485,
   11,     0.12712918770325,    1.45727758087288,    1.84862785198200,    2.69396392407055,    1.84862785198200,
   12,     0.13060184788156,    1.48487992192852,    1.84822231772331,    2.74438821084754,    1.84822231772331,
   13,     0.13407159357768,    1.51242425170078,    1.84779436817342,    2.79464901458159,    1.84779436817342,
   14,     0.14064039801180,    1.56446712265352,    1.84692251050555,    2.88944954577464,    1.84692251050555,
   15,     0.14719698021733,    1.61626587456058,    1.84597312754470,    2.98358337140636,    1.84597312754470,
   16,     0.15065042940473,    1.64348467772017,    1.84544181055924,    3.03295533927828,    1.84544181055924,
   17,     0.15409999011941,    1.67062552840591,    1.84488993782206,    3.08212022722472,    1.84488993782206,
   18,     0.16062785653706,    1.72184850905162,    1.84378862729566,    3.17472469891538,    1.84378862729566,
   19,     0.16713999668489,    1.77275477299383,    1.84261755211954,    3.26650906032212,    1.84261755211954,
   20,     0.17056858874030,    1.79947328625581,    1.84197265941992,    3.31458059463970,    1.84197265941992,
   21,     0.17399231586108,    1.82609334430453,    1.84130968558049,    3.36240336164199,    1.84130968558049,
   22,     0.18046852913260,    1.87627239441840,    1.84000494918912,    3.45235049175678,    1.84000494918912,
   23,     0.18692550143150,    1.92605977133627,    1.83864053055313,    3.54133155984676,    1.83864053055313,
   24,     0.19032357349919,    1.95215753197193,    1.83789798003240,    3.58786638471623,    1.83789798003240,
   25,     0.19371580064055,    1.97813557309622,    1.83714050880139,    3.63411299323611,    1.83714050880139,
   26,     0.20012960885392,    2.02703866416229,    1.83566574979130,    3.72096544930543,    1.83566574979130,
   27,     0.20652064636096,    2.07547196989636,    1.83414400911663,    3.80671447967489,    1.83414400911663,
   28,     0.20988251197771,    2.10082353964596,    1.83332389546546,    3.85148999538927,    1.83332389546546,
   29,     0.21323754775099,    2.12603311577608,    1.83249280428027,    3.89594038632123,    1.83249280428027,
   30,     0.21957814751588,    2.17341759894718,    1.83088981048190,    3.97928813583442,    1.83088981048190,
   31,     0.22589242603262,    2.22025002689213,    1.82925555787205,    4.06140470155799,    1.82925555787205,
   32,     0.22921236601673,    2.24472340396701,    1.82838278820943,    4.10421363610415,    1.82838278820943,
   33,     0.23252448446461,    2.26903118724299,    1.82750389868778,    4.14666334093071,    1.82750389868778,
   34,     0.23878100144785,    2.31464045274494,    1.82582421364006,    4.22612658449250,    1.82582421364006,
   35,     0.24500761816730,    2.35960994314480,    1.82413256329555,    4.30424133396638,    1.82413256329555,
   36,     0.24827986852950,    2.38306451801411,    1.82323771997370,    4.34489311837428,    1.82323771997370,
   37,     0.25154329642827,    2.40632816056775,    1.82234270826022,    4.38515457709187,    1.82234270826022,
   38,     0.25770475949981,    2.44988729601919,    1.82064949406359,    4.46038606601015,    1.82064949406359,
   39,     0.26383270462214,    2.49271178214163,    1.81896792605998,    4.53416278062742,    1.81896792605998,
   40,     0.26705144048617,    2.51499564617862,    1.81808844223421,    4.57248451658672,    1.81808844223421,
   41,     0.27026034044976,    2.53706095203854,    1.81721608077374,    4.61038795994757,    1.81721608077374,
   42,     0.27631564725734,    2.57827097481974,    1.81558666520299,    4.68107440116265,    1.81558666520299,
   43,     0.28233376615606,    2.61864202281341,    1.81399785426912,    4.75021101048248,    1.81399785426912,
   44,     0.28549308030734,    2.63958834857379,    1.81317963123906,    4.78604782848994,    1.81317963123906,
   45,     0.28864152823172,    2.66028545619812,    1.81237750046078,    4.82144150561652,    1.81237750046078,
   46,     0.29457939919485,    2.69881548607696,    1.81090690073902,    4.88730358755810,    1.81090690073902,
   47,     0.30047634177309,    2.73638960166870,    1.80951264923818,    4.95153159746335,    1.80951264923818,
   48,     0.30357021590443,    2.75581166929829,    1.80881231378079,    4.98474608188753,    1.80881231378079,
   49,     0.30665217070198,    2.77494978672874,    1.80813919731836,    5.01749547997445,    1.80813919731836,
   50,     0.31246108717823,    2.81042618828883,    1.80694507444302,    5.07828575801418,    1.80694507444302,
   51,     0.31822523963707,    2.84481266799056,    1.80587187658426,    5.13736719127479,    1.80587187658426,
   52,     0.32124750553116,    2.86249687710077,    1.80535998949622,    5.16783733197561,    1.80535998949622,
   53,     0.32425676821264,    2.87985685432473,    1.80488929103388,    5.19782279608124,    1.80488929103388,
   54,     0.32992488870547,    2.91184782201292,    1.80411905688027,    5.25332014642881,    1.80411905688027,
   55,     0.33554428077581,    2.94259136914779,    1.80352613939594,    5.30704045181892,    1.80352613939594,
   56,     0.33848856738930,    2.95828717979000,    1.80329185723976,    5.33465518269207,    1.80329185723976,
   57,     0.34141872517471,    2.97361076822499,    1.80311658927425,    5.36176690623103,    1.80311658927425,
   58,     0.34693377053065,    3.00160388309540,    1.80295784780020,    5.41176527701439,    1.80295784780020,
   59,     0.35239594783692,    3.02815908457143,    1.80304908258371,    5.45991945935404,    1.80304908258371,
   60,     0.35525560825313,    3.04156414619759,    1.80320710795771,    5.48457008773284,    1.80320710795771,
   61,     0.35809995722954,    3.05453803973419,    1.80344737524682,    5.50869861035017,    1.80344737524682,
   62,     0.36344905116324,    3.07790668363457,    1.80414368826963,    5.55298591636222,    1.80414368826963,
   63,     0.36874089702439,    3.09959946052873,    1.80518575600693,    5.59535279547323,    1.80518575600693,
   64,     0.37150890605942,    3.11033697009951,    1.80588701631160,    5.61691715065666,    1.80588701631160,
   65,     0.37426034244980,    3.12056837828163,    1.80670158533209,    5.63793583617862,    1.80670158533209,
   66,     0.37942978637003,    3.13851995285534,    1.80857702646167,    5.67625508382573,    1.80857702646167,
   67,     0.38453726874918,    3.15448749574094,    1.81092802383253,    5.71254980686656,    1.81092802383253,
   68,     0.38720607688894,    3.16207062693722,    1.81237664299543,    5.73086294776294,    1.81237664299543,
   69,     0.38985694146363,    3.16904869937484,    1.81398141743372,    5.74859545160846,    1.81398141743372,
   70,     0.39483189081007,    3.18054220882559,    1.81748014335247,    5.78057230963489,    1.81748014335247,
   71,     0.39973969645052,    3.18963630473761,    1.82163623655162,    5.81035707413063,    1.82163623655162,
   72,     0.40230101776369,    3.19341055561992,    1.82411745536888,    5.82515593666554,    1.82411745536888,
   73,     0.40484286929640,    3.19644353945711,    1.82681601999946,    5.83931426490402,    1.82681601999946,
   74,     0.40960686050226,    3.20005424889759,    1.83256831045313,    5.86431800826061,    1.83256831045313,
   75,     0.41429785796568,    3.20068119421424,    1.83924239825748,    5.88682855570420,    1.83924239825748,
   76,     0.41674235816041,    3.19972842590537,    1.84316995610334,    5.89764330231862,    1.84316995610334,
   77,     0.41916563991550,    3.19783872557651,    1.84740569141913,    5.90770546187054,    1.84740569141913,
   78,     0.42369989391580,    3.19153141262396,    1.85634120269099,    5.92457126093643,    1.85634120269099,
   79,     0.42815434528856,    3.18138390939375,    1.86659829623729,    5.93836578495108,    1.86659829623729,
   80,     0.43047118614770,    3.17436214315735,    1.87259610336593,    5.94429817994876,    1.87259610336593,
   81,     0.43276474170186,    3.16611207281978,    1.87904155320995,    5.94925614694806,    1.87904155320995,
   82,     0.43704716647423,    3.14687007371413,    1.89258235212823,    5.95571076595183,    1.89258235212823,
   83,     0.44124163063174,    3.12250295701600,    1.90806489453202,    5.95793827535466,    1.90806489453202,
   84,     0.44341785748990,    3.10740326341419,    1.91709987639713,    5.95720241220740,    1.91709987639713,
   85,     0.44556830151972,    3.09064183729424,    1.92679567586040,    5.95503532773176,    1.92679567586040,
   86,     0.44957228918391,    3.05397986834694,    1.94713881713194,    5.94652274839782,    1.94713881713194,
   87,     0.45347850183955,    3.01037316567876,    1.97034401534164,    5.93147075094020,    1.97034401534164,
   88,     0.45549854865369,    2.98435098513229,    1.98385955152881,    5.92053320696909,    1.98385955152881,
   89,     0.45748989182675,    2.95612526342654,    1.99830739448125,    5.90724697291810,    1.99830739448125,
   90,     0.46118417207063,    2.89631393449762,    2.02846489889590,    5.87507115231150,    2.02846489889590,
   91,     0.46477017803793,    2.82801111100788,    2.06238492499818,    5.83244748307001,    2.06238492499818,
   92,     0.46661728802422,    2.78858250357176,    2.08185069721841,    5.80541242931191,    2.08185069721841,
   93,     0.46843316080663,    2.74691544350011,    2.10230121237045,    5.77484366714939,    2.10230121237045,
   94,     0.47178903145096,    2.66245568373668,    2.14373666368202,    5.70760386465489,    2.14373666368202,
   95,     0.47503175838860,    2.57245424673936,    2.18784622407108,    5.62813431032434,    2.18784622407108,
   96,     0.47669727396427,    2.52361615535913,    2.21184071208083,    5.58183695408822,    2.21184071208083,
   97,     0.47833221351559,    2.47441634999947,    2.23605299719981,    5.53292609573655,    2.23605299719981,
   98,     0.48134990106209,    2.38169580995149,    2.28181309640478,    5.43458469079969,    2.28181309640478,
   99,     0.48426547712774,    2.29189472846686,    2.32637764427981,    5.33181265934804,    2.32637764427981,
  100,     0.48576453273485,    2.24638020602600,    2.34901519969729,    5.27678124825421,    2.34901519969729,
  101,     0.48723796019940,    2.20239763320475,    2.37098841883725,    5.22185928200303,    2.37098841883725,
  102,     0.48996424919712,    2.12358796816490,    2.41041922170949,    5.11873725745570,    2.41041922170949,
  103,     0.49260859435959,    2.05094272276585,    2.44688355839563,    5.01841802754693,    2.44688355839563,
  104,     0.49397263554091,    2.01506271703940,    2.46490254127639,    4.96693321206174,    2.46490254127639,
  105,     0.49531641402615,    1.98080015288525,    2.48213014236262,    4.91660376547297,    2.48213014236262,
  106,     0.49781087450173,    1.92004874133542,    2.51265535045389,    4.82442074304870,    2.51265535045389,
  107,     0.50024016966648,    1.86435870593243,    2.54059014896380,    4.73657136242683,    2.54059014896380,
  108,     0.50149691563963,    1.83684158389447,    2.55436041268945,    4.69195542628181,    2.55436041268945,
  109,     0.50273731209335,    1.81051211395828,    2.56750640616764,    4.64850145103200,    2.56750640616764,
  110,     0.50504569180463,    1.76360954640036,    2.59083331469930,    4.56921836693579,    2.59083331469930,
  111,     0.50730061903248,    1.72027140429416,    2.61224380804961,    4.49376832403222,    2.61224380804961,
  112,     0.50846965341398,    1.69870751188127,    2.62283386867292,    4.45542759513130,    2.62283386867292,
  113,     0.50962506759883,    1.67797007853585,    2.63296665556275,    4.41803926581690,    2.63296665556275,
  114,     0.51177930640031,    1.64075342449437,    2.65101504002115,    4.34966200530080,    2.65101504002115,
  115,     0.51388843976332,    1.60602514895278,    2.66766216156533,    4.28433252038365,    2.66766216156533,
  116,     0.51498365908007,    1.58861558075487,    2.67592654443288,    4.25101860144160,    2.67592654443288,
  117,     0.51606726465170,    1.57178848220795,    2.68385336509356,    4.21844980718912,    2.68385336509356,
  118,     0.51809057015058,    1.54137384534879,    2.69801891716271,    4.15865579317085,    2.69801891716271,
  119,     0.52007511726158,    1.51273383202366,    2.71113718851142,    4.10122894831872,    2.71113718851142,
  120,     0.52110701255222,    1.49827937561811,    2.71766767435139,    4.07182542626471,    2.71766767435139,
  121,     0.52212887251899,    1.48424556398397,    2.72394253679465,    4.04299962678470,    2.72394253679465,
  122,     0.52403927286200,    1.45871954047660,    2.73518112669298,    3.98986215624986,    2.73518112669298,
  123,     0.52591606840502,    1.43449022912598,    2.74561579612800,    3.93855903247957,    2.74561579612800,
  124,     0.52689310212809,    1.42218946142181,    2.75081879812783,    3.91218550497841,    2.75081879812783,
  125,     0.52786142046238,    1.41019940724961,    2.75582327126033,    3.88626034361599,    2.75582327126033,
  126,     0.52967383116077,    1.38826951744352,    2.76479646180421,    3.83828264985849,    2.76479646180421,
  127,     0.53145706101193,    1.36730647411854,    2.77313684592660,    3.79172796305210,    2.77313684592660,
  128,     0.53238645913022,    1.35660797779000,    2.77729758980260,    3.76770406702315,    2.77729758980260,
  129,     0.53330830192462,    1.34614294482785,    2.78130034944440,    3.74402784285180,    2.78130034944440,
  130,     0.53503572253395,    1.32690723196643,    2.78847692255248,    3.70005019470639,    2.78847692255248,
  131,     0.53673793069595,    1.30840247652302,    2.79514397880660,    3.65717330410897,    2.79514397880660,
  132,     0.53762614900526,    1.29891366308721,    2.79846738823693,    3.63496752628494,    2.79846738823693,
  133,     0.53850787146107,    1.28960218834052,    2.80166221940719,    3.61302972913847,    2.80166221940719,
  134,     0.54016209980482,    1.27240910134972,    2.80738210794101,    3.57213854511051,    2.80738210794101,
  135,     0.54179479587887,    1.25577247653153,    2.81268299187998,    3.53208988641124,    2.81268299187998,
  136,     0.54264780361950,    1.24720416150121,    2.81531915949230,    3.51127777167289,    2.81531915949230,
  137,     0.54349531114081,    1.23877093893910,    2.81784843761298,    3.49066875484990,    2.81784843761298,
  138,     0.54508738339708,    1.22313328293795,    2.82236218059308,    3.45212511958872,    2.82236218059308,
  139,     0.54666142050353,    1.20791872770565,    2.82652404524334,    3.41421132855974,    2.82652404524334,
  140,     0.54748487799247,    1.20005044612007,    2.82858416209353,    3.39444368560849,    2.82858416209353,
  141,     0.54830379040260,    1.19228438557406,    2.83055357193597,    3.37482482635012,    2.83055357193597,
  142,     0.54984425941251,    1.17782564979301,    2.83404721173120,    3.33801349870138,    2.83404721173120,
  143,     0.55137007467753,    1.16368440323169,    2.83723876206350,    3.30165049565768,    2.83723876206350,
  144,     0.55216944679197,    1.15634215000546,    2.83880538384868,    3.28263032100666,    2.83880538384868,
  145,     0.55296520351092,    1.14907563474550,    2.84029324393021,    3.26371176213246,    2.84029324393021,
  146,     0.55446431764042,    1.13549432568104,    2.84290421567650,    3.22810160535538,    2.84290421567650,
  147,     0.55595208734737,    1.12214374675549,    2.84524943358809,    3.19277885986047,    2.84524943358809,
  148,     0.55673271695407,    1.11518529323074,    2.84638295457499,    3.17424440984469,    2.84638295457499,
  149,     0.55751064516590,    1.10828045998806,    2.84744621772048,    3.15576900396653,    2.84744621772048,
  150,     0.55897846436401,    1.09532606493202,    2.84927389867332,    3.12088396734736,    2.84927389867332,
  151,     0.56043820460528,    1.08252833846713,    2.85086131311548,    3.08613816048714,    2.85086131311548,
  152,     0.56120536017103,    1.07583288096507,    2.85160422588291,    3.06784958970377,    2.85160422588291,
  153,     0.56197071900761,    1.06917177572384,    2.85228255711546,    3.04958000645726,    2.85228255711546,
  154,     0.56341719008856,    1.05662766007284,    2.85339478187732,    3.01497585163909,    2.85339478187732,
  155,     0.56485882237892,    1.04417439096845,    2.85428295736953,    2.98036916866296,    2.85428295736953,
  156,     0.56561772913466,    1.03763483042957,    2.85466256108540,    2.96209730250550,    2.85466256108540,
  157,     0.56637573866591,    1.03111204780279,    2.85498088014494,    2.94380518176407,    2.85498088014494,
  158,     0.56781074483719,    1.01878256566313,    2.85541839676574,    2.90905048029872,    2.85541839676574,
  159,     0.56924413938900,    1.00648288999579,    2.85563975261869,    2.87415255100251,    2.85563975261869,
  160,     0.56999999998840,    0.99999999996755,    2.85566985888934,    2.85566985879669,    2.85566985888934,
  161,     0.57075586058780,    0.99351710998681,    2.85563975261431,    2.83712695418082,    2.85563975261431,
  162,     0.57218925513961,    0.98121743433827,    2.85541839676386,    2.80178631323493,    2.85541839676386,
  163,     0.57362426131089,    0.96888795215669,    2.85498088014062,    2.76615657840596,    2.85498088014062,
  164,     0.57438227084214,    0.96236516960841,    2.85466256109111,    2.74722781977921,    2.85466256109111,
  165,     0.57514117759788,    0.95582560898126,    2.85428295737304,    2.72819674593592,    2.85428295737304,
  166,     0.57658280988825,    0.94337233992325,    2.85339478188125,    2.69181371210811,    2.85339478188125,
  167,     0.57802928096919,    0.93082822424543,    2.85228255711388,    2.65498510768453,    2.85228255711388,
  168,     0.57879463980577,    0.92416711905361,    2.85160422586914,    2.63535886210259,    2.85160422586914,
  169,     0.57956179537152,    0.91747166149541,    2.85086131311592,    2.61558446563744,    2.85086131311592,
  170,     0.58102153561279,    0.90467393506590,    2.84927389867599,    2.57766382999577,    2.84927389867599,
  171,     0.58248935481091,    0.89171953997770,    2.84744621772478,    2.53912343138077,    2.84744621772478,
  172,     0.58326728302273,    0.88481470672506,    2.84638295458189,    2.51852149918559,    2.84638295458189,
  173,     0.58404791262943,    0.87785625322773,    2.84524943358443,    2.49772000726475,    2.84524943358443,
  174,     0.58553568233638,    0.86450567430263,    2.84290421567773,    2.45770682595227,    2.84290421567773,
  175,     0.58703479646588,    0.85092436523974,    2.84029324392638,    2.41687472568277,    2.84029324392638,
  176,     0.58783055318484,    0.84365784994246,    2.83880538385302,    2.39498044654651,    2.83880538385302,
  177,     0.58862992529927,    0.83631559675635,    2.83723876206688,    2.37282702843821,    2.83723876206688,
  178,     0.59015574056429,    0.82217435018832,    2.83404721172875,    2.33008092470612,    2.83404721172875,
  179,     0.59169620957420,    0.80771561441036,    2.83055357193980,    2.28628231748080,    2.83055357193980,
  180,     0.59251512198433,    0.79994955385082,    2.82858416209406,    2.26272463849665,    2.82858416209406,
  181,     0.59333857947327,    0.79208127228684,    2.82652404524344,    2.23883676190578,    2.82652404524344,
  182,     0.59491261657972,    0.77686671703754,    2.82236218058674,    2.19259924152332,    2.82236218058674,
  183,     0.59650468883599,    0.76122906104531,    2.81784843761097,    2.14502812033058,    2.81784843761097,
  184,     0.59735219635730,    0.75279583843284,    2.81531915950401,    2.11936054713484,    2.81531915950401,
  185,     0.59820520409793,    0.74422752346352,    2.81268299188393,    2.09327609733775,    2.81268299188393,
  186,     0.59983790017198,    0.72759089863521,    2.80738210793216,    2.04262567072278,    2.80738210793216,
  187,     0.60149212851573,    0.71039781163434,    2.80166221941246,    1.99029470960922,    2.80166221941246,
  188,     0.60237385097154,    0.70108633690258,    2.79846738824469,    1.96196725016580,    2.79846738824469,
  189,     0.60326206928085,    0.69159752345413,    2.79514397881028,    1.93311465344290,    2.79514397881028,
  190,     0.60496427744284,    0.67309276801536,    2.78847692255250,    1.87690365034780,    2.78847692255250,
  191,     0.60669169805218,    0.65385705515105,    2.78130034943502,    1.81857285597216,    2.78130034943502,
  192,     0.60761354084659,    0.64339202218374,    2.77729758980069,    1.78689111250790,    2.77729758980069,
  193,     0.60854293896487,    0.63269352586792,    2.77313684593268,    1.75454572876739,    2.77313684593268,
  194,     0.61032616881603,    0.61173048253737,    2.76479646180905,    1.69131027370006,    2.76479646180905,
  195,     0.61213857951441,    0.58980059272027,    2.75582327125422,    1.62538619881806,    2.75582327125422,
  196,     0.61310689784872,    0.57781053858750,    2.75081879813147,    1.58945209130497,    2.75081879813147,
  197,     0.61408393157178,    0.56550977084280,    2.74561579612760,    1.55267255969050,    2.74561579612760,
  198,     0.61596072711480,    0.54128045951573,    2.73518112668906,    1.48050009711300,    2.73518112668906,
  199,     0.61787112745782,    0.51575443598991,    2.72394253679861,    1.40488544673550,    2.72394253679861,
  200,     0.61889298742458,    0.50172062437231,    2.71766767435039,    1.36350992241151,    2.71766767435039,
  201,     0.61992488271522,    0.48726616794143,    2.71113718851621,    1.32104542861179,    2.71113718851621,
  202,     0.62190942982622,    0.45862615463402,    2.69801891716338,    1.23738204110849,    2.69801891716338,
  203,     0.62393273532510,    0.42821151777029,    2.68385336509137,    1.14925692293867,    2.68385336509137,
  204,     0.62501634089672,    0.41138441925599,    2.67592654443010,    1.10083448745207,    2.67592654443010,
  205,     0.62611156021349,    0.39397485103053,    2.66766216156105,    1.05099180270079,    2.66766216156105,
  206,     0.62822069357649,    0.35924657548715,    2.65101504002308,    0.95236807469322,    2.65101504002308,
  207,     0.63037493237797,    0.32202992145395,    2.63296665555689,    0.84789404527985,    2.63296665555689,
  208,     0.63153034656282,    0.30129248807019,    2.62283386867118,    0.79024014208670,    2.62283386867118,
  209,     0.63269938094432,    0.27972859567815,    2.61224380805838,    0.73071929199710,    2.61224380805838,
  210,     0.63495430817217,    0.23639045358370,    2.59083331469938,    0.61244826242155,    2.59083331469938,
  211,     0.63726268788345,    0.18948788602566,    2.56750640616402,    0.48651136126136,    2.56750640616402,
  212,     0.63850308433717,    0.16315841609938,    2.55436041269182,    0.41676539908176,    2.55436041269182,
  213,     0.63975983031032,    0.13564129404690,    2.54059014896473,    0.34460893544839,    2.54059014896473,
  214,     0.64218912547507,    0.07995125864269,    2.51265535045394,    0.20088995780409,    2.51265535045394,
  215,     0.64468358595065,    0.01919984710291,    2.48213014236326,    0.04765651922289,    2.48213014236326,
  216,     0.64602736443589,    -0.01506271707612,    2.46490254127830,    -0.03712812959949,    2.46490254127830,
  217,     0.64739140561721,    -0.05094272278300,    2.44688355839360,    -0.12465091079753,    2.44688355839360,
  218,     0.65003575077968,    -0.12358796818662,    2.41041922170906,    -0.29789881408899,    2.41041922170906,
  219,     0.65276203977740,    -0.20239763321839,    2.37098841883844,    -0.47988244436112,    2.37098841883844,
  220,     0.65423546724195,    -0.24638020604510,    2.34901519968378,    -0.57875084890116,    2.34901519968378,
  221,     0.65573452284906,    -0.29189472848807,    2.32637764428020,    -0.67905737083789,    2.32637764428020,
  222,     0.65865009891471,    -0.38169580997841,    2.28181309640985,    -0.87095849805349,    2.28181309640985,
  223,     0.66166778646120,    -0.47441635001862,    2.23605299720043,    -1.06082010138003,    2.23605299720043,
  224,     0.66330272601253,    -0.52361615536457,    2.21184071208120,    -1.15815552993880,    2.21184071208120,
  225,     0.66496824158820,    -0.57245424675748,    2.18784622406774,    -1.25244186221989,    2.18784622406774,
  226,     0.66821096852584,    -0.66245568375295,    2.14373666368147,    -1.42013053732537,    2.14373666368147,
  227,     0.67156683917017,    -0.74691544351633,    2.10230121236945,    -1.57024124244184,    2.10230121236945,
  228,     0.67338271195258,    -0.78858250358505,    2.08185069721977,    -1.64171103490385,    2.08185069721977,
  229,     0.67522982193887,    -0.82801111103557,    2.06238492499764,    -1.70767763313030,    2.06238492499764,
  230,     0.67881582790617,    -0.89631393451444,    2.02846489889734,    -1.81814135455511,    2.02846489889734,
  231,     0.68251010815005,    -0.95612526344891,    1.99830739448016,    -1.91063218399924,    1.99830739448016,
  232,     0.68450145132311,    -0.98435098513568,    1.98385955152607,    -1.95281410391551,    1.98385955152607,
  233,     0.68652149813725,    -1.01037316569989,    1.97034401534556,    -1.99078272030253,    1.97034401534556,
  234,     0.69042771079289,    -1.05397986836887,    1.94713881713163,    -2.05224511417631,    1.94713881713163,
  235,     0.69443169845708,    -1.09064183731014,    1.92679567585877,    -2.10144397603985,    1.92679567585877,
  236,     0.69658214248690,    -1.10740326343077,    1.91709987639899,    -2.12300265944697,    1.91709987639899,
  237,     0.69875836934506,    -1.12250295703426,    1.90806489452947,    -2.14180848632260,    1.90806489452947,
  238,     0.70295283350257,    -1.14687007373529,    1.89258235212928,    -2.17054606173662,    1.89258235212928,
  239,     0.70723525827494,    -1.16611207283929,    1.87904155321065,    -2.19117304056562,    1.87904155321065,
  240,     0.70952881382910,    -1.17436214318394,    1.87259610336680,    -2.19910597326772,    1.87259610336680,
  241,     0.71184565468824,    -1.18138390941098,    1.86659829623766,    -2.20516919250912,    1.86659829623766,
  242,     0.71630010606100,    -1.19153141264434,    1.85634120269042,    -2.21188885559160,    1.85634120269042,
  243,     0.72083436006130,    -1.19783872559491,    1.84740569141827,    -2.21289407906525,    1.84740569141827,
  244,     0.72325764181640,    -1.19972842590502,    1.84316995609970,    -2.21130339010692,    1.84316995609970,
  245,     0.72570214201112,    -1.20068119423925,    1.83924239825722,    -2.20834375923495,    1.83924239825722,
  246,     0.73039313947454,    -1.20005424891339,    1.83256831045343,    -2.19918138738367,    1.83256831045343,
  247,     0.73515713068040,    -1.19644353948069,    1.82681602000094,    -2.18568222494995,    1.82681602000094,
  248,     0.73769898221311,    -1.19341055563079,    1.82411745537102,    -2.17692102595016,    1.82411745537102,
  249,     0.74026030352628,    -1.18963630475961,    1.82163623655190,    -2.16708460106781,    1.82163623655190,
  250,     0.74516810916673,    -1.18054220884237,    1.81748014335101,    -2.14561202295876,    1.81748014335101,
  251,     0.75014305851317,    -1.16904869939787,    1.81398141743467,    -2.12063261678391,    1.81398141743467,
  252,     0.75279392308786,    -1.16207062694206,    1.81237664299429,    -2.10610966177952,    1.81237664299429,
  253,     0.75546273122762,    -1.15448749576613,    1.81092802383362,    -2.09069375924838,    1.81092802383362,
  254,     0.76057021360676,    -1.13851995287427,    1.80857702646168,    -2.05910103093664,    1.80857702646168,
  255,     0.76573965752700,    -1.12056837829917,    1.80670158533195,    -2.02453266554596,    1.80670158533195,
  256,     0.76849109391738,    -1.11033697012329,    1.80588701631028,    -2.00514311807494,    1.80588701631028,
  257,     0.77125910295242,    -1.09959946054268,    1.80518575600516,    -1.98498128348261,    1.80518575600516,
  258,     0.77655094881356,    -1.07790668365864,    1.80414368827060,    -1.94469853986744,    1.80414368827060,
  259,     0.78190004274726,    -1.05453803975265,    1.80344737524775,    -1.90180385989082,    1.80344737524775,
  260,     0.78474439172367,    -1.04156414622061,    1.80320710795494,    -1.87815587185602,    1.80320710795494,
  261,     0.78760405213989,    -1.02815908458676,    1.80304908258404,    -1.85382129421460,    1.80304908258404,
  262,     0.79306622944615,    -1.00160388311550,    1.80295784780056,    -1.80584958145061,    1.80295784780056,
  263,     0.79858127480209,    -0.97361076824163,    1.80311658927144,    -1.75553372770980,    1.80311658927144,
  264,     0.80151143258751,    -0.95828717980290,    1.80329185724412,    -1.72807146824000,    1.80329185724412,
  265,     0.80445571920099,    -0.94259136917219,    1.80352613939752,    -1.69998817307255,    1.80352613939752,
  266,     0.81007511127133,    -0.91184782202981,    1.80411905687905,    -1.64508203269763,    1.80411905687905,
  267,     0.81574323176417,    -0.87985685434885,    1.80488929103461,    -1.58804421405763,    1.80488929103461,
  268,     0.81875249444564,    -0.86249687711604,    1.80535998949633,    -1.55711735301084,    1.80535998949633,
  269,     0.82177476033973,    -0.84481266801174,    1.80587187658484,    -1.52562343814501,    1.80587187658484,
  270,     0.82753891279857,    -0.81042618830411,    1.80694507444262,    -1.46439560915542,    1.80694507444262,
  271,     0.83334782927482,    -0.77494978675024,    1.80813919731902,    -1.40121708537714,    1.80813919731902,
  272,     0.83642978407237,    -0.75581166930351,    1.80881231377941,    -1.36712145433435,    1.80881231377941,
  273,     0.83952365820372,    -0.73638960169191,    1.80951264923676,    -1.33250629902792,    1.80951264923676,
  274,     0.84542060078195,    -0.69881548609582,    1.81090690074013,    -1.26548978611499,    1.81090690074013,
  275,     0.85135847174508,    -0.66028545621742,    1.81237750046097,    -1.19668650473005,    1.81237750046097,
  276,     0.85450691966946,    -0.63958834860432,    1.81317963123944,    -1.15968856606743,    1.81317963123944,
  277,     0.85766623382074,    -0.61864202283084,    1.81399785426854,    -1.12221530197550,    1.81399785426854,
  278,     0.86368435271946,    -0.57827097483626,    1.81558666520269,    -1.04990107078648,    1.81558666520269,
  279,     0.86973965952704,    -0.53706095205472,    1.81721608077474,    -0.97595579843003,    1.81721608077474,
  280,     0.87294855949063,    -0.51499564620968,    1.81808844223504,    -0.93630763217519,    1.81808844223504,
  281,     0.87616729535466,    -0.49271178216156,    1.81896792605927,    -0.89622692854338,    1.81896792605927,
  282,     0.88229524047699,    -0.44988729603917,    1.82064949406362,    -0.81908707791937,    1.82064949406362,
  283,     0.88845670354853,    -0.40632816058430,    1.82234270825778,    -0.74046916060060,    1.82234270825778,
  284,     0.89172013144731,    -0.38306451803783,    1.82323771997988,    -0.69841767847249,    1.82323771997988,
  285,     0.89499238180950,    -0.35960994315911,    1.82413256329521,    -0.65597620740127,    1.82413256329521,
  286,     0.90121899852896,    -0.31464045276553,    1.82582421363874,    -0.57447815724956,    1.82582421363874,
  287,     0.90747551551219,    -0.26903118726363,    1.82750389869007,    -0.49165554359351,    1.82750389869007,
  288,     0.91078763396007,    -0.24472340398441,    1.82838278820798,    -0.44744805971676,    1.82838278820798,
  289,     0.91410757394418,    -0.22025002691110,    1.82925555787239,    -0.40289358584868,    1.82925555787239,
  290,     0.92042185246092,    -0.17341759896546,    1.83088981048068,    -0.31750851490388,    1.83088981048068,
  291,     0.92676245222582,    -0.12603311579620,    1.83249280428078,    -0.23095477779762,    1.83249280428078,
  292,     0.93011748799910,    -0.10082353967543,    1.83332389546457,    -0.18484220451228,    1.83332389546457,
  293,     0.93347935361584,    -0.07547196991338,    1.83414400911681,    -0.13842646147287,    1.83414400911681,
  294,     0.93987039112288,    -0.02703866418162,    1.83566574979152,    -0.04963394975831,    1.83566574979152,
  295,     0.94628419933625,    0.02186442688585,    1.83714050880212,    0.04016802433374,    1.83714050880212,
  296,     0.94967642647761,    0.04784246800163,    1.83789798003293,    0.08792957529999,    1.83789798003293,
  297,     0.95307449854530,    0.07394022864870,    1.83864053055310,    0.13594950123186,    1.83864053055310,
  298,     0.95953147084420,    0.12372760555974,    1.84000494918927,    0.22765940658127,    1.84000494918927,
  299,     0.96600768411572,    0.17390665567777,    1.84130968557973,    0.32021600948626,    1.84130968557973,
  300,     0.96943141123650,    0.20052671372857,    1.84197265941943,    0.36936472417125,    1.84197265941943,
  301,     0.97286000329191,    0.22724522698505,    1.84261755211918,    0.41872604387796,    1.84261755211918,
  302,     0.97937214343974,    0.27815149092795,    1.84378862729629,    0.51285255563846,    1.84378862729629,
  303,     0.98590000985739,    0.32937447157675,    1.84488993782297,    0.60765964838770,    1.84488993782297,
  304,     0.98934957057207,    0.35651532226267,    1.84544181055871,    0.65792828180835,    1.84544181055871,
  305,     0.99280301975947,    0.38373412542093,    1.84597312754527,    0.70836288364912,    1.84597312754527,
  306,     0.99935960196500,    0.43553287732741,    1.84692251050497,    0.80439547520099,    1.84692251050497,
  307,     1.00592840639912,    0.48757574827355,    1.84779436817242,    0.90093972171732,    1.84779436817242,
  308,     1.00939815209524,    0.51512007806637,    1.84822231772382,    0.95205642458989,    1.84822231772382,
  309,     1.01287081227355,    0.54272241910292,    1.84862785198301,    1.00329177984925,    1.84862785198301,
  310,     1.01946113969526,    0.59519376961782,    1.84933405093395,    1.10071210505796,    1.84933405093395,
  311,     1.02606019263427,    0.64783834831946,    1.84995707218577,    1.19847313410673,    1.84995707218577,
  312,     1.02954448696543,    0.67567168348328,    1.85025170262165,    1.25016268277818,    1.85025170262165,
  313,     1.03303072344661,    0.70354348402954,    1.85052262290794,    1.30192313339613,    1.85052262290794,
  314,     1.03964411884360,    0.75647217256353,    1.85097042065415,    1.40020761546308,    1.85097042065415,
  315,     1.04626274778835,    0.80950435330330,    1.85133134905030,    1.49866078646308,    1.85133134905030,
  316,     1.04975596240458,    0.83751415678544,    1.85148644350381,    1.55064610753076,    1.85148644350381,
  317,     1.05325014785482,    0.86554313165760,    1.85161706386129,    1.60265443208516,    1.85161706386129,
  318,     1.05987594624593,    0.91871691431616,    1.85179712396223,    1.70127733966613,    1.85179712396223,
  319,     1.06650348886861,    0.97192512145372,    1.85188849122075,    1.79989694674847,    1.85188849122075,
  320,     1.06999999998362,    0.99999999998378,    1.85190085453064,    1.85190085450059,    1.85190085453064,
