 indi,                  x_v,                   v,                   H,                   q,                 eta
    0,     0.07000000000000,    0.99999999999919,    1.85190076862848,    1.85190076862697,    1.85190076862848,
    1,     0.07699285477580,    1.05614641325692,    1.85185143571766,    1.95582625171789,    1.85185143571766,
    2,     0.09024403762458,    1.16248584154302,    1.85148636280930,    2.15232668257579,    1.85148636280930,
    3,     0.10348126547999,    1.26854962322623,    1.85076971466912,    2.34779322422202,    1.85076971466912,
    4,     0.11045551293330,    1.32432831528900,    1.85025161588616,    2.45034060532728,    1.85025161588616,
    5,     0.11742199184570,    1.37995315040436,    1.84963893197091,    2.55241507128381,    1.84963893197091,
    6,     0.13060184800638,    1.48487992520693,    1.84822222005433,    2.74438807188006,    1.84822222005433,
    7,     0.14373981068661,    1.58897258286054,    1.84648360548524,    2.93401182381752,    1.84648360548524,
    8,     0.15065042926732,    1.64348466031211,    1.84544171626291,    3.03295515217815,    1.84544171626291,
    9,     0.15754549405298,    1.69768494933764,    1.84431790718020,    3.13107075281371,    1.84431790718020,
   10,     0.17056858889881,    1.79947331335235,    1.84197253444271,    3.31458041965765,    1.84197253444271,
   11,     0.18352175374896,    1.89984594554068,    1.83936766573621,    3.49451520210758,    1.83936766573621,
   12,     0.19032357333532,    1.95215747933612,    1.83789785501996,    3.58786604393302,    1.83789785501996,
   13,     0.19710201330215,    2.00399018780153,    1.83636876607267,    3.68006498839483,    1.83636876607267,
   14,     0.20988251214377,    2.10082360459903,    1.83332373872066,    3.85148978517610,    1.83332373872066,
   15,     0.22256483604430,    2.19561508278954,    1.83012141400428,    4.01824217992392,    1.83012141400428,
   16,     0.22921236583903,    2.24472330718471,    1.82838257940161,    4.10421299043330,    1.82838257940161,
   17,     0.23582860950949,    2.29316924655598,    1.82661987997211,    4.18874853389983,    1.82661987997211,
   18,     0.24827986870475,    2.38306461203037,    1.82323752556897,    4.34489282650923,    1.82323752556897,
   19,     0.26060430842509,    2.47021409040244,    1.81985328961161,    4.49542723846383,    1.81985328961161,
   20,     0.26705144027074,    2.51499551807592,    1.81808804569097,    4.57248328638019,    1.81808804569097,
   21,     0.27345922843072,    2.55890282862700,    1.81635233140789,    4.64786911862290,    1.81635233140789,
   22,     0.28549308050038,    2.63958842788992,    1.81317937905810,    4.78604730665039,    1.81317937905810,
   23,     0.29737073118687,    2.71668962695639,    1.81023823932674,    4.91785544709877,    1.81023823932674,
   24,     0.30357021560341,    2.75581155276660,    1.80881151741681,    4.98474367647454,    1.80881151741681,
   25,     0.30972202246949,    2.79379776363045,    1.80749561287144,    5.04977720101207,    1.80749561287144,
   26,     0.32124750569952,    2.86249686241768,    1.80535960939381,    5.16783621742539,    1.80535960939381,
   27,     0.33258606158620,    2.92653191676451,    1.80381620362531,    5.27892569188645,    1.80381620362531,
   28,     0.33848856696424,    2.95828713835975,    1.80329017140223,    5.33465012078977,    1.80329017140223,
   29,     0.34433455662299,    2.98855338913575,    1.80300427041313,    5.38837452296939,    1.80300427041313,
   30,     0.35525560820498,    3.04156394479847,    1.80320637110903,    5.48456748339611,    1.80320637110903,
   31,     0.36595653674256,    3.08836977142745,    1.80459196115217,    5.57324726258335,    1.80459196115217,
   32,     0.37150890542117,    3.11033693858172,    1.80588327204967,    5.61690544782292,    1.80588327204967,
   33,     0.37699498294434,    3.13027947345951,    1.80763702246523,    5.65840906688836,    1.80763702246523,
   34,     0.38720607619088,    3.16207025108489,    1.81237484962482,    5.73085659581309,    1.81237484962482,
   35,     0.39715917603471,    3.18514656596897,    1.81936033106516,    5.79492931075235,    1.81936033106516,
   36,     0.40230101610568,    3.19340994434902,    1.82410867187978,    5.82512677235416,    1.82410867187978,
   37,     0.40736497814748,    3.19870906261385,    1.82974822028070,    5.85283221451345,    1.82974822028070,
   38,     0.41674235644612,    3.19972802616311,    1.84316486118681,    5.89762626317848,    1.84316486118681,
   39,     0.42581458741007,    3.18723138109094,    1.86102054858088,    5.93150309329203,    1.86102054858088,
   40,     0.43047118173273,    3.17436025142969,    1.87257746029132,    5.94423545767192,    1.87257746029132,
   41,     0.43503464591803,    3.15658173319702,    1.88596970783101,    5.95321752910230,    1.88596970783101,
   42,     0.44341785788396,    3.10740472610815,    1.91708779323728,    5.95716766906977,    1.91708779323728,
   43,     0.45143025449100,    3.03428675724406,    1.95772830610888,    5.94030907350803,    1.95772830610888,
   44,     0.45549858972046,    2.98438710989816,    1.98394788833589,    5.92086850465931,    1.98394788833589,
   45,     0.45945202929500,    2.92558569181668,    2.01363813447625,    5.89107091472014,    2.01363813447625,
   46,     0.46661729383090,    2.78857144403638,    2.08198030108670,    5.80575081465664,    2.08198030108670,
   47,     0.47333518491688,    2.62046857804907,    2.16417005914809,    5.67113963755215,    2.16417005914809,
   48,     0.47669719018969,    2.52356311180384,    2.21187934598618,    5.58181712529152,    2.21187934598618,
   49,     0.47993708893873,    2.42537961568156,    2.26038882665843,    5.48230098369173,    2.26038882665843,
   50,     0.48576452757341,    2.24635042964007,    2.34887245875274,    5.27639065688896,    2.34887245875274,
   51,     0.49122356124539,    2.08844040848763,    2.42813773052916,    5.07102095381055,    2.42813773052916,
   52,     0.49397269518802,    2.01509579623071,    2.46480012949423,    4.96680837949272,    2.46480012949423,
   53,     0.49664077858893,    1.94812320520762,    2.49859035150464,    4.86756184407405,    2.49859035150464,
   54,     0.50149691647523,    1.83686361083738,    2.55437895329802,    4.69204574760202,    2.55437895329802,
   55,     0.50611751382984,    1.74272454859954,    2.60117443553677,    4.53313054399948,    2.60117443553677,
   56,     0.50846963359240,    1.69870939352965,    2.62284751005640,    4.45545570312866,    2.62284751005640,
   57,     0.51076723768463,    1.65800393098810,    2.64266339330563,    4.38154629437908,    2.64266339330563,
   58,     0.51498364752342,    1.58860198283642,    2.67592334321445,    4.25097712894875,    2.67592334321445,
   59,     0.51903292906970,    1.52762007083315,    2.70432893530929,    4.13118715971332,    2.70432893530929,
   60,     0.52110701749874,    1.49826843377930,    2.71767008019994,    4.07179929459001,    2.71767008019994,
   61,     0.52314095061167,    1.47060352422597,    2.72997029710655,    4.01470393995711,    2.72997029710655,
   62,     0.52689311110997,    1.42219256108211,    2.75082180734296,    3.91219831126560,    2.75082180734296,
   63,     0.53051991894455,    1.37825669944330,    2.76881441106667,    3.81613701156781,    2.76881441106667,
   64,     0.53238646211991,    1.35661425967658,    2.77730478027088,    3.76773126838341,    2.77730478027088,
   65,     0.53422277989028,    1.33590611514241,    2.78515365030873,    3.72070379305865,    2.78515365030873,
   66,     0.53762614694905,    1.29891699936710,    2.79846988454433,    3.63498010525152,    2.79846988454433,
   67,     0.54093611521605,    1.26448328099984,    2.80993667559242,    3.55311794695488,    2.80993667559242,
   68,     0.54264780029785,    1.24720341037428,    2.81532022573663,    3.51127698683443,    2.81532022573663,
   69,     0.54433748322953,    1.23046464614056,    2.82027294109086,    3.47024614647915,    2.82027294109086,
   70,     0.54748487650054,    1.20004803575507,    2.82858332820681,    3.39443586698411,    2.82858332820681,
   71,     0.55056692745302,    1.17110378210110,    2.83559031499409,    3.32077054237883,    2.83559031499409,
   72,     0.55216944712139,    1.15634001682826,    2.83880542100305,    3.28262430829482,    2.83880542100305,
   73,     0.55375750445267,    1.14187996030406,    2.84170312482436,    3.24488385137036,    2.84170312482436,
   74,     0.55673271824422,    1.11518576115441,    2.84638320766325,    3.17424602397508,    2.84638320766325,
   75,     0.55966909745028,    1.08926070307605,    2.85005358071989,    3.10445136713936,    2.85005358071989,
   76,     0.56120536090738,    1.07583408859539,    2.85160510401681,    3.06785397811388,    2.85160510401681,
   77,     0.56273443726028,    1.06254484623971,    2.85289749179630,    3.03133152675836,    2.85289749179630,
   78,     0.56561772933657,    1.03763615777732,    2.85466306828231,    2.96210161792129,    2.85466306828231,
   79,     0.56848812387203,    1.01296721252457,    2.85554962611931,    2.89257814499567,    2.85554962611931,
   80,     0.57000000000000,    1.00000000000192,    2.85566999679496,    2.85566999680043,    2.85566999679496,
   81,     0.57151187612797,    0.98703278747504,    2.85554962611922,    2.81852110724175,    2.85554962611922,
   82,     0.57438227066343,    0.96236384222330,    2.85466306828099,    2.74722451864385,    2.85466306828099,
   83,     0.57726556273972,    0.93745515375901,    2.85289749179676,    2.67446345683104,    2.85289749179676,
   84,     0.57879463909262,    0.92416591140416,    2.85160510401847,    2.63535622991998,    2.85160510401847,
   85,     0.58033090254972,    0.91073929692571,    2.85005358072140,    2.59565579430680,    2.85005358072140,
   86,     0.58326728175578,    0.88481423884354,    2.84638320766181,    2.51852039134433,    2.84638320766181,
   87,     0.58624249554733,    0.85812003969801,    2.84170312482413,    2.43852239828403,    2.84170312482413,
   88,     0.58783055287861,    0.84365998317259,    2.83880542100504,    2.39498653371536,    2.83880542100504,
   89,     0.58943307254698,    0.82889621789886,    2.83559031499458,    2.35041008760963,    2.83559031499458,
   90,     0.59251512349946,    0.79995196424389,    2.82858332820657,    2.26273078942637,    2.82858332820657,
   91,     0.59566251677047,    0.76953535385910,    2.82027294109126,    2.17029973570192,    2.82027294109126,
   92,     0.59735219970215,    0.75279658962510,    2.81532022573751,    2.11936346463777,    2.81532022573751,
   93,     0.59906388478395,    0.73551671899926,    2.80993667559114,    2.06675540422648,    2.80993667559114,
   94,     0.60237385305095,    0.70108300063376,    2.79846988454503,    1.96195966384003,    2.79846988454503,
   95,     0.60577722010972,    0.66409388485785,    2.78515365030905,    1.84960350755975,    2.78515365030905,
   96,     0.60761353788009,    0.64338574032593,    2.77730478027076,    1.78687829216526,    2.77730478027076,
   97,     0.60948008105545,    0.62174330055690,    2.76881441106669,    1.72149181056610,    2.76881441106669,
   98,     0.61310688889003,    0.57780743891763,    2.75082180734202,    1.58944530341907,    2.75082180734202,
   99,     0.61685904938833,    0.52939647577538,    2.72997029710741,    1.44523665426013,    2.72997029710741,
  100,     0.61889298250126,    0.50173156621450,    2.71767008020014,    1.36354086579311,    2.71767008020014,
  101,     0.62096707093030,    0.47237992916684,    2.70432893530950,    1.27747071090535,    2.70432893530950,
  102,     0.62501635247658,    0.41139801716396,    2.67592334321430,    1.10086955748112,    2.67592334321430,
  103,     0.62923276231537,    0.34199606901243,    2.64266339330511,    0.90378049223339,    2.64266339330511,
  104,     0.63153036640760,    0.30129060646892,    2.62284751005687,    0.79023931698054,    2.62284751005687,
  105,     0.63388248617016,    0.25727545139981,    2.60117443553717,    0.66921832707248,    2.60117443553717,
  106,     0.63850308352477,    0.16313638916214,    2.55437895329842,    0.41671215899288,    2.55437895329842,
  107,     0.64335922141107,    0.05187679479190,    2.49859035150412,    0.12961885893400,    2.49859035150412,
  108,     0.64602730481198,    -0.01509579623038,    2.46480012949443,    -0.03720812050345,    2.46480012949443,
  109,     0.64877643875461,    -0.08844040848609,    2.42813773052959,    -0.21474549274852,    2.42813773052959,
  110,     0.65423547242659,    -0.24635042964029,    2.34887245875244,    -0.57864573938391,    2.34887245875244,
  111,     0.66006291106127,    -0.42537961568172,    2.26038882665807,    -0.96152333037507,    2.26038882665807,
  112,     0.66330280981031,    -0.52356311180289,    2.21187934598498,    -1.15805843331644,    2.21187934598498,
  113,     0.66666481508312,    -0.62046857804956,    2.16417005914872,    -1.34279951925743,    2.16417005914872,
  114,     0.67338270616910,    -0.78857144403658,    2.08198030108693,    -1.64179021248383,    2.08198030108693,
  115,     0.68054797070500,    -0.92558569181588,    2.01363813447552,    -1.86379464576537,    2.01363813447552,
  116,     0.68450141027954,    -0.98438710989814,    1.98394788833612,    -1.95297272798772,    1.98394788833612,
  117,     0.68856974550900,    -1.03428675724426,    1.95772830610906,    -2.02485246129083,    1.95772830610906,
  118,     0.69658214211604,    -1.10740472610844,    1.91708779323739,    -2.12299208259589,    1.91708779323739,
  119,     0.70496535408197,    -1.15658173319633,    1.88596970783083,    -2.18127811343876,    1.88596970783083,
  120,     0.70952881826727,    -1.17436025143284,    1.87257746029140,    -2.19908053709527,    1.87257746029140,
  121,     0.71418541258993,    -1.18723138109012,    1.86102054858104,    -2.20946199612896,    1.86102054858104,
  122,     0.72325764355387,    -1.19972802616333,    1.84316486118672,    -2.21129654080515,    1.84316486118672,
  123,     0.73263502185252,    -1.19870906261353,    1.82974822028070,    -2.19333577395146,    1.82974822028070,
  124,     0.73769898389432,    -1.19340994434757,    1.82410867187983,    -2.17690942859201,    1.82410867187983,
  125,     0.74284082396529,    -1.18514656596960,    1.81936033106510,    -2.15620864862312,    1.81936033106510,
  126,     0.75279392380912,    -1.16207025108457,    1.81237484962489,    -2.10610689656297,    1.81237484962489,
  127,     0.76300501705565,    -1.13027947346023,    1.80763702246527,    -2.04313502195927,    1.80763702246527,
  128,     0.76849109457883,    -1.11033693858089,    1.80588327204952,    -2.00513890372192,    1.80588327204952,
  129,     0.77404346325744,    -1.08836977142760,    1.80459196115196,    -1.96406334027905,    1.80459196115196,
  130,     0.78474439179502,    -1.04156394479878,    1.80320637110928,    -1.87815474117888,    1.80320637110928,
  131,     0.79566544337700,    -0.98855338913495,    1.80300427041309,    -1.78236598214166,    1.80300427041309,
  132,     0.80151143303576,    -0.95828713836225,    1.80329017140178,    -1.72806977798938,    1.80329017140178,
  133,     0.80741393841380,    -0.92653191676427,    1.80381620362541,    -1.67129328463551,    1.80381620362541,
  134,     0.81875249430048,    -0.86249686241757,    1.80535960939380,    -1.55711699863757,    1.80535960939380,
  135,     0.83027797753051,    -0.79379776363070,    1.80749561287145,    -1.43478597526966,    1.80749561287145,
  136,     0.83642978439659,    -0.75581155276498,    1.80881151741688,    -1.36712064163802,    1.80881151741688,
  137,     0.84262926881313,    -0.71668962695671,    1.81023823932646,    -1.29737896844566,    1.81023823932646,
  138,     0.85450691949962,    -0.63958842789039,    1.81317937905817,    -1.15968854853508,    1.81317937905817,
  139,     0.86654077156928,    -0.55890282862629,    1.81635233140807,    -1.01516445580592,    1.81635233140807,
  140,     0.87294855972926,    -0.51499551807556,    1.81808804569055,    -0.93630719499738,    1.81808804569055,
  141,     0.87939569157491,    -0.47021409040278,    1.81985328961155,    -0.85572065924121,    1.81985328961155,
  142,     0.89172013129525,    -0.38306461203007,    1.82323752556899,    -0.69841777537075,    1.82323752556899,
  143,     0.90417139049051,    -0.29316924655608,    1.82661987997197,    -0.53550877395575,    1.82661987997197,
  144,     0.91078763416097,    -0.24472330718502,    1.82838257940165,    -0.44744783163065,    1.82838257940165,
  145,     0.91743516395570,    -0.19561508279005,    1.83012141400438,    -0.35799935191630,    1.83012141400438,
  146,     0.93011748785623,    -0.10082360459848,    1.83332373872060,    -0.18484230773378,    1.83332373872060,
  147,     0.94289798669785,    -0.00399018780189,    1.83636876607237,    -0.00732745625016,    1.83636876607237,
  148,     0.94967642666468,    0.04784252066382,    1.83789785502040,    0.08792966610680,    1.83789785502040,
  149,     0.95647824625104,    0.10015405445947,    1.83936766573633,    0.18422012936515,    1.83936766573633,
  150,     0.96943141110119,    0.20052668664775,    1.84197253444276,    0.36936464922796,    1.84197253444276,
  151,     0.98245450594702,    0.30231505066214,    1.84431790718030,    0.55756506154630,    1.84431790718030,
  152,     0.98934957073267,    0.35651533968779,    1.84544171626299,    0.65792828034753,    1.84544171626299,
  153,     0.99626018931339,    0.41102741713871,    1.84648360548511,    0.75895538715153,    1.84648360548511,
  154,     1.00939815199362,    0.51512007479369,    1.84822222005427,    0.95205636822972,    1.84822222005427,
  155,     1.02257800815430,    0.62004684959472,    1.84963893197124,    1.14686279265652,    1.84963893197124,
  156,     1.02954448706670,    0.67567168471304,    1.85025161588551,    1.25016262644838,    1.85025161588551,
  157,     1.03651873452001,    0.73145037677308,    1.85076971466929,    1.35374620511506,    1.85076971466929,
  158,     1.04975596237542,    0.83751415845706,    1.85148636280906,    1.55064604304274,    1.85148636280906,
  159,     1.06300714522420,    0.94385358674345,    1.85185143571803,    1.74787661971848,    1.85185143571803,
  160,     1.07000000000000,    0.99999999999919,    1.85190076863132,    1.85190076862981,    1.85190076863132,
