 indi,                  x_v,                   v,                   H,                   q,                 eta
    0,     0.07000000000000,    0.99999999999928,    1.85189865591267,    1.85189865591134,    1.85189865591267,
    1,     0.08119271489761,    1.08986095203882,    1.85177403265382,    2.01817621018885,    1.85177403265382,
    2,     0.09928884433674,    1.23498130428029,    1.85103560731664,    2.28599436859317,    1.85103560731664,
    3,     0.11045551722404,    1.32433227373842,    1.85024956798652,    2.45034521735511,    1.85024956798652,
    4,     0.12160226938537,    1.41327965644597,    1.84922451560238,    2.61347138810200,    1.84922451560238,
    5,     0.13958186527820,    1.55608857663233,    1.84707060316601,    2.87420546582000,    1.84707060316601,
    6,     0.15065043879507,    1.64349272975695,    1.84543987479849,    3.03296701743490,    1.84543987479849,
    7,     0.16167912593964,    1.73007886730318,    1.84360186770499,    3.18957663103708,    1.84360186770499,
    8,     0.17942539936413,    1.86820319402102,    1.84022281366778,    3.43791013820449,    1.84022281366778,
    9,     0.19032359031070,    1.95216994625519,    1.83789638523192,    3.58788608758082,    1.83789638523192,
   10,     0.20116182040031,    2.03488018974142,    1.83541934120805,    3.73485845729250,    1.83541934120805,
   11,     0.21855736275834,    2.16580880847535,    1.83115510946251,    3.96593186575855,    1.83115510946251,
   12,     0.22921239437092,    2.24474048337562,    1.82838167452131,    4.10424236386009,    1.82838167452131,
   13,     0.23978717481598,    2.32193431678338,    1.82554610902510,    4.23879815741574,    1.82554610902510,
   14,     0.25671334595325,    2.44290710856034,    1.82092791565721,    4.44835774933498,    1.82092791565721,
   15,     0.26705148736458,    2.51501732877481,    1.81808801277926,    4.57252285737758,    1.81808801277926,
   16,     0.27728868462464,    2.58483593650416,    1.81531887309744,    4.69230145939648,    1.81531887309744,
   17,     0.29362453981366,    2.69266178208915,    1.81114707211974,    4.87680650283947,    1.81114707211974,
   18,     0.30357029258711,    2.75583635650382,    1.80881318843107,    4.98479314680194,    1.80881318843107,
   19,     0.31339367480731,    2.81604226333059,    1.80675025413801,    5.08788507493592,    1.80675025413801,
   20,     0.32901405380347,    2.90677138146952,    1.80424303068960,    5.24452200682438,    1.80424303068960,
   21,     0.33848869103152,    2.95830926681449,    1.80329619982728,    5.33470785876040,    1.80329619982728,
   22,     0.34781820047325,    3.00598117273700,    1.80293149958066,    5.41957814347394,    1.80293149958066,
   23,     0.36259023998717,    3.07425726249851,    1.80402810290549,    5.54604649710863,    1.80402810290549,
   24,     0.37150910061685,    3.11034584657710,    1.80590104045797,    5.61697680051771,    1.80590104045797,
   25,     0.38025762147081,    3.14123249421704,    1.80887217175358,    5.68208804379729,    1.80887217175358,
   26,     0.39403409772617,    3.17886725025412,    1.81691424657483,    5.77572919495685,    1.81691424657483,
   27,     0.40230132556655,    3.19341699659961,    1.82415278079034,    5.82528049457030,    1.82415278079034,
   28,     0.41036826282263,    3.20037302264585,    1.83345724929074,    5.86774711880455,    1.83345724929074,
   29,     0.42297404816549,    3.19282389723759,    1.85491245910421,    5.92240882671166,    1.85491245910421,
   30,     0.43047178341709,    3.17451353998873,    1.87266276995310,    5.94479331904892,    1.87266276995310,
   31,     0.43772940507692,    3.14325807133022,    1.89464827053091,    5.95536846867813,    1.89464827053091,
   32,     0.44893302345604,    3.06029638946492,    1.94393920543607,    5.94903013173532,    1.94393920543607,
   33,     0.45549954428559,    2.98447353213527,    1.98356348994378,    5.91989273504707,    1.98356348994378,
   34,     0.46176867498149,    2.88534740193613,    2.03397319123819,    5.86871926294685,    2.03397319123819,
   35,     0.47125373554410,    2.67588063976895,    2.13668807404149,    5.71752225055282,    2.13668807404149,
   36,     0.47669611015376,    2.52339630943266,    2.21185446914124,    5.58138540443315,    2.21185446914124,
   37,     0.48182731072808,    2.36799181222450,    2.28976397237956,    5.42214233852145,    2.28976397237956,
   38,     0.48953057726916,    2.13668570601673,    2.40380800666419,    5.13618220784794,    2.40380800666419,
   39,     0.49397200100932,    2.01493582791764,    2.46509827151794,    4.96701482661932,    2.46509827151794,
   40,     0.49820734434434,    1.91035377307583,    2.51691534095130,    4.80819871809874,    2.51691534095130,
   41,     0.50467794491987,    1.77068049355689,    2.58733891663071,    4.58135054989862,    2.58733891663071,
   42,     0.50846990187867,    1.69871014865392,    2.62277514214631,    4.45533475160117,    2.62277514214631,
   43,     0.51212282263301,    1.63511400691668,    2.65375620955358,    4.33919394918318,    2.65375620955358,
   44,     0.51776714666144,    1.54624123088196,    2.69600893487831,    4.16868017393500,    2.69600893487831,
   45,     0.52110693539331,    1.49845868493044,    2.71764816432636,    4.07228349442009,    2.71764816432636,
   46,     0.52434414351482,    1.45469270651645,    2.73687263060788,    3.98130865440978,    2.73687263060788,
   47,     0.52938355847145,    1.39165345726916,    2.76340253486957,    3.84569869147758,    2.76340253486957,
   48,     0.53238647353740,    1.35660718689080,    2.77722329357586,    3.76760107966554,    2.77722329357586,
   49,     0.53531194000588,    1.32378702371067,    2.78955421837930,    3.69277567622787,    2.78955421837930,
   50,     0.53989687126732,    1.27516718073772,    2.80649634396813,    3.57875203068857,    2.80649634396813,
   51,     0.54264786740122,    1.24716660521215,    2.81531222875913,    3.51116339495379,    2.81531222875913,
   52,     0.54534244120117,    1.22066837076069,    2.82307397894973,    3.44603711442146,    2.82307397894973,
   53,     0.54959685802726,    1.18019386089177,    2.83352028038851,    3.34410323962685,    2.83352028038851,
   54,     0.55216945739081,    1.15625616638415,    2.83880458895452,    3.28238531113828,    2.83880458895452,
   55,     0.55470496933846,    1.13334929151283,    2.84330677124056,    3.22245971473910,    2.84330677124056,
   56,     0.55874231855720,    1.09741074230167,    2.84898830824141,    3.12651037415597,    2.84898830824141,
   57,     0.56120536844185,    1.07574491771008,    2.85160067075139,    3.06759492889947,    2.85160067075139,
   58,     0.56364996922522,    1.05460865048433,    2.85355262484202,    3.00938128277065,    2.85355262484202,
   59,     0.56757946705544,    1.02076558079510,    2.85535959739195,    2.91465279781066,    2.85535959739195,
   60,     0.57000000000000,    1.00000000000111,    2.85568068597571,    2.85568068597887,    2.85568068597571,
   61,     0.57242053294456,    0.97923441920494,    2.85535959739239,    2.79606639697378,    2.85535959739239,
   62,     0.57635003077478,    0.94539134951624,    2.85355262484191,    2.69772396691489,    2.85355262484191,
   63,     0.57879463155815,    0.92425508228865,    2.85160067075150,    2.63560641259980,    2.85160067075150,
   64,     0.58125768144280,    0.90258925769959,    2.84898830824130,    2.57146624233032,    2.84898830824130,
   65,     0.58529503066154,    0.86665070848655,    2.84330677124061,    2.46415382774028,    2.84330677124061,
   66,     0.58783054260919,    0.84374383361411,    2.83880458895445,    2.39522386676576,    2.83880458895445,
   67,     0.59040314197274,    0.81980613910857,    2.83352028038838,    2.32293732115103,    2.83352028038838,
   68,     0.59465755879883,    0.77933162923876,    2.82307397894993,    2.20011084347660,    2.82307397894993,
   69,     0.59735213259878,    0.75283339478612,    2.81531222875907,    2.11946106255957,    2.81531222875907,
   70,     0.60010312873268,    0.72483281926385,    2.80649634396844,    2.03424065725235,    2.80649634396844,
   71,     0.60468805999412,    0.67621297628818,    2.78955421837962,    1.88633276052773,    2.78955421837962,
   72,     0.60761352646260,    0.64339281311028,    2.77722329357634,    1.78684550748949,    2.77722329357634,
   73,     0.61061644152855,    0.60834654273057,    2.76340253486937,    1.68110637826066,    2.76340253486937,
   74,     0.61565585648518,    0.54530729348284,    2.73687263060775,    1.49243660680398,    2.73687263060775,
   75,     0.61889306460669,    0.50154131507098,    2.71764816432699,    1.36301283423679,    2.71764816432699,
   76,     0.62223285333856,    0.45375876911796,    2.69600893487831,    1.22333769582141,    2.69600893487831,
   77,     0.62787717736699,    0.36488599308368,    2.65375620955313,    0.96831846992477,    2.65375620955313,
   78,     0.63153009812133,    0.30128985134473,    2.62277514214618,    0.79021553268787,    2.62277514214618,
   79,     0.63532205508013,    0.22931950644385,    2.58733891663091,    0.59332728336475,    2.58733891663091,
   80,     0.64179265565566,    0.08964622692395,    2.51691534095141,    0.22563196380329,    2.51691534095141,
   81,     0.64602799899068,    -0.01493582791776,    2.46509827151763,    -0.03681828358375,    2.46509827151763,
   82,     0.65046942273084,    -0.13668570601710,    2.40380800666412,    -0.32856619452044,    2.40380800666412,
   83,     0.65817268927192,    -0.36799181222431,    2.28976397237960,    -0.84261439376190,    2.28976397237960,
   84,     0.66330388984624,    -0.52339630943302,    2.21185446914104,    -1.15767646615136,    2.21185446914104,
   85,     0.66874626445590,    -0.67588063976874,    2.13668807404149,    -1.44414610246939,    2.13668807404149,
   86,     0.67823132501851,    -0.88534740193644,    2.03397319123832,    -1.80077288047122,    2.03397319123832,
   87,     0.68450045571441,    -0.98447353213427,    1.98356348994400,    -1.95276575515776,    1.98356348994400,
   88,     0.69106697654396,    -1.06029638946507,    1.94393920543590,    -2.06115172086328,    1.94393920543590,
   89,     0.70227059492308,    -1.14325807132973,    1.89464827053088,    -2.16607192761535,    1.89464827053088,
   90,     0.70952821658291,    -1.17451353998961,    1.87266276995316,    -2.19946777914444,    1.87266276995316,
   91,     0.71702595183451,    -1.19282389723795,    1.85491245910433,    -2.21258390850406,    1.85491245910433,
   92,     0.72963173717737,    -1.20037302264577,    1.83345724929084,    -2.20083262022304,    1.83345724929084,
   93,     0.73769867443345,    -1.19341699659958,    1.82415278079004,    -2.17697493298923,    1.82415278079004,
   94,     0.74596590227383,    -1.17886725025399,    1.81691424657479,    -2.14190070180693,    1.81691424657479,
   95,     0.75974237852919,    -1.14123249421719,    1.80887217175370,    -2.06434370029054,    1.80887217175370,
   96,     0.76849089938315,    -1.11034584657765,    1.80590104045795,    -2.00517471960274,    1.80590104045795,
   97,     0.77740976001283,    -1.07425726249829,    1.80402810290559,    -1.93799029129735,    1.80402810290559,
   98,     0.79218179952675,    -1.00598117273719,    1.80293149958066,    -1.81371514431298,    1.80293149958066,
   99,     0.80151130896848,    -0.95830926681362,    1.80329619982710,    -1.72811545910409,    1.80329619982710,
  100,     0.81098594619653,    -0.90677138146963,    1.80424303068954,    -1.63603594544530,    1.80424303068954,
  101,     0.82660632519269,    -0.81604226333061,    1.80675025413810,    -1.47438456666001,    1.80675025413810,
  102,     0.83642970741289,    -0.75583635650390,    1.80881318843096,    -1.36716676993986,    1.80881318843096,
  103,     0.84637546018634,    -0.69266178208909,    1.81114707211960,    -1.25451235859980,    1.81114707211960,
  104,     0.86271131537536,    -0.58483593650432,    1.81531887309756,    -1.06166371320198,    1.81531887309756,
  105,     0.87294851263542,    -0.51501732877423,    1.81808801277941,    -0.93634683181809,    1.81808801277941,
  106,     0.88328665404675,    -0.44290710856037,    1.82092791565714,    -0.80650191802056,    1.82092791565714,
  107,     0.90021282518402,    -0.32193431678348,    1.82554610902522,    -0.58770593936577,    1.82554610902522,
  108,     0.91078760562908,    -0.24474048337563,    1.82838167452173,    -0.44747901481758,    1.82838167452173,
  109,     0.92144263724166,    -0.16580880847566,    1.83115510946232,    -0.30362164683407,    1.83115510946232,
  110,     0.93883817959969,    -0.03488018974090,    1.83541934120790,    -0.06401977487544,    1.83541934120790,
  111,     0.94967640968930,    0.04783005374488,    1.83789638523204,    0.08790668288317,    1.83789638523204,
  112,     0.96057460063587,    0.13179680597886,    1.84022281366774,    0.24253548913083,    1.84022281366774,
  113,     0.97832087406036,    0.26992113269684,    1.84360186770500,    0.49762710437294,    1.84360186770500,
  114,     0.98934956120493,    0.35650727024258,    1.84543987479857,    0.65791273216124,    1.84543987479857,
  115,     1.00041813472180,    0.44391142336785,    1.84707060316623,    0.81993574051244,    1.84707060316623,
  116,     1.01839773061462,    0.58672034355401,    1.84922451560241,    1.08497764310274,    1.84922451560241,
  117,     1.02954448277596,    0.67566772626134,    1.85024956798635,    1.25015391861736,    1.85024956798635,
  118,     1.04071115566326,    0.76501869571995,    1.85103560731653,    1.41607684604048,    1.85103560731653,
  119,     1.05880728510240,    0.91013904796149,    1.85177403265378,    1.68537185511933,    1.85177403265378,
  120,     1.07000000000000,    0.99999999999928,    1.85189865591295,    1.85189865591162,    1.85189865591295,
