 indi,                  x_v,                   v,                   H,                   q,                 eta
    0,     0.07000004115668,    0.99999132947091,    1.85184394186735,    1.85182788540058,    1.85184394186735,
    1,     0.08619057277393,    1.12956383360084,    1.85159011832794,    2.09148923231594,    1.85159011832794,
    2,     0.10236202923199,    1.25819116238753,    1.85135241334190,    2.32935524493160,    1.85135241334190,
    3,     0.11849551472614,    1.38560589960369,    1.85053244508718,    2.56410867332084,    1.85053244508718,
    4,     0.13457269629310,    1.51184124641034,    1.84970502486170,    2.79646035027838,    1.84970502486170,
    5,     0.15057778407104,    1.63694486591880,    1.84769588099944,    3.02457628618135,    1.84769588099944,
    6,     0.16649528898028,    1.76068656972657,    1.84564722677088,    3.24960628462858,    1.84564722677088,
    7,     0.18230848958337,    1.88227591718524,    1.84292775064622,    3.46889852215373,    1.84292775064622,
    8,     0.19799960332227,    2.00096197288287,    1.84024356932942,    3.68225740307040,    1.84024356932942,
    9,     0.21355098896154,    2.11664592292589,    1.83717088148041,    3.88864025600368,    1.83717088148041,
   10,     0.22894515648411,    2.22933802712211,    1.83406695228593,    4.08875520101897,    1.83406695228593,
   11,     0.24416588709647,    2.33852232355500,    1.83064111636196,    4.28099511703008,    1.83064111636196,
   12,     0.25919606713109,    2.44330619618973,    1.82718224409752,    4.46436569857133,    1.82718224409752,
   13,     0.27401599773884,    2.54260455105535,    1.82477268398837,    4.63967533095030,    1.82477268398837,
   14,     0.28860402397726,    2.63569256965724,    1.82245831482636,    4.80343983889791,    1.82245831482636,
   15,     0.30294084873162,    2.72295547916779,    1.82126986104392,    4.95923674717268,    1.82126986104392,
   16,     0.31700829817135,    2.80457221201615,    1.81994962589487,    5.10418014805394,    1.81994962589487,
   17,     0.33078976156926,    2.87918136080903,    1.82028986332187,    5.24094464574595,    1.82028986332187,
   18,     0.34426567552880,    2.94507894081050,    1.82062179007234,    5.36187489312277,    1.82062179007234,
   19,     0.35741244808396,    3.00091400916153,    1.82558536237854,    5.47842468888198,    1.82558536237854,
   20,     0.37020342154080,    3.04412355257594,    1.83003243072027,    5.57084482433336,    1.83003243072027,
   21,     0.38259921987858,    3.06543108678754,    1.84802630501350,    5.66499728458950,    1.84802630501350,
   22,     0.39454333447867,    3.05754872605248,    1.86421416784287,    5.69992565397695,    1.86421416784287,
   23,     0.40604909455532,    3.05147571577798,    1.88796643132920,    5.76108371740508,    1.88796643132920,
   24,     0.41706872007927,    3.02879497315921,    1.90595176656787,    5.77273712966469,    1.90595176656787,
   25,     0.42767933604298,    2.99509361720958,    1.93387367277052,    5.79213269380463,    1.93387367277052,
   26,     0.43777194258083,    2.93650731461197,    1.95872204576213,    5.75180161467223,    1.95872204576213,
   27,     0.44744022334945,    2.86256456330232,    2.00001554105932,    5.72517361389031,    2.00001554105932,
   28,     0.45655027850092,    2.76672422007135,    2.04052908197440,    5.64558123285854,    2.04052908197440,
   29,     0.46520708600202,    2.65295639274159,    2.09547227724883,    5.55919657374007,    2.09547227724883,
   30,     0.47330582710948,    2.52634301634405,    2.15376058125901,    5.44113800334079,    2.15376058125901,
   31,     0.48093565537537,    2.38555846051550,    2.21827658722558,    5.29182848041944,    2.21827658722558,
   32,     0.48805882540475,    2.24720915270763,    2.28940178495465,    5.14476464537527,    2.28940178495465,
   33,     0.49473184367159,    2.10447332327673,    2.35475036782314,    4.95550933205987,    2.35475036782314,
   34,     0.50098606736977,    1.97495386986671,    2.42605613506385,    4.79134895245822,    2.42605613506385,
   35,     0.50684787372616,    1.85223022793835,    2.48355407337147,    4.60011392741805,    2.48355407337147,
   36,     0.51238208758218,    1.74424924105475,    2.54315018556663,    4.43588778106283,    2.54315018556663,
   37,     0.51760063271250,    1.64823198481447,    2.58806871722232,    4.26573763862358,    2.58806871722232,
   38,     0.52256567536996,    1.56360939213986,    2.63215237151497,    4.11565816964400,    2.63215237151497,
   39,     0.52728645834198,    1.48985395713168,    2.66447625743340,    3.96968049582056,    2.66447625743340,
   40,     0.53180984881220,    1.42372731346305,    2.69524697308441,    3.83729673210887,    2.69524697308441,
   41,     0.53614625187991,    1.36532452399693,    2.71753698926124,    3.71031989630716,    2.71753698926124,
   42,     0.54032951050211,    1.31181622009018,    2.73857617786129,    3.59250865007100,    2.73857617786129,
   43,     0.54437154997491,    1.26330878048286,    2.75353079395186,    3.47855962932931,    2.75353079395186,
   44,     0.54829821853411,    1.21792067429792,    2.76764918537361,    3.37077716207032,    2.76764918537361,
   45,     0.55212262201146,    1.17566197705721,    2.77719671597989,    3.26504458178572,    2.77719671597989,
   46,     0.55586617610906,    1.13533456575306,    2.78618532165844,    3.16325250227264,    2.78618532165844,
   47,     0.55954288844806,    1.09687088616005,    2.79151052304011,    3.06192662113213,    2.79151052304011,
   48,     0.56317169850691,    1.05945517704079,    2.79642783732512,    2.96268994947509,    2.79642783732512,
   49,     0.56676737934775,    1.02295922673465,    2.79818396585005,    2.86242810596727,    2.79818396585005,
   50,     0.57034738530288,    0.98679067589517,    2.79959094871235,    2.76261024450986,    2.79959094871235,
   51,     0.57392728551870,    0.95073599523456,    2.79801128203810,    2.66017004090602,    2.79801128203810,
   52,     0.57752352155044,    0.91436998413535,    2.79613145049478,    2.55669867002927,    2.79613145049478,
   53,     0.58115251886465,    0.87737392301969,    2.79113822025261,    2.44887188999321,    2.79113822025261,
   54,     0.58483003658967,    0.83939795845516,    2.78585388877673,    2.33844006679356,    2.78585388877673,
   55,     0.58857356345314,    0.80000898726622,    2.77707209779883,    2.22168263652532,    2.77707209779883,
   56,     0.59239835377885,    0.75879925015176,    2.76794498947697,    2.10031458247645,    2.76794498947697,
   57,     0.59632348755917,    0.71517264823213,    2.75466572848531,    1.97006158403513,    2.75466572848531,
   58,     0.60036376674545,    0.66870953109506,    2.74100589526339,    1.83293676695039,    2.74100589526339,
   59,     0.60454079452579,    0.61853848904416,    2.72200764466629,    1.68366649569853,    2.72200764466629,
   60,     0.60886931678357,    0.56431216855966,    2.70257318871556,    1.52509493681527,    2.70257318871556,
   61,     0.61337500531249,    0.50480020088612,    2.67601523227891,    1.35085302682870,    2.67601523227891,
   62,     0.61807321065791,    0.43904826405872,    2.64881837659036,    1.16295911004883,    2.64881837659036,
   63,     0.62299638071815,    0.36543963032544,    2.61236069034012,    0.95466012495460,    2.61236069034012,
   64,     0.62816086720620,    0.28266541624291,    2.57528283853570,    0.72794339549792,    2.57528283853570,
   65,     0.63361137350418,    0.18841238315895,    2.52461823266829,    0.47566933778358,    2.52461823266829,
   66,     0.63936925139888,    0.08053954366963,    2.47298929056911,    0.19917342896231,    2.47298929056911,
   67,     0.64549871353756,    -0.04335733175872,    2.40440939280653,    -0.10424877572769,    2.40440939280653,
   68,     0.65202752594938,    -0.18313340705918,    2.33817791528857,    -0.42819848793734,    2.33817791528857,
   69,     0.65901405110551,    -0.32545413577785,    2.26136782010700,    -0.73597150956877,    2.26136782010700,
   70,     0.66649986539533,    -0.47561222678020,    2.19078419916868,    -1.04196375136150,    2.19078419916868,
   71,     0.67448739542647,    -0.61430365109126,    2.12248497265876,    -1.30385026809061,    2.12248497265876,
   72,     0.68304627816433,    -0.74346473760170,    2.05891734554755,    -1.53073244405110,    2.05891734554755,
   73,     0.69210028903049,    -0.85272262383380,    2.01002349845117,    -1.71399251156688,    2.01002349845117,
   74,     0.70173570304128,    -0.93881068811262,    1.96150561142651,    -1.84148243280009,    1.96150561142651,
   75,     0.71183035067453,    -1.00563892690032,    1.93204485130563,    -1.94293951099027,    1.93204485130563,
   76,     0.72246098194577,    -1.04587455153097,    1.90020032924567,    -1.98737116716883,    1.90020032924567,
   77,     0.73351892112389,    -1.07118104786891,    1.88127468046630,    -2.01518578355115,    1.88127468046630,
   78,     0.74506671914889,    -1.07772761022815,    1.85664068913925,    -2.00095293295839,    1.85664068913925,
   79,     0.75705910752095,    -1.08202113673950,    1.84119606437091,    -1.99221305853089,    1.84119606437091,
   80,     0.76949611301633,    -1.05761273543130,    1.82456801294605,    -1.92968636715232,    1.82456801294605,
   81,     0.78232332661791,    -1.01303902955351,    1.82071290401505,    -1.84445323337896,    1.82071290401505,
   82,     0.79550301623019,    -0.95634070497292,    1.81635532266563,    -1.73705452975936,    1.81635532266563,
   83,     0.80901021686266,    -0.88973100926001,    1.81612509532685,    -1.61586281400760,    1.81612509532685,
   84,     0.82282286434544,    -0.81418188047851,    1.81588124386426,    -1.47845760585506,    1.81588124386426,
   85,     0.83691867165198,    -0.73119364922095,    1.81800207366300,    -1.32931157053289,    1.81800207366300,
   86,     0.85127796666233,    -0.64220593495186,    1.82006348120741,    -1.16885556962053,    1.82006348120741,
   87,     0.86588383887061,    -0.54783094005532,    1.82264574193385,    -0.99850173019145,    1.82264574193385,
   88,     0.88072019254524,    -0.44823293925990,    1.82519630896838,    -0.81811310629521,    1.82519630896838,
   89,     0.89576662605085,    -0.34335358263357,    1.82873919704582,    -0.62790415500812,    1.82873919704582,
   90,     0.91100253755839,    -0.23357310542996,    1.83234648633733,    -0.42798685903749,    1.83234648633733,
   91,     0.92640970802509,    -0.12008973339633,    1.83575796922409,    -0.22045568510431,    1.83575796922409,
   92,     0.94197186917535,    -0.00376170951217,    1.83909853745299,    -0.00691815446215,    1.83909853745299,
   93,     0.95767181992843,    0.11548770454525,    1.84200565639304,    0.21272900501619,    1.84200565639304,
   94,     0.97349192981711,    0.23763539800774,    1.84495980441966,    0.43842775743155,    1.84495980441966,
   95,     0.98941453304058,    0.36187761343721,    1.84719595489516,    0.66845886370833,    1.84719595489516,
   96,     1.00542314835437,    0.48738264105316,    1.84938960911844,    0.90136039202842,    1.84938960911844,
   97,     1.02150256833131,    0.61393086879970,    1.85033166542235,    1.13597572692034,    1.85033166542235,
   98,     1.03763730467079,    0.74158285377121,    1.85126425003086,    1.37286582562251,    1.85126425003086,
   99,     1.05380933937742,    0.87036466233515,    1.85154725151221,    1.61152129835999,    1.85154725151221,
  100,     1.07000004115668,    0.99999132947091,    1.85184781487231,    1.85183175837197,    1.85184781487231,
