 indi,                  x_v,                   v,                   H,                   q,                 eta
    0,     0.07000006875168,    0.99998754118822,    1.85192893519769,    1.85190586236365,    1.85192893519769,
    1,     0.08618945643880,    1.12913180549481,    1.85176695720858,    2.09088896774855,    1.85176695720858,
    2,     0.10235896809423,    1.25762735675923,    1.85163357796671,    2.32866504234491,    1.85163357796671,
    3,     0.11849104600437,    1.38539334076002,    1.85056065198144,    2.56375440392762,    1.85056065198144,
    4,     0.13456913078795,    1.51240360164552,    1.84944164298338,    2.79710220188126,    1.84944164298338,
    5,     0.15057752993895,    1.63818191453641,    1.84721939211213,    3.02608140033904,    1.84721939211213,
    6,     0.16649994397007,    1.76211161643652,    1.84499421322837,    3.25108573538787,    1.84499421322837,
    7,     0.18231861869289,    1.88371533884262,    1.84229397038615,    3.47035741067366,    1.84229397038615,
    8,     0.19801509717698,    2.00246665965228,    1.83957214254917,    3.68368188347981,    1.83957214254917,
    9,     0.21357030568105,    2.11748441252741,    1.83699204788859,    3.88980202734089,    1.83699204788859,
   10,     0.22896374261370,    2.22810861291648,    1.83455023686480,    4.08757718358643,    1.83455023686480,
   11,     0.24417691682269,    2.33532350476103,    1.83186524563300,    4.27799796568159,    1.83186524563300,
   12,     0.25919455170388,    2.44022978004633,    1.82896457975960,    4.46309383417930,    1.82896457975960,
   13,     0.27400566187367,    2.54147039905487,    1.82519812574642,    4.63868700899497,    1.82519812574642,
   14,     0.28859536603202,    2.63698336195859,    1.82150151448013,    4.80326918746646,    1.82150151448013,
   15,     0.30294020609276,    2.72568555927720,    1.82027689491305,    4.96150244635044,    1.82027689491305,
   16,     0.31701514858961,    2.80667703020980,    1.81908454789184,    5.10558281657762,    1.81908454789184,
   17,     0.33080040162416,    2.87955221028802,    1.82009526260771,    5.24105933637680,    1.82009526260771,
   18,     0.34427564382820,    2.94440920236091,    1.82118555898441,    5.36231551908051,    1.82118555898441,
   19,     0.35742667889973,    3.00480349697293,    1.82355569648247,    5.47942653371543,    1.82355569648247,
   20,     0.37024113338877,    3.05349601404776,    1.82943240183588,    5.58616454697567,    1.82943240183588,
   21,     0.38261516780886,    3.05981652661721,    1.85084945532367,    5.66325975167985,    1.85084945532367,
   22,     0.39454343163624,    3.05428574821664,    1.86587558185239,    5.69891719759720,    1.86587558185239,
   23,     0.40604274026002,    3.05071492515347,    1.88876346778635,    5.76207890126044,    1.88876346778635,
   24,     0.41705898642982,    3.02755833434371,    1.90594705630572,    5.77036589513624,    1.90594705630572,
   25,     0.42767071296968,    2.99401768580083,    1.93384021114911,    5.78995179369325,    1.93384021114911,
   26,     0.43776279143803,    2.93623184641650,    1.95879998663402,    5.75149090151504,    1.95879998663402,
   27,     0.44743151674633,    2.86257476874684,    1.99995502489987,    5.72502079290681,    1.99995502489987,
   28,     0.45654174001389,    2.76668969446483,    2.04049948235720,    5.64542888939850,    2.04049948235720,
   29,     0.46519885478684,    2.65293668971202,    2.09537168927271,    5.55888843305542,    2.09537168927271,
   30,     0.47329805736826,    2.52630232890738,    2.15363237507709,    5.44072648476759,    2.15363237507709,
   31,     0.48092834175912,    2.38554962497512,    2.21811621461736,    5.29142630393166,    2.21811621461736,
   32,     0.48805209010208,    2.24723993793622,    2.28921093707209,    5.14440624414880,    2.28921093707209,
   33,     0.49472563414419,    2.10459578886829,    2.35454944745677,    4.95537485179968,    2.35454944745677,
   34,     0.50098042146239,    1.97517631148022,    2.42582995489570,    4.79144186258912,    2.42582995489570,
   35,     0.50684274003539,    1.85257033698977,    2.48334542583339,    4.60057207239817,    2.48334542583339,
   36,     0.51237740453368,    1.74471193273148,    2.54294150968813,    4.43670039619110,    2.54294150968813,
   37,     0.51759635939410,    1.64879149341115,    2.58788834511216,    4.26688828931879,    2.58788834511216,
   38,     0.52256171266022,    1.56425846555499,    2.63199449441719,    4.11711966918622,    2.63199449441719,
   39,     0.52728277503164,    1.49055364169673,    2.66433952058563,    3.97134097512543,    2.66433952058563,
   40,     0.53180636762803,    1.42446213022819,    2.69513467295382,    3.83911727748764,    2.69513467295382,
   41,     0.53614295771761,    1.36606554844084,    2.71742972495022,    3.71218712756357,    2.71742972495022,
   42,     0.54032636811382,    1.31254569856206,    2.73847888801099,    3.59437868506185,    2.73847888801099,
   43,     0.54436856447321,    1.26401139273171,    2.75342261948417,    3.48035756003317,    2.75342261948417,
   44,     0.54829538897399,    1.21857903763133,    2.76753322148405,    3.37245796964876,    2.76753322148405,
   45,     0.55211996901836,    1.17626878119046,    2.77706091334304,    3.26657005582968,    2.77706091334304,
   46,     0.55586371566651,    1.13587369108315,    2.78603079287754,    3.16457908017712,    2.78603079287754,
   47,     0.55954064675227,    1.09733702444119,    2.79133653316247,    3.06303692551449,    2.79133653316247,
   48,     0.56316969283780,    1.05983420055256,    2.79623455146838,    2.96354501041293,    2.79623455146838,
   49,     0.56676563170122,    1.02324456045591,    2.79797925989549,    2.86301705795652,    2.79797925989549,
   50,     0.57034590452578,    0.98697129262435,    2.79937504586162,    2.76290280755440,    2.79937504586162,
   51,     0.57392608299928,    0.95080343171169,    2.79779540480859,    2.66015347211921,    2.79779540480859,
   52,     0.57752259443975,    0.91431809994103,    2.79591710177018,    2.55635761208313,    2.79591710177018,
   53,     0.58115186485840,    0.87719489819148,    2.79093368880652,    2.44819279301180,    2.79093368880652,
   54,     0.58482964448812,    0.83909315572573,    2.78566237869530,    2.33743023612587,    2.78566237869530,
   55,     0.58857341974983,    0.79957535866093,    2.77689276378237,    2.22033502756423,    2.77689276378237,
   56,     0.59239844976196,    0.75824843839167,    2.76778324661010,    2.09866732454874,    2.76778324661010,
   57,     0.59632380620121,    0.71451282714902,    2.75450764288670,    1.96813104332257,    2.75450764288670,
   58,     0.60036432025072,    0.66796406561211,    2.74085853672724,    1.83079501145998,    2.74085853672724,
   59,     0.60454157595394,    0.61773320550671,    2.72184505446893,    1.68137407038969,    2.72184505446893,
   60,     0.60887038234939,    0.56348199722178,    2.70240194879208,    1.52275484740138,    2.70240194879208,
   61,     0.61337637690571,    0.50399272302668,    2.67580559874188,    1.34858654999994,    2.67580559874188,
   62,     0.61807500800336,    0.43829952246867,    2.64856871967650,    1.16086640505967,    2.64856871967650,
   63,     0.62299867702836,    0.36480666263663,    2.61206501479184,    0.95289872063611,    2.61206501479184,
   64,     0.62816382262307,    0.28215741873947,    2.57492479740929,    0.72653413428526,    2.57492479740929,
   65,     0.63361511486419,    0.18805306634437,    2.52424207562450,    0.47469146251665,    2.52424207562450,
   66,     0.63937388615466,    0.08030625637606,    2.47257603491509,    0.19856332496919,    2.47257603491509,
   67,     0.64550433483488,    -0.04349229008883,    2.40404685066567,    -0.10455750301628,    2.40404685066567,
   68,     0.65203404238493,    -0.18318946156299,    2.33785171791635,    -0.42826979741921,    2.33785171791635,
   69,     0.65902143377394,    -0.32553404376763,    2.26113614077774,    -0.73607679141652,    2.26113614077774,
   70,     0.66650778757437,    -0.47571116703481,    2.19068401292999,    -1.04213284839542,    2.19068401292999,
   71,     0.67449561412885,    -0.61444945532028,    2.12241522765923,    -1.30411688059869,    2.12241522765923,
   72,     0.68305472636248,    -0.74350160435650,    2.05891453171581,    -1.53080625756361,    2.05891453171581,
   73,     0.69210881944397,    -0.85254145585788,    2.00996135878438,    -1.71357538303611,    2.00996135878438,
   74,     0.70174481719563,    -0.93847997468435,    1.96141043329207,    -1.84074441378156,    1.96141043329207,
   75,     0.71183969194467,    -1.00511950943576,    1.93198696499579,    -1.94187779049285,    1.93198696499579,
   76,     0.72247074243039,    -1.04474375782230,    1.90057805609219,    -1.98561706035635,    1.90057805609219,
   77,     0.73352367417778,    -1.07011220788104,    1.88214316112398,    -2.01410437369859,    1.88214316112398,
   78,     0.74506602400814,    -1.07299722265093,    1.85878556703406,    -1.99447175093118,    1.85878556703406,
   79,     0.75703822975660,    -1.07660900926934,    1.84407006651846,    -1.98534244733768,    1.84407006651846,
   80,     0.76945764691149,    -1.06832901412072,    1.82332646324715,    -1.94791256290105,    1.82332646324715,
   81,     0.78230884688874,    -1.01676728876314,    1.81862458070752,    -1.84911798420398,    1.81862458070752,
   82,     0.79549331359397,    -0.95591840676555,    1.81681775629402,    -1.73672953497993,    1.81681775629402,
   83,     0.80899967995831,    -0.89003010843797,    1.81609172410651,    -1.61637631413982,    1.81609172410651,
   84,     0.82281376671868,    -0.81512963576764,    1.81557082500875,    -1.47992558529975,    1.81557082500875,
   85,     0.83691315870305,    -0.73254769823779,    1.81737323163946,    -1.33131257767646,    1.81737323163946,
   86,     0.85127880924680,    -0.64406858552677,    1.81906216318474,    -1.17160079442767,    1.81906216318474,
   87,     0.86589032856300,    -0.54907524605243,    1.82225532496208,    -1.00055529092391,    1.82225532496208,
   88,     0.88072719908797,    -0.44762362180310,    1.82550494115390,    -0.81713913337876,    1.82550494115390,
   89,     0.89576916731413,    -0.34126847122246,    1.82945130983481,    -0.62433405168326,    1.82945130983481,
   90,     0.91099769768139,    -0.23155671704191,    1.83337920954248,    -0.42453127085455,    1.83337920954248,
   91,     0.92639883095478,    -0.11924179486542,    1.83619479855016,    -0.21895116350167,    1.83619479855016,
   92,     0.94195974370193,    -0.00408168774131,    1.83893115931908,    -0.00750594277011,    1.83893115931908,
   93,     0.95766230088188,    0.11448957645118,    1.84159657817395,    0.21084361222907,    1.84159657817395,
   94,     0.97348682792194,    0.23635257632741,    1.84435214423065,    0.43591738094389,    1.84435214423065,
   95,     0.98941395627803,    0.36069422575432,    1.84674322109316,    0.66610961629925,    1.84674322109316,
   96,     1.00542586415632,    0.48677948872345,    1.84910288251091,    0.90010535574572,    1.84910288251091,
   97,     1.02150645998174,    0.61404537908113,    1.85032520859721,    1.13618364413645,    1.85032520859721,
   98,     1.03764012036050,    0.74207171367376,    1.85150728872890,    1.37395118662650,    1.85150728872890,
   99,     1.05381043739601,    0.87076996015792,    1.85170685521256,    1.61241070453759,    1.85170685521256,
  100,     1.07000006875168,    0.99998754118822,    1.85193318650002,    1.85191011361302,    1.85193318650002,
