 indi,                  x_v,                   v,                   H,                   q,                 eta
    0,     0.07000000000000,    0.99999999999605,    1.85190235784537,    1.85190235783806,    1.85190235784537,
    1,     0.07253114917613,    1.02032342502415,    1.85188937983671,    1.88952611480084,    1.85188937983671,
    2,     0.07506223477151,    1.04064561827521,    1.85187641527775,    1.92714707714600,    1.85187641527775,
    3,     0.07759319316765,    1.06096525629502,    1.85183751126253,    1.96473525975339,    1.85183751126253,
    4,     0.08012396081957,    1.08128119891051,    1.85179862058923,    2.00231503261156,    1.85179862058923,
    5,     0.08265447406931,    1.10159202928092,    1.85173384023839,    2.03985523875636,    1.85173384023839,
    6,     0.08518466940533,    1.12189670030358,    1.85166907297755,    2.07738142302770,    1.85166907297755,
    7,     0.08771448312886,    1.14219369849834,    1.85157849909322,    2.11486129393929,    1.85157849909322,
    8,     0.09024385175909,    1.16248207292313,    1.85148793792178,    2.15232153606748,    1.85148793792178,
    9,     0.09277271155540,    1.18276020854316,    1.85137168658324,    2.18972876211410,    1.85137168658324,
   10,     0.09530099906458,    1.20302725524747,    1.85125544744905,    2.22711075970656,    1.85125544744905,
   11,     0.09782865050349,    1.22328149007054,    1.85111366818844,    2.26443308631150,    1.85111366818844,
   12,     0.10035560244295,    1.24352216974366,    1.85097190048318,    2.30172459382339,    1.85097190048318,
   13,     0.10288179105695,    1.26374745569739,    1.85080477651126,    2.33894982730869,    1.85080477651126,
   14,     0.10540715293635,    1.28395671875023,    1.85063766330725,    2.37613866177557,    1.85063766330725,
   15,     0.10793162421218,    1.30414799591982,    1.85044541180657,    2.41325467536656,    1.85044541180657,
   16,     0.11045514149091,    1.32432078032500,    1.85025317012760,    2.45032872206218,    1.85025317012760,
   17,     0.11297764086088,    1.34447297485005,    1.85003604257772,    2.48732346174428,    1.85003604257772,
   18,     0.11549905893917,    1.36460420396699,    1.84981892375082,    2.52427067992807,    1.84981892375082,
   19,     0.11801933177201,    1.38471222597465,    1.84957720632359,    2.56113217048032,    1.84957720632359,
   20,     0.12053839598163,    1.40479680626173,    1.84933549636003,    2.59794059899301,    1.84933549636003,
   21,     0.12305618757305,    1.42485554773069,    1.84906951037367,    2.63465694999560,    1.84906951037367,
   22,     0.12557264316756,    1.44488836641671,    1.84880353042097,    2.67131471289540,    1.84880353042097,
   23,     0.12808769873020,    1.46489269896714,    1.84851363284315,    2.70787412469315,    1.84851363284315,
   24,     0.13060129087466,    1.48486862170380,    1.84822373970820,    2.74436943698076,    1.84822373970820,
   25,     0.13311335552757,    1.50481339431135,    1.84791032371547,    2.78076020661325,    1.84791032371547,
   26,     0.13562382928776,    1.52472726261608,    1.84759691041371,    2.81708137963303,    1.84759691041371,
   27,     0.13813264804520,    1.54460729931891,    1.84726040605192,    2.85329190693060,    1.84726040605192,
   28,     0.14063974837609,    1.56445392808662,    1.84692390246512,    2.88942735408862,    1.84692390246512,
   29,     0.14314506613576,    1.58426402550453,    1.84656477731274,    2.92544614746035,    1.84656477731274,
   30,     0.14564853786931,    1.60403820031638,    1.84620565089147,    2.96138438966987,    1.84620565089147,
   31,     0.14815009939969,    1.62377312513528,    1.84582441085444,    2.99720007206410,    1.84582441085444,
   32,     0.15064968723195,    1.64346959947611,    1.84544316737594,    3.03292974314325,    1.84544316737594,
   33,     0.15314723715893,    1.66312408585300,    1.84504035753064,    3.06853105798004,    1.84504035753064,
   34,     0.15564268563615,    1.68273757825124,    1.84463754196088,    3.10404091011057,    1.84463754196088,
   35,     0.15813596842871,    1.70230632498687,    1.84421374746293,    3.13941672693389,    1.84421374746293,
   36,     0.16062702193263,    1.72183151605605,    1.84378994488392,    3.17469563608837,    1.84378994488392,
   37,     0.16311578188757,    1.74130918369325,    1.84334579197886,    3.20983495629510,    1.84334579197886,
   38,     0.16560218461963,    1.76074071297366,    1.84290162859754,    3.24487192747716,    1.84290162859754,
   39,     0.16808616584519,    1.78012192076131,    1.84243778571129,    3.27976388998358,    1.84243778571129,
   40,     0.17056766180970,    1.79945438345576,    1.84197392993727,    3.31454806243686,    1.84197392993727,
   41,     0.17304660820810,    1.81873370609314,    1.84149110886826,    3.34918194916955,    1.84149110886826,
   42,     0.17552294119418,    1.83796164970128,    1.84100827252968,    3.38370260169236,    1.84100827252968,
   43,     0.17799659644286,    1.85713361388248,    1.84050722971631,    3.41806784289988,    1.84050722971631,
   44,     0.18046751000509,    1.87625153460468,    1.84000616932361,    3.45231439887551,    1.84000616932361,
   45,     0.18293561753665,    1.89531061539514,    1.83948770724702,    3.48640057843415,    1.83948770724702,
   46,     0.18540085497435,    1.91431295441000,    1.83896922539289,    3.52036261093094,    1.83896922539289,
   47,     0.18786315795502,    1.93325357135048,    1.83843419407375,    3.55415947138592,    1.83843419407375,
   48,     0.19032246229003,    1.95213471087006,    1.83789914093803,    3.58782670810339,    1.83789914093803,
   49,     0.19277870359658,    1.97095122386680,    1.83734843955319,    3.62132415560713,    1.83734843955319,
   50,     0.19523181754941,    1.98970548298816,    1.83679771451390,    3.65468648370843,    1.83679771451390,
   51,     0.19768173974444,    2.00839218792568,    1.83623229316602,    3.68787459281149,    1.83623229316602,
   52,     0.20012840570869,    2.02701381824934,    1.83566684655686,    3.72092206367294,    1.83566684655686,
   53,     0.20257175101401,    2.04556494229362,    1.83508770815014,    3.75379108182586,    1.83508770815014,
   54,     0.20501171102892,    2.06404812328829,    1.83450854314652,    3.78651391563791,    1.83450854314652,
   55,     0.20744822129713,    2.08245781991262,    1.83391674544001,    3.81905426761026,    1.83391674544001,
   56,     0.20988121701808,    2.10079665397635,    1.83332492008928,    3.85144285777501,    1.83332492008928,
   57,     0.21231063370198,    2.11905899761855,    1.83272157790018,    3.88364514977905,    1.83272157790018,
   58,     0.21473640636887,    2.13724750489137,    1.83211820733361,    3.91569006728980,    1.83211820733361,
   59,     0.21715847048862,    2.15535648523895,    1.83150449490473,    3.94754509083721,    1.83150449490473,
   60,     0.21957676089190,    2.17338859796034,    1.83089075369488,    3.97923708819146,    1.83089075369488,
   61,     0.22199121299984,    2.19133811390883,    1.83026790728061,    4.01073582388814,    1.83026790728061,
   62,     0.22440176144401,    2.20920767050227,    1.82964503200501,    4.04206583900184,    1.82964503200501,
   63,     0.22680834158685,    2.22699152361938,    1.82901435262637,    4.07319945987712,    1.82901435262637,
   64,     0.22921088785128,    2.24469226223226,    1.82838364462978,    4.10415861949247,    1.82838364462978,
   65,     0.23160933552949,    2.26230414985802,    1.82774650108434,    4.13491849429159,    1.82774650108434,
   66,     0.23400361882635,    2.27982970151258,    1.82710932945645,    4.16549811720554,    1.82710932945645,
   67,     0.23639367295063,    2.29726320929929,    1.82646716154303,    4.19587581320612,    1.82646716154303,
   68,     0.23877943187968,    2.31460709055070,    1.82582496636635,    4.22606741325605,    1.82582496636635,
   69,     0.24116083072406,    2.33185568445876,    1.82517928837193,    4.25605469874649,    1.82517928837193,
   70,     0.24353780322410,    2.34901128935497,    1.82453358418532,    4.28584998705861,    1.82453358418532,
   71,     0.24591028437572,    2.36606830721435,    1.82388598869167,    4.31543883381567,    1.82388598869167,
   72,     0.24827820767239,    2.38302889873311,    1.82323836828129,    4.34482972089332,    1.82323836828129,
   73,     0.25064150797744,    2.39988754101174,    1.82259053023689,    4.37401230588148,    1.82259053023689,
   74,     0.25300011852715,    2.41664624177762,    1.82194266872224,    4.40299090310188,    1.82194266872224,
   75,     0.25535397403278,    2.43329956174726,    1.82129634988680,    4.43175960999142,    1.82129634988680,
   76,     0.25770300746244,    2.44984934398521,    1.82065000915451,    4.46031823055385,    1.82065000915451,
   77,     0.26004715335434,    2.46629023714874,    1.82000706290076,    4.48866565077389,    1.82000706290076,
   78,     0.26238634439653,    2.48262391177792,    1.81936409641645,    4.51679680999371,    1.81936409641645,
   79,     0.26472051493173,    2.49884510444081,    1.81872647295580,    4.54471574326250,    1.81872647295580,
   80,     0.26704959735503,    2.51495530928045,    1.81808883097304,    4.57241215819914,    1.81808883097304,
   81,     0.26937352578968,    2.53094934621279,    1.81745858302584,    4.59989561247807,    1.81745858302584,
   82,     0.27169223232364,    2.54682853324982,    1.81682831828077,    4.62715020101374,    1.81682831828077,
   83,     0.27400565083525,    2.56258776429804,    1.81620760722778,    4.65419139170693,    1.81620760722778,
   84,     0.27631371308968,    2.57822818569307,    1.81558688109755,    4.68099727042027,    1.81558688109755,
   85,     0.27861635269340,    2.59374475141375,    1.81497798371276,    4.70758961918649,    1.81497798371276,
   86,     0.28091350107145,    2.60913844442457,    1.81436907293890,    4.73394010057983,    1.81436907293890,
   87,     0.28320509152987,    2.62440426032394,    1.81377438869913,    4.76007723296843,    1.81377438869913,
   88,     0.28549105513444,    2.63954303088471,    1.81317969273034,    4.78596582168805,    1.81317969273034,
   89,     0.28777132486040,    2.65454977034503,    1.81260175180154,    4.81164156397179,    1.81260175180154,
   90,     0.29004583139320,    2.66942517511273,    1.81202380078667,    4.83706195172338,    1.81202380078667,
   91,     0.29231450734500,    2.68416425084517,    1.81146527276176,    4.86227032679460,    1.81146527276176,
   92,     0.29457728299774,    2.69876757762808,    1.81090673629809,    4.88721638602958,    1.81090673629809,
   93,     0.29683409056608,    2.71323012139820,    1.81037043975643,    4.91195160803605,    1.81037043975643,
   94,     0.29908485990302,    2.72755236780433,    1.80983413646160,    4.93641738423895,    1.80983413646160,
   95,     0.30132952278892,    2.74172920824740,    1.80932304943717,    4.96067385179714,    1.80932304943717,
   96,     0.30356800862012,    2.75576105828298,    1.80881195744876,    4.98465355409391,    1.80881195744876,
   97,     0.30580024870307,    2.76964269672597,    1.80832922892589,    5.00842584217069,    1.80832922892589,
   98,     0.30802617194740,    2.78337449511108,    1.80784649740652,    5.03191383195721,    1.80784649740652,
   99,     0.31024570914283,    2.79695107903582,    1.80739545997350,    5.05519668201734,    1.80739545997350,
  100,     0.31245878867981,    2.81037280304338,    1.80694442177197,    5.07818745955888,    1.80694442177197,
  101,     0.31466534078490,    2.82363409696987,    1.80652860552892,    5.10097576772289,    1.80652860552892,
  102,     0.31686529329440,    2.83673532540886,    1.80611279111261,    5.12346395622192,    1.80611279111261,
  103,     0.31905857582115,    2.84967067894217,    1.80573593902783,    5.14575275935970,    1.80573593902783,
  104,     0.32124511560979,    2.86244055793671,    1.80535909184183,    5.16773308612786,    1.80535909184183,
  105,     0.32342484160414,    2.87503887063191,    1.80502517672023,    5.18951754553990,    1.80502517672023,
  106,     0.32559768041707,    2.88746607578931,    1.80469127014716,    5.21098481982306,    1.80469127014716,
  107,     0.32776356026278,    2.89971575845220,    1.80440451340075,    5.23226020213044,    1.80440451340075,
  108,     0.32992240707947,    2.91178845302771,    1.80411776953942,    5.25320928924699,    1.80411776953942,
  109,     0.33207414828521,    2.92367738501214,    1.80388266201323,    5.27397094414358,    1.80388266201323,
  110,     0.33421870909768,    2.93538317344555,    1.80364757245554,    5.29439673501192,    1.80364757245554,
  111,     0.33635601606576,    2.94689865551875,    1.80346889758115,    5.31464006955179,    1.80346889758115,
  112,     0.33848599363737,    2.95822453180215,    1.80329024649073,    5.33453744512845,    1.80329024649073,
  113,     0.34060856741224,    2.96935323389638,    1.80317310603441,    5.35425789367826,    1.80317310603441,
  114,     0.34272366101529,    2.98028552416444,    1.80305599582759,    5.37362168362286,    1.80305599582759,
  115,     0.34483119900979,    2.99101342743688,    1.80300583865039,    5.39281467315040,    1.80300583865039,
  116,     0.34693110413948,    3.00153772594609,    1.80295571856803,    5.41163960749219,    1.80295571856803,
  117,     0.34902329983649,    3.01185005822740,    1.80297837275770,    5.43030051697303,    1.80297837275770,
  118,     0.35110770789897,    3.02195115609672,    1.80300107081524,    5.44858117039374,    1.80300107081524,
  119,     0.35318425052609,    3.03183231976450,    1.80310277968619,    5.46670528330981,    1.80310277968619,
  120,     0.35525284849771,    3.04149412549626,    1.80320453837904,    5.48443601054803,    1.80320453837904,
  121,     0.35731342267190,    3.05092761652819,    1.80339200088487,    5.50201845892569,    1.80339200088487,
  122,     0.35936589272664,    3.06013306760087,    1.80357951726364,    5.51919332082609,    1.80357951726364,
  123,     0.36141017806583,    3.06910138419394,    1.80385993342643,    5.53622901857106,    1.80385993342643,
  124,     0.36344619716752,    3.07783234874849,    1.80414040416894,    5.55284169763536,    1.80414040416894,
  125,     0.36547386786537,    3.08631688773138,    1.80452152625627,    5.56932526075953,    1.80452152625627,
  126,     0.36749310732081,    3.09455405544234,    1.80490269848859,    5.58536896528670,    1.80490269848859,
  127,     0.36950383168072,    3.10253499410627,    1.80539288873548,    5.60129461541243,    1.80539288873548,
  128,     0.37150595664954,    3.11025775520938,    1.80588311755315,    5.61676197137138,    1.80588311755315,
  129,     0.37349939657319,    3.11771391596423,    1.80649141334580,    5.63212341845809,    1.80649141334580,
  130,     0.37548406552986,    3.12490022751312,    1.80709972694679,    5.64700634787492,    1.80709972694679,
  131,     0.37745987595518,    3.13180892211732,    1.80783591485487,    5.66179664786660,    1.80783591485487,
  132,     0.37942674009762,    3.13843515613889,    1.80857209070901,    5.67608623189277,    1.80857209070901,
  133,     0.38138456837835,    3.14477200696675,    1.80944678760372,    5.69029760575209,    1.80944678760372,
  134,     0.38333327098089,    3.15081282048944,    1.81032142076122,    5.70398394174109,    1.81032142076122,
  135,     0.38527275623175,    3.15655160081294,    1.81134616466516,    5.71760763570019,    1.81134616466516,
  136,     0.38720293194842,    3.16197945877375,    1.81237082295200,    5.73067931385510,    1.81237082295200,
  137,     0.38912370396610,    3.16709082763259,    1.81355867458259,    5.74370504364404,    1.81355867458259,
  138,     0.39103497725257,    3.17187621252179,    1.81474697328892,    5.75615275632105,    1.81474697328892,
  139,     0.39293665775651,    3.17633923591480,    1.81610513039610,    5.76856598222331,    1.81610513039610,
  140,     0.39482865244764,    3.18047377056567,    1.81745696915083,    5.78037421951601,    1.81745696915083,
  141,     0.39671086095623,    3.18423143446022,    1.81902570726808,    5.79219883717427,    1.81902570726808,
  142,     0.39858315767903,    3.18749836050920,    1.82058835491153,    5.80312239644264,    1.82058835491153,
  143,     0.40044533056692,    3.19008783134669,    1.82262413102079,    5.81433106148827,    1.82262413102079,
  144,     0.40229711765730,    3.19183640998401,    1.82467293893433,    5.82405752280311,    1.82467293893433,
  145,     0.40413821817019,    3.19275541284975,    1.82734197728037,    5.83425598908948,    1.82734197728037,
  146,     0.40596833483096,    3.19286719833514,    1.82998961282388,    5.84291380807940,    1.82998961282388,
  147,     0.40778716694590,    3.19197543738602,    1.83337528880939,    5.85208888939008,    1.83337528880939,
  148,     0.40959433191380,    3.18979172487414,    1.83684993860167,    5.85916873398720,    1.83684993860167,
  149,     0.41138940833268,    3.18674526556540,    1.84099131401504,    5.86677035388445,    1.84099131401504,
  150,     0.41317224324502,    3.18401367967753,    1.84504311952375,    5.87464253215853,    1.84504311952375,
  151,     0.41494346230252,    3.18246606242925,    1.84795575994595,    5.88105649089865,    1.84795575994595,
  152,     0.41670360975468,    3.18142284936393,    1.85083284704487,    5.88828190994184,    1.85083284704487,
  153,     0.41845219138196,    3.17861112498411,    1.85506183379441,    5.89652018243231,    1.85506183379441,
  154,     0.42018849800118,    3.17342067233162,    1.85945269299777,    5.90082561518181,    1.85945269299777,
  155,     0.42191254243179,    3.16879429034233,    1.86350181308238,    5.90505390533804,    1.86350181308238,
  156,     0.42362472896239,    3.16643206637239,    1.86734398996905,    5.91281788878578,    1.86734398996905,
  157,     0.42532531839445,    3.16347514305022,    1.87112167053110,    5.91924689434773,    1.87112167053110,
  158,     0.42701419959340,    3.15786045680015,    1.87509178168093,    5.92127819024114,    1.87509178168093,
  159,     0.42869095544717,    3.15213747925323,    1.87974710202310,    5.92522129180466,    1.87974710202310,
  160,     0.43035549437164,    3.14845606415812,    1.88417415399302,    5.93223954106931,    1.88417415399302,
  161,     0.43200824764207,    3.14395018073931,    1.88829712766660,    5.93671209581691,    1.88829712766660,
  162,     0.43364916206031,    3.13578562737363,    1.89262591856348,    5.93486915342616,    1.89262591856348,
  163,     0.43527705715419,    3.12584514995828,    1.89959964302151,    5.93785433100127,    1.89959964302151,
  164,     0.43689098818601,    3.11615767148879,    1.90657198001103,    5.94117890175694,    1.90657198001103,
  165,     0.43849144361736,    3.10632154988756,    1.91233730672925,    5.94033458654702,    1.91233730672925,
  166,     0.44007913722854,    3.09624665992302,    1.91779724879818,    5.93797332600093,    1.91779724879818,
  167,     0.44165396802653,    3.08600594331266,    1.92467770490997,    5.93956683631353,    1.92467770490997,
  168,     0.44321504813935,    3.07196555891455,    1.93219884954732,    5.93564831878369,    1.93219884954732,
  169,     0.44475963492097,    3.04841184068070,    1.94538089488381,    5.93032215459781,    1.94538089488381,
  170,     0.44628627933142,    3.02827361196486,    1.95359810947267,    5.91602960330054,    1.95359810947267,
  171,     0.44780261863809,    3.00842795787087,    1.96087174730740,    5.89914138639869,    1.96087174730740,
  172,     0.44930207861631,    2.99216782180550,    1.97238993401466,    5.90172169261173,    1.97238993401466,
  173,     0.45078518479029,    2.97156843051932,    1.98434758722968,    5.89662464538889,    1.98434758722968,
  174,     0.45225150053316,    2.94877489471322,    1.99672657279313,    5.88789718945914,    1.99672657279313,
  175,     0.45370114463901,    2.92083346694228,    2.00895233965922,    5.86781522716863,    2.00895233965922,
  176,     0.45513453726323,    2.89939021574823,    2.01768581367138,    5.85005850661282,    2.01768581367138,
  177,     0.45655670857064,    2.87733792560751,    2.02621372940326,    5.83010160899862,    2.02621372940326,
  178,     0.45796309654031,    2.85867278323808,    2.03877970427394,    5.82820405162608,    2.03877970427394,
  179,     0.45935363884444,    2.84175310854001,    2.04946224923756,    5.82406571760624,    2.04946224923756,
  180,     0.46073005318706,    2.82199109106251,    2.05852745072118,    5.80914612664278,    2.05852745072118,
  181,     0.46209329152569,    2.80040661339764,    2.06907347579579,    5.79424704522417,    2.06907347579579,
  182,     0.46344172788495,    2.77362597190769,    2.07920576386357,    5.76693910759218,    2.07920576386357,
  183,     0.46477745663033,    2.74860426362104,    2.08886714246152,    5.74146913390765,    2.08886714246152,
  184,     0.46609900401245,    2.72761092648041,    2.10046866833137,    5.72926129047040,    2.10046866833137,
  185,     0.46740561915762,    2.70772298031329,    2.11280460054819,    5.72088956981598,    2.11280460054819,
  186,     0.46869794764519,    2.68606802083387,    2.12331527680664,    5.70336926317833,    2.12331527680664,
  187,     0.46997747199134,    2.66244467625234,    2.13455721065565,    5.68314048166618,    2.13455721065565,
  188,     0.47124260479160,    2.63568290388735,    2.14648922327479,    5.65746494916379,    2.14648922327479,
  189,     0.47249404411689,    2.60896401800472,    2.15897721774434,    5.63269387678693,    2.15897721774434,
  190,     0.47373113472191,    2.58121308450793,    2.17168006403652,    5.60556899665608,    2.17168006403652,
  191,     0.47495414336527,    2.55306312701166,    2.18559270214438,    5.57995613851059,    2.18559270214438,
  192,     0.47616251591729,    2.52463708902630,    2.19944187512388,    5.55279253309530,    2.19944187512388,
  193,     0.47735667182087,    2.49535862330470,    2.21424069936020,    5.52532462322072,    2.21424069936020,
  194,     0.47853610033797,    2.46596011876821,    2.22902411687847,    5.49668457599483,    2.22902411687847,
  195,     0.47970142221422,    2.43570869804912,    2.24404144630790,    5.46583126955489,    2.24404144630790,
  196,     0.48085233009783,    2.40516544532016,    2.25925407074801,    5.43387982316203,    2.25925407074801,
  197,     0.48198931152407,    2.37431461717784,    2.27436992056833,    5.40006974727500,    2.27436992056833,
  198,     0.48311235608762,    2.34345130354953,    2.28970577575341,    5.36581398493420,    2.28970577575341,
  199,     0.48422173609040,    2.31268306992936,    2.30487490829287,    5.33044517871390,    2.30487490829287,
  200,     0.48531767338560,    2.28230970116786,    2.32016412664182,    5.29533309453629,    2.32016412664182,
  201,     0.48640034424734,    2.25218832930171,    2.33516332851697,    5.25922759549926,    2.33516332851697,
  202,     0.48747010185503,    2.22262076731782,    2.35022332615524,    5.22365517254740,    2.35022332615524,
  203,     0.48852710295180,    2.19341768679936,    2.36478539207388,    5.18696210445962,    2.36478539207388,
  204,     0.48957178477895,    2.16479742211853,    2.37941243510015,    5.15094590566157,    2.37941243510015,
  205,     0.49060426050999,    2.13668881093468,    2.39342284853891,    5.11399982030848,    2.39342284853891,
  206,     0.49162502734160,    2.10922775813852,    2.40749211857689,    5.07794920400209,    2.40749211857689,
  207,     0.49263414651237,    2.08238850523540,    2.42090025081209,    5.04125485461259,    2.42090025081209,
  208,     0.49363214940362,    2.05627016089365,    2.43434491388130,    5.00567080773733,    2.43434491388130,
  209,     0.49461906416215,    2.03082691709763,    2.44709646957134,    4.96962937914004,    2.44709646957134,
  210,     0.49559543315672,    2.00614399209545,    2.45986853056520,    4.93485047393803,    2.45986853056520,
  211,     0.49656126710995,    1.98216401839763,    2.47191050041050,    4.89973205061297,    2.47191050041050,
  212,     0.49751710705618,    1.95895657944119,    2.48396946557051,    4.86598832771036,    2.48396946557051,
  213,     0.49846294818015,    1.93648000945754,    2.49527142956055,    4.83204324151454,    2.49527142956055,
  214,     0.49939932589620,    1.91478665586987,    2.50658899520595,    4.79958315977062,    2.50658899520595,
  215,     0.50032621901812,    1.89384890465604,    2.51713886458710,    4.76708068156544,    2.51713886458710,
  216,     0.50124415409494,    1.87370617464883,    2.52769724919029,    4.73616194345072,    2.52769724919029,
  217,     0.50215309852145,    1.85432612133060,    2.53748502179389,    4.70532475839754,    2.53748502179389,
  218,     0.50305356455463,    1.83575628804001,    2.54727384017409,    4.67617396945941,    2.54727384017409,
  219,     0.50394551620995,    1.81790988431337,    2.55627841156914,    4.64708379144841,    2.55627841156914,
  220,     0.50482944945163,    1.80098415696010,    2.56532505411799,    4.62010977991931,    2.56532505411799,
  221,     0.50570531868956,    1.78461928973818,    2.57344657411549,    4.59262239727714,    2.57344657411549,
  222,     0.50657365463629,    1.76900087999357,    2.58164546151895,    4.56693309325842,    2.58164546151895,
  223,     0.50743415828464,    1.75240624563573,    2.59012345898338,    4.53894852649010,    2.59012345898338,
  224,     0.50828719689616,    1.73376716135343,    2.59947781648800,    4.50688927489360,    2.59947781648800,
  225,     0.50913205250300,    1.71786454223815,    2.60823844872677,    4.48060034876995,    2.60823844872677,
  226,     0.50996980163437,    1.70509404208038,    2.61541023277540,    4.45952040550139,    2.61541023277540,
  227,     0.51080092607014,    1.68998982091744,    2.62084746545178,    4.42920553879077,    2.62084746545178,
  228,     0.51162563324837,    1.68093876792822,    2.62691208118753,    4.41567835720713,    2.62691208118753,
  229,     0.51244351389715,    1.66583232206086,    2.63438454894277,    4.38844293036659,    2.63438454894277,
  230,     0.51325467449365,    1.64593057887824,    2.64345768347306,    4.35094783519895,    2.64345768347306,
  231,     0.51405820267163,    1.63521818083421,    2.65093260744115,    4.33485319585399,    2.65093260744115,
  232,     0.51485564480450,    1.62056189458744,    2.65681567974375,    4.30553425153514,    2.65681567974375,
  233,     0.51564691406467,    1.60963692112707,    2.66200182377820,    4.28485641966100,    2.66200182377820,
  234,     0.51643242728727,    1.59966641062421,    2.66637344739200,    4.26530804197326,    2.66637344739200,
  235,     0.51721202737142,    1.58388707947342,    2.67383749456675,    4.23505666025584,    2.67383749456675,
  236,     0.51798509533835,    1.56969437366519,    2.68196485264043,    4.20986513955746,    2.68196485264043,
  237,     0.51875191988409,    1.56014810623661,    2.68748201730543,    4.19286997984400,    2.68748201730543,
  238,     0.51951309963505,    1.54703352125294,    2.69192117563040,    4.16449229527086,    2.69192117563040,
  239,     0.52026916830943,    1.53775388163599,    2.69621670263978,    4.14611770021611,    2.69621670263978,
  240,     0.52101974880939,    1.52434163920266,    2.70235120317504,    4.11930646274911,    2.70235120317504,
  241,     0.52176430926520,    1.50691873513527,    2.70866255584049,    4.08173435255543,    2.70866255584049,
  242,     0.52250345856391,    1.50158010170598,    2.71359298414924,    4.07467722912746,    2.71359298414924,
  243,     0.52323758441110,    1.48914447655987,    2.71749056385575,    4.04673606326934,    2.71749056385575,
  244,     0.52396669453472,    1.48195149729276,    2.72074178429908,    4.03200736098899,    2.72074178429908,
  245,     0.52469103471246,    1.47111830903302,    2.72658795577174,    4.01113346292472,    2.72658795577174,
  246,     0.52540978599784,    1.45338877604924,    2.73414044552146,    3.97376903566315,    2.73414044552146,
  247,     0.52612317740417,    1.44547618649165,    2.73757055986372,    3.95709305312362,    2.73757055986372,
  248,     0.52683218140340,    1.43737527039353,    2.74130926306883,    3.94029014323586,    2.74130926306883,
  249,     0.52753642498883,    1.42986008761194,    2.74426236686169,    3.92391122831102,    2.74426236686169,
  250,     0.52823658525727,    1.42169460200275,    2.74699450980127,    3.90538726631565,    2.74699450980127,
  251,     0.52893184061740,    1.40806990821853,    2.75345225537519,    3.87705326451025,    2.75345225537519,
  252,     0.52962218005171,    1.39936967328605,    2.75717028129942,    3.85830047573598,    2.75717028129942,
  253,     0.53030888333638,    1.39526890538312,    2.75884181600328,    3.84932620074007,    2.75884181600328,
  254,     0.53099129074145,    1.38377591651313,    2.76241613907048,    3.82256492463293,    2.76241613907048,
  255,     0.53166938892985,    1.37753002901779,    2.76670968411167,    3.81122567143815,    2.76670968411167,
  256,     0.53234312582559,    1.36560327393825,    2.77111487538644,    3.78424354628671,    2.77111487538644,
  257,     0.53301290824413,    1.35987123634041,    2.77230502043181,    3.76997785564733,    2.77230502043181,
  258,     0.53367921310246,    1.35589297175454,    2.77381259425934,    3.76099300152045,    2.77381259425934,
  259,     0.53434162234944,    1.34744634156096,    2.77768127155171,    3.74277646737475,    2.77768127155171,
  260,     0.53500009139337,    1.33821519948747,    2.78109232048618,    3.72170001445247,    2.78109232048618,
  261,     0.53565462809575,    1.32513361125525,    2.78518099566001,    3.69073695077845,    2.78518099566001,
  262,     0.53630517622133,    1.32045256707339,    2.78797235052982,    3.68138524718675,    2.78797235052982,
  263,     0.53695255610618,    1.31614535385177,    2.78963136347317,    3.67156035799439,    2.78963136347317,
  264,     0.53759631714089,    1.30799108573514,    2.79251082201837,    3.65257926201895,    2.79251082201837,
  265,     0.53823659924846,    1.29816806908194,    2.79521505042341,    3.62865892467694,    2.79521505042341,
  266,     0.53887340923747,    1.28907247315462,    2.79889533889384,    3.60797893660882,    2.79889533889384,
  267,     0.53950665947151,    1.28342772910803,    2.80047980760121,    3.59421343988251,    2.80047980760121,
  268,     0.54013701658763,    1.27980923521543,    2.80276103774859,    3.58699946021264,    2.80276103774859,
  269,     0.54076389119726,    1.27150120982799,    2.80462823902683,    3.56608819904037,    2.80462823902683,
  270,     0.54138806469328,    1.26622792205485,    2.80634732582436,    3.55347534294278,    2.80634732582436,
  271,     0.54200886756374,    1.25819606847829,    2.80903754374476,    3.53431999374757,    2.80903754374476,
  272,     0.54262685472541,    1.25310122547818,    2.80975143011733,    3.52090296036910,    2.80975143011733,
  273,     0.54324214008481,    1.24550494938828,    2.81228493227358,    3.50271480223682,    2.81228493227358,
  274,     0.54385431395250,    1.23903823499570,    2.81434906685734,    3.48708610046071,    2.81434906685734,
  275,     0.54446401145427,    1.23548846799189,    2.81530542519966,    3.47827738670919,    2.81530542519966,
  276,     0.54507094244146,    1.22094492775273,    2.81729240425775,    3.43975887097480,    2.81729240425775,
  277,     0.54567518560768,    1.22476655690621,    2.81917416984265,    3.45283024131710,    2.81917416984265,
  278,     0.54627678944548,    1.21941982032320,    2.82197658935537,    3.44117418554801,    2.82197658935537,
  279,     0.54687572112991,    1.20890599492883,    2.82202397815218,    3.41156170502108,    2.82202397815218,
  280,     0.54747270106846,    1.20680957129222,    2.82411658234092,    3.40817092201410,    2.82411658234092,
  281,     0.54806659048084,    1.19835037798017,    2.82575976846813,    3.38625028662495,    2.82575976846813,
  282,     0.54865872204789,    1.19720883780677,    2.82582182553479,    3.38309886359751,    2.82582182553479,
  283,     0.54924836625377,    1.18484342522801,    2.82794294779825,    3.35066960861869,    2.82794294779825,
  284,     0.54983592257321,    1.18404053661778,    2.82848972707090,    3.34904649425891,    2.82848972707090,
  285,     0.55042128456693,    1.17649771457867,    2.83147434585271,    3.33122309678384,    2.83147434585271,
  286,     0.55100415938217,    1.16912282014331,    2.83199156542573,    3.31094596559261,    2.83199156542573,
  287,     0.55158570675424,    1.16578832748842,    2.83250826098588,    3.30210506817185,    2.83250826098588,
  288,     0.55216487268854,    1.16453161556864,    2.83549529739992,    3.30202391961841,    2.83549529739992,
  289,     0.55274214220688,    1.15521896327096,    2.83513036040601,    3.27519635568624,    2.83513036040601,
  290,     0.55331781948368,    1.14684902929865,    2.83584112403631,    3.25228164034624,    2.83584112403631,
  291,     0.55389145904448,    1.14502987938725,    2.83804706493089,    3.24964868845314,    2.83804706493089,
  292,     0.55446330762641,    1.13753902515081,    2.83848410108779,    3.22888643725746,    2.83848410108779,
  293,     0.55503378998879,    1.13282909562824,    2.83887639111438,    3.21596177474647,    2.83887639111438,
  294,     0.55560259446126,    1.12570207902619,    2.83997510559503,    3.19696588075094,    2.83997510559503,
  295,     0.55616985167855,    1.12466987100272,    2.84112876728436,    3.19533192420381,    2.84112876728436,
  296,     0.55673552541770,    1.11563642193685,    2.84231451821312,    3.17098959911846,    2.84231451821312,
  297,     0.55729975352691,    1.11371658023521,    2.84335021382311,    3.16668627655014,    2.84335021382311,
  298,     0.55786253355229,    1.10854551856418,    2.84506429380852,    3.15388327292842,    2.84506429380852,
  299,     0.55842389086183,    1.10122125647017,    2.84504408938828,    3.13302302682919,    2.84504408938828,
  300,     0.55898424736919,    1.09539840382264,    2.84535165788127,    3.11679366435725,    2.84535165788127,
  301,     0.55954323062137,    1.09148189992939,    2.84665831859703,    3.10707603003209,    2.84665831859703,
  302,     0.56010112097097,    1.08548850952045,    2.84698674184624,    3.09037139503116,    2.84698674184624,
  303,     0.56065803865659,    1.08161888090096,    2.84721561546156,    3.07960216767927,    2.84721561546156,
  304,     0.56121398757975,    1.07976785433376,    2.84836092561685,    3.07556856502144,    2.84836092561685,
  305,     0.56176879440958,    1.07073349639074,    2.84875121282886,    3.05025334645961,    2.84875121282886,
  306,     0.56232288463541,    1.06979242967799,    2.84894259730781,    3.04777722318704,    2.84894259730781,
  307,     0.56287607679265,    1.06128408973291,    2.84926433883133,    3.02387891024505,    2.84926433883133,
  308,     0.56342863168160,    1.05847162020076,    2.84974325121566,    3.01637235627043,    2.84974325121566,
  309,     0.56398038669983,    1.05063293716166,    2.84953707894581,    2.99381751080391,    2.84953707894581,
  310,     0.56453174196516,    1.04944983959638,    2.84964088022532,    2.99055516465974,    2.84964088022532,
  311,     0.56508230169445,    1.04205903223205,    2.85023737090583,    2.97011559635776,    2.85023737090583,
  312,     0.56563247140605,    1.03678996512582,    2.84925251969710,    2.95407642053141,    2.84925251969710,
  313,     0.56618233383226,    1.03301240188100,    2.85013886498244,    2.94422879460991,    2.85013886498244,
  314,     0.56673155066042,    1.02526420096262,    2.85036147232210,    2.92237357737497,    2.85036147232210,
  315,     0.56728063761149,    1.02263901475658,    2.85061595543193,    2.91515109211230,    2.85061595543193,
  316,     0.56782917877355,    1.01453186098093,    2.85067124772613,    2.89209680600041,    2.85067124772613,
  317,     0.56837781752867,    1.01287364008722,    2.85022131504791,    2.88691403842675,    2.85022131504791,
  318,     0.56892611340744,    1.00784283969630,    2.85108284905656,    2.87344343480258,    2.85108284905656,
  319,     0.56947428997785,    1.00289107622649,    2.85055594431735,    2.85879711884024,    2.85055594431735,
  320,     0.57002249645465,    0.99905932003038,    2.85134538558432,    2.84866318209363,    2.85134538558432,
  321,     0.57057043789819,    0.99435591858946,    2.85087568928407,    2.83478511480242,    2.85087568928407,
  322,     0.57111875697362,    0.99071916657115,    2.85039346453910,    2.82393943758801,    2.85039346453910,
  323,     0.57166696802936,    0.98528691678945,    2.85068235399587,    2.80874002731468,    2.85068235399587,
  324,     0.57221551418638,    0.97904747959670,    2.84994517783272,    2.79023164334588,    2.84994517783272,
  325,     0.57276428170935,    0.97554912974493,    2.85021456313671,    2.78052433665434,    2.85021456313671,
  326,     0.57331329630138,    0.97142307106454,    2.84981513136765,    2.76837616687935,    2.84981513136765,
  327,     0.57386273957494,    0.96501774780435,    2.85002906351348,    2.75032862804871,    2.85002906351348,
  328,     0.57441241713542,    0.96378660608451,    2.85005381263445,    2.74684369123717,    2.85005381263445,
  329,     0.57496269006242,    0.95642277084618,    2.84958928598758,    2.72541208067783,    2.84958928598758,
  330,     0.57551339697195,    0.95287275498026,    2.85007989857012,    2.71576348486438,    2.85007989857012,
  331,     0.57606465065034,    0.94809973185202,    2.84883843845570,    2.70098295958958,    2.84883843845570,
  332,     0.57661677897371,    0.94143940901139,    2.84865034661839,    2.68183169880051,    2.84865034661839,
  333,     0.57716933885017,    0.93842124581213,    2.84825330808835,    2.67286141776479,    2.84825330808835,
  334,     0.57772291987170,    0.93086322372613,    2.84747169958143,    2.65060668574130,    2.84747169958143,
  335,     0.57827718893960,    0.92737596748914,    2.84687317835585,    2.64012176809664,    2.84687317835585,
  336,     0.57883254982369,    0.92120109690735,    2.84605952632866,    2.62179315751758,    2.84605952632866,
  337,     0.57938868754323,    0.91809281698725,    2.84608498472709,    2.61297018101321,    2.84608498472709,
  338,     0.57994585878403,    0.91203643655074,    2.84530296655630,    2.59501997852526,    2.84530296655630,
  339,     0.58050405861703,    0.90688586606789,    2.84540757015373,    2.58045990857500,    2.84540757015373,
  340,     0.58106322283848,    0.90505932487184,    2.84533094311415,    2.57519330241185,    2.84533094311415,
  341,     0.58162371703208,    0.89446178319677,    2.84310358203615,    2.54304749980117,    2.84310358203615,
  342,     0.58218570469803,    0.89068543412623,    2.84301300048156,    2.53223026856042,    2.84301300048156,
  343,     0.58274847391185,    0.88528331493461,    2.84313155862950,    2.51697693101874,    2.84313155862950,
  344,     0.58331280020134,    0.87668992724331,    2.84061756623104,    2.49034080746517,    2.84061756623104,
  345,     0.58387874187841,    0.87808017578860,    2.84105485742907,    2.49467394863638,    2.84105485742907,
  346,     0.58444575821223,    0.87168481679923,    2.84134594708737,    2.47675812135010,    2.84134594708737,
  347,     0.58501460395628,    0.86527600009313,    2.83820613044622,    2.45583164799230,    2.83820613044622,
  348,     0.58558531549776,    0.86222837704292,    2.83809080970921,    2.44708243275599,    2.83809080970921,
  349,     0.58615711954936,    0.85618731544918,    2.83767896439931,    2.42958473463567,    2.83767896439931,
  350,     0.58673095415684,    0.84927368320703,    2.83650164526580,    2.40896619969769,    2.83650164526580,
  351,     0.58730627853884,    0.84619295140516,    2.83574558123867,    2.39958792282248,    2.83574558123867,
  352,     0.58788365404001,    0.83731242605448,    2.83335729534100,    2.37240527084115,    2.83335729534100,
  353,     0.58846315274106,    0.83098410918434,    2.83187159829940,    2.35324029743726,    2.83187159829940,
  354,     0.58904462459293,    0.83117526861675,    2.83008379422718,    2.35229565787468,    2.83008379422718,
  355,     0.58962816050276,    0.82241716194161,    2.83020557431012,    2.32760963613546,    2.83020557431012,
  356,     0.59021337865049,    0.81663804277447,    2.83088050938923,    2.31180471851600,    2.83088050938923,
  357,     0.59080077056020,    0.81295631818583,    2.82740041551403,    2.29855303183336,    2.82740041551403,
  358,     0.59139081040119,    0.79972179431980,    2.82499335013790,    2.25920875091378,    2.82499335013790,
  359,     0.59198297688622,    0.79687811222955,    2.82387279942702,    2.25028242558379,    2.82387279942702,
  360,     0.59257762933216,    0.79015131514347,    2.82217177251394,    2.22994273761268,    2.82217177251394,
  361,     0.59317444738413,    0.78765342193555,    2.82210431917343,    2.22284012405604,    2.82210431917343,
  362,     0.59377350892570,    0.78408796029182,    2.82166546837211,    2.21243392172175,    2.82166546837211,
  363,     0.59437517196547,    0.77373793092648,    2.81796084839582,    2.18036319626960,    2.81796084839582,
  364,     0.59497987975917,    0.76753850761779,    2.81354442269135,    2.15950368730887,    2.81354442269135,
  365,     0.59558749860685,    0.76001590842000,    2.81330777520926,    2.13815866444072,    2.81330777520926,
  366,     0.59619736756475,    0.75616215010570,    2.81254623462352,    2.12674100804461,    2.81254623462352,
  367,     0.59680997270130,    0.75298989065760,    2.81229944719097,    2.11763305323675,    2.81229944719097,
  368,     0.59742481211723,    0.74729035322242,    2.81222610547302,    2.10154943970024,    2.81222610547302,
  369,     0.59804296061184,    0.73326268622781,    2.80668604209675,    2.05803814662598,    2.80668604209675,
  370,     0.59866464895042,    0.72730495810191,    2.80313707389845,    2.03873549208561,    2.80313707389845,
  371,     0.59928904014464,    0.72233550615847,    2.80347707120471,    2.02505102923232,    2.80347707120471,
  372,     0.59991621147438,    0.72033932530905,    2.80268893193190,    2.01888705427897,    2.80268893193190,
  373,     0.60054642045388,    0.71584034393690,    2.80045179804432,    2.00467637829074,    2.80045179804432,
  374,     0.60117983479877,    0.70483126335800,    2.79649331791627,    1.97105591823912,    2.79649331791627,
  375,     0.60181725695393,    0.69540498025712,    2.79322302627798,    1.94242120344259,    2.79322302627798,
  376,     0.60245783386044,    0.68995110502483,    2.79083258673324,    1.92553802715589,    2.79083258673324,
  377,     0.60310177403592,    0.68461132745612,    2.79081168807766,    1.91062129445491,    2.79081168807766,
  378,     0.60374841908702,    0.68308032995299,    2.79063742053109,    1.90622952999554,    2.79063742053109,
  379,     0.60439897485544,    0.67014442150648,    2.78491609646287,    1.86629598640820,    2.78491609646287,
  380,     0.60505362976678,    0.66085332902066,    2.78051798445168,    1.83751456642672,    2.78051798445168,
  381,     0.60571217351975,    0.64997694552395,    2.77746251261085,    1.80528660025406,    2.77746251261085,
  382,     0.60637461143018,    0.64713014726475,    2.77537212869553,    1.79602697435722,    2.77537212869553,
  383,     0.60704034619013,    0.64057648672935,    2.77392554522285,    1.77691148020764,    2.77392554522285,
  384,     0.60770992267561,    0.63315497514799,    2.77123319249125,    1.75462008312108,    2.77123319249125,
  385,     0.60838373936438,    0.61867195060023,    2.76592728745239,    1.71120163014657,    2.76592728745239,
  386,     0.60906214391663,    0.61410484153172,    2.76219017953691,    1.69627436248500,    2.76219017953691,
  387,     0.60974437772440,    0.60544213219383,    2.75900866887765,    1.67042009122654,    2.75900866887765,
  388,     0.61043117609988,    0.59836605693229,    2.75734885706382,    1.64990396318802,    2.75734885706382,
  389,     0.61112127143569,    0.59110981557494,    2.75413592810270,    1.62799678052911,    2.75413592810270,
  390,     0.61181642971794,    0.57956965900562,    2.74867437079092,    1.59304826779677,    2.74867437079092,
  391,     0.61251606462773,    0.57148764211226,    2.74514477928187,    1.56881631716857,    2.74514477928187,
  392,     0.61322039114133,    0.55941492470681,    2.74060469279660,    1.53313516787193,    2.74060469279660,
  393,     0.61392945850588,    0.55230671778957,    2.73699554812619,    1.51166102779025,    2.73699554812619,
  394,     0.61464308794993,    0.53934127522872,    2.73267862239137,    1.47384637299081,    2.73267862239137,
  395,     0.61536174959894,    0.53268894343286,    2.72889679930619,    1.45365315275974,    2.72889679930619,
  396,     0.61608493989523,    0.52265386293458,    2.72455637885426,    1.42399991619122,    2.72455637885426,
  397,     0.61681375787579,    0.50812176623901,    2.71834616426454,    1.38125085423513,    2.71834616426454,
  398,     0.61754771750324,    0.50032723755615,    2.71362708177888,    1.35770154158399,    2.71362708177888,
  399,     0.61828682190676,    0.48726165667340,    2.70929150955410,    1.32013386935650,    2.70929150955410,
  400,     0.61903107822928,    0.48177370752921,    2.70575028717895,    1.30355934750242,    2.70575028717895,
  401,     0.61978057483469,    0.46579095589520,    2.69883416127269,    1.25709254378183,    2.69883416127269,
  402,     0.62053628092412,    0.45302673737703,    2.69133089862473,    1.21924485620595,    2.69133089862473,
  403,     0.62129764282153,    0.44239691836442,    2.68736782540849,    1.18888324447241,    2.68736782540849,
  404,     0.62206434469352,    0.43172874762338,    2.68256193357335,    1.15813910400378,    2.68256193357335,
  405,     0.62283683367832,    0.42002140484075,    2.67756338095386,    1.12463393281838,    2.67756338095386,
  406,     0.62361483180555,    0.40860725022264,    2.67085170202428,    1.09132936971659,    2.67085170202428,
  407,     0.62440001981195,    0.39082929165581,    2.66248711008363,    1.04057795127672,    2.66248711008363,
  408,     0.62519133398955,    0.38021129272267,    2.65697215474974,    1.01021081768554,    2.65697215474974,
  409,     0.62598850576560,    0.36864884537517,    2.65165557976308,    0.97752976781230,    2.65165557976308,
  410,     0.62679186991289,    0.35635819595746,    2.64624793817946,    0.94301214130577,    2.64624793817946,
  411,     0.62760150724277,    0.34314828349540,    2.63910191706486,    0.90560329281023,    2.63910191706486,
  412,     0.62841800259735,    0.32599965799848,    2.63046818251164,    0.85753172787467,    2.63046818251164,
  413,     0.62924193985458,    0.31061847227120,    2.62286988889399,    0.81471183785438,    2.62286988889399,
  414,     0.63007256304768,    0.29829783815867,    2.61628717677229,    0.78043280883343,    2.61628717677229,
  415,     0.63090994812126,    0.28519041112043,    2.60988898980301,    0.74431531398061,    2.60988898980301,
  416,     0.63175409630516,    0.27021699566283,    2.60333312037252,    0.70346485449660,    2.60333312037252,
  417,     0.63260546825569,    0.25516779232846,    2.59526461879054,    0.66222794328495,    2.59526461879054,
  418,     0.63346424296207,    0.23545879408088,    2.58625984721561,    0.60895762480518,    2.58625984721561,
  419,     0.63433126882031,    0.22027456254932,    2.57727797858826,    0.56770877930152,    2.57727797858826,
  420,     0.63520585611445,    0.20440507449509,    2.56935095961220,    0.52518837430356,    2.56935095961220,
  421,     0.63608821889913,    0.18799719736159,    2.56103707958701,    0.48146779330147,    2.56103707958701,
  422,     0.63697843762417,    0.17101013729749,    2.55261586936599,    0.43652319028804,    2.55261586936599,
  423,     0.63787686574601,    0.15328411260395,    2.54349293019711,    0.38987705671968,    2.54349293019711,
  424,     0.63878356942142,    0.13480035552326,    2.53435982114628,    0.34163260491438,    2.53435982114628,
  425,     0.63969894154207,    0.11554024067266,    2.52442840596595,    0.29167306558621,    2.52442840596595,
  426,     0.64062306560489,    0.09549099983223,    2.51450211855073,    0.24011232138067,    2.51450211855073,
  427,     0.64155635383363,    0.07465019571390,    2.50374697838282,    0.18690520195436,    2.50374697838282,
  428,     0.64249890814319,    0.05293241000284,    2.49300016573661,    0.13196050690993,    2.49300016573661,
  429,     0.64345116314861,    0.03038779597126,    2.48137721515002,    0.07540358454170,    2.48137721515002,
  430,     0.64441324683813,    0.00696240280758,    2.46972043932414,    0.01719518852068,    2.46972043932414,
  431,     0.64538562841921,    -0.01734295279039,    2.45725850981943,    -0.04261611832957,    2.45725850981943,
  432,     0.64636840812298,    -0.04233411891194,    2.44481243466394,    -0.10349898032646,    2.44481243466394,
  433,     0.64736204904145,    -0.06799048902005,    2.43164377070912,    -0.16532864909307,    2.43164377070912,
  434,     0.64836665907617,    -0.09427333468774,    2.41850175115914,    -0.22800022502990,    2.41850175115914,
  435,     0.64938270968474,    -0.12114489084781,    2.40460671238048,    -0.29130581770324,    2.40460671238048,
  436,     0.65041034975251,    -0.14862793244588,    2.39072125850864,    -0.35532795770656,    2.39072125850864,
  437,     0.65145005151305,    -0.17663209966748,    2.37616058629269,    -0.41970623350399,    2.37616058629269,
  438,     0.65250196991441,    -0.20535981093963,    2.36157735738924,    -0.48497307963275,    2.36157735738924,
  439,     0.65356657438761,    -0.23465569036751,    2.34653492575563,    -0.55062777297465,    2.34653492575563,
  440,     0.65464396508906,    -0.26470996163877,    2.33150351792354,    -0.61717220679020,    2.33150351792354,
  441,     0.65573459370135,    -0.29537314998027,    2.31614544279181,    -0.68412717524987,    2.31614544279181,
  442,     0.65683854926394,    -0.32656546152936,    2.30090127346336,    -0.75139488630204,    2.30090127346336,
  443,     0.65795620271524,    -0.35815306113922,    2.28529927038415,    -0.81848692930731,    2.28529927038415,
  444,     0.65908776837878,    -0.38982962571873,    2.26987572966508,    -0.88486480612337,    2.26987572966508,
  445,     0.66023347322909,    -0.42135323590151,    2.25403259619908,    -0.94974392823595,    2.25403259619908,
  446,     0.66139373954581,    -0.45289210965133,    2.23822288088896,    -1.01367348239568,    2.23822288088896,
  447,     0.66256860877837,    -0.48397220553769,    2.22261048322444,    -1.07568169761732,    2.22261048322444,
  448,     0.66375839521462,    -0.51543943755457,    2.20694950103193,    -1.13754880952323,    2.20694950103193,
  449,     0.66496299888249,    -0.54671433549812,    2.19216518424664,    -1.19848813200752,    2.19216518424664,
  450,     0.66618249813658,    -0.57766649888883,    2.17767076927848,    -1.25796744902164,    2.17767076927848,
  451,     0.66741652028091,    -0.60814209000156,    2.16377805662222,    -1.31588450965375,    2.16377805662222,
  452,     0.66866553103891,    -0.63664985591406,    2.15037840896049,    -1.36903810422540,    2.15037840896049,
  453,     0.66992875681270,    -0.66303323474515,    2.13689348665185,    -1.41683140076062,    2.13689348665185,
  454,     0.67120744528196,    -0.68813921983528,    2.12333065414798,    -1.46114709979773,    2.12333065414798,
  455,     0.67250047760692,    -0.71059959631534,    2.11099778925319,    -1.50007417686589,    2.11099778925319,
  456,     0.67380864203709,    -0.73313812276181,    2.09765846400915,    -1.53787338849909,    2.09765846400915,
  457,     0.67513160556882,    -0.75705883238255,    2.08684432064338,    -1.57986392475043,    2.08684432064338,
  458,     0.67646848512689,    -0.77981937447046,    2.07931768719039,    -1.62149221815018,    2.07931768719039,
  459,     0.67781622663846,    -0.80320520470787,    2.06945153355962,    -1.66219424264576,    2.06945153355962,
  460,     0.67917969633420,    -0.82840311957014,    2.05757141188522,    -1.70449857634406,    2.05757141188522,
  461,     0.68055803486565,    -0.84968849403396,    2.04469684391876,    -1.73735538206531,    2.04469684391876,
  462,     0.68195319218786,    -0.86596528366443,    2.03039209362677,    -1.75824906530753,    2.03039209362677,
  463,     0.68336409650368,    -0.88463969125842,    2.02124534141917,    -1.78807385479058,    2.02124534141917,
  464,     0.68478863652413,    -0.90851146563892,    2.01547040054191,    -1.83107796754819,    2.01547040054191,
  465,     0.68622430335907,    -0.93670699394484,    2.00520827780504,    -1.87829261813606,    2.00520827780504,
  466,     0.68767708620754,    -0.95707502256752,    1.99153672606686,    -1.90605005704450,    1.99153672606686,
  467,     0.68914683274607,    -0.97802021560653,    1.98051356662399,    -1.93698230544126,    1.98051356662399,
  468,     0.69063217679640,    -1.00042896031092,    1.96950862498280,    -1.97035346601492,    1.96950862498280,
  469,     0.69213363187486,    -1.02362218733289,    1.95919289267399,    -2.00547331420599,    1.95919289267399,
  470,     0.69365051262060,    -1.04471822752646,    1.94875161981054,    -2.03589633813779,    1.94875161981054,
  471,     0.69518309569848,    -1.05439947368434,    1.94007499956149,    -2.04561405844577,    1.94007499956149,
  472,     0.69673002755408,    -1.07455488031962,    1.93151198206578,    -2.07551562672460,    1.93151198206578,
  473,     0.69829202221801,    -1.09411834991612,    1.92312845884460,    -2.10413013606779,    1.92312845884460,
  474,     0.69986848290575,    -1.10239163189997,    1.91525572460451,    -2.11136188375253,    1.91525572460451,
  475,     0.70145821300878,    -1.10750644685840,    1.91009996100747,    -2.11544802095975,    1.91009996100747,
  476,     0.70306035852785,    -1.11989889611006,    1.90477989856724,    -2.13316090573807,    1.90477989856724,
  477,     0.70467596315311,    -1.13442958615484,    1.89744985035511,    -2.15252324848792,    1.89744985035511,
  478,     0.70630586552377,    -1.14144619428012,    1.89017352116422,    -2.15753137226196,    1.89017352116422,
  479,     0.70794841081494,    -1.14407002304566,    1.88692074058289,    -2.15876945516401,    1.88692074058289,
  480,     0.70960191998684,    -1.15010389094147,    1.88377395086314,    -2.16653575054189,    1.88377395086314,
  481,     0.71126745146461,    -1.15867784351794,    1.87796399734933,    -2.17595527465306,    1.87796399734933,
  482,     0.71294641240603,    -1.16443791008371,    1.87195421582424,    -2.17977445484677,    1.87195421582424,
  483,     0.71463786834024,    -1.16755666284671,    1.86855946751965,    -2.18164905622787,    1.86855946751965,
  484,     0.71634052160248,    -1.17189940152608,    1.86536133400143,    -2.18601583094617,    1.86536133400143,
  485,     0.71805513685976,    -1.17786987963065,    1.86022455793473,    -2.19110247614056,    1.86022455793473,
  486,     0.71978282964185,    -1.18276157575734,    1.85488113545286,    -2.19388213461079,    1.85488113545286,
  487,     0.72152283197851,    -1.18544540463827,    1.85173353816849,    -2.19512901343641,    1.85173353816849,
  488,     0.72327396128359,    -1.18743048876756,    1.84882597475289,    -2.19535233084698,    1.84882597475289,
  489,     0.72503663109507,    -1.19048249408934,    1.84461545797057,    -2.19598241104055,    1.84461545797057,
  490,     0.72681174586912,    -1.19427101619571,    1.84014375199618,    -2.19763034864267,    1.84014375199618,
  491,     0.72859909515850,    -1.19690409431390,    1.83672374091974,    -2.19838216563038,    1.83672374091974,
  492,     0.73039795729929,    -1.19767434783435,    1.83350306916331,    -2.19593959261244,    1.83350306916331,
  493,     0.73220789651086,    -1.19745534043524,    1.83095157791246,    -2.19248274504960,    1.83095157791246,
  494,     0.73402874206226,    -1.19679122795623,    1.82831554693176,    -2.18811200850393,    1.82831554693176,
  495,     0.73586029881839,    -1.19547158357443,    1.82617232228973,    -2.18313711800750,    1.82617232228973,
  496,     0.73770230286247,    -1.19336423021831,    1.82406257623048,    -2.17677103215331,    1.82406257623048,
  497,     0.73955453866316,    -1.19068015355622,    1.82233084112245,    -2.16981316573790,    1.82233084112245,
  498,     0.74141685657209,    -1.18761483728731,    1.82058373561374,    -2.16215225693883,    1.82058373561374,
  499,     0.74328915978876,    -1.18420588386480,    1.81902879969727,    -2.15410460752103,    1.81902879969727,
  500,     0.74517135518023,    -1.18044324854384,    1.81747324593526,    -2.14542402257334,    1.81747324593526,
  501,     0.74706334229903,    -1.17633260342005,    1.81610925154963,    -2.13634852397063,    1.81610925154963,
  502,     0.74896502184435,    -1.17187770542109,    1.81474539699947,    -2.12665967175922,    1.81474539699947,
  503,     0.75087629585021,    -1.16709179010438,    1.81355822239294,    -2.11658891223109,    1.81355822239294,
  504,     0.75279706809846,    -1.16197955539382,    1.81237084272706,    -2.10593786604071,    1.81237084272706,
  505,     0.75472724378924,    -1.15655153332016,    1.81134618679175,    -2.09491520970762,    1.81134618679175,
  506,     0.75666672901877,    -1.15081279806283,    1.81032143076739,    -2.08334107113452,    1.81032143076739,
  507,     0.75861543162013,    -1.14477200982538,    1.80944678754085,    -2.07140403564522,    1.80944678754085,
  508,     0.76057325990220,    -1.13843515840290,    1.80857208930580,    -2.05894205297191,    1.80857208930580,
  509,     0.76254012404490,    -1.13180892206914,    1.80783591476464,    -2.04612481796764,    1.80783591476464,
  510,     0.76451593447016,    -1.12490022733830,    1.80709972706786,    -2.03280689380161,    1.80709972706786,
  511,     0.76650060342680,    -1.11771391595989,    1.80649141335517,    -2.01914059176912,    1.80649141335517,
  512,     0.76849404335046,    -1.11025775522413,    1.80588311754392,    -2.00499573628147,    1.80588311754392,
  513,     0.77049616831929,    -1.10253499411103,    1.80539288873702,    -1.99050883795177,    1.80539288873702,
  514,     0.77250689267919,    -1.09455405542074,    1.80490269848748,    -1.97556356826931,    1.80490269848748,
  515,     0.77452613213463,    -1.08631688773596,    1.80452152625539,    -1.96028220825430,    1.80452152625539,
  516,     0.77655380283248,    -1.07783234875346,    1.80414040416991,    -1.94456088930747,    1.80414040416991,
  517,     0.77858982193417,    -1.06910138418766,    1.80385993342568,    -1.92850915170606,    1.80385993342568,
  518,     0.78063410727336,    -1.06013306761269,    1.80357951726525,    -1.91203428632182,    1.80357951726525,
  519,     0.78268657732810,    -1.05092761652676,    1.80339200088626,    -1.89523445715483,    1.80339200088626,
  520,     0.78474715150229,    -1.04149412549357,    1.80320453837858,    -1.87802693378462,    1.80320453837858,
  521,     0.78681574947391,    -1.03183231976590,    1.80310277968440,    -1.86049972393809,    1.80310277968440,
  522,     0.78889229210103,    -1.02195115609070,    1.80300107081635,    -1.84257902875354,    1.80300107081635,
  523,     0.79097670016351,    -1.01185005823351,    1.80297837275952,    -1.82434377147047,    1.80297837275952,
  524,     0.79306889586052,    -1.00153772593922,    1.80295571856752,    -1.80572817034322,    1.80295571856752,
  525,     0.79516880099021,    -0.99101342743657,    1.80300583864802,    -1.78680299584673,    1.80300583864802,
  526,     0.79727633898471,    -0.98028552415708,    1.80305599582637,    -1.76750969195322,    1.80305599582637,
  527,     0.79939143258776,    -0.96935323390232,    1.80317310603558,    -1.74791168162128,    1.80317310603558,
  528,     0.80151400636263,    -0.95822453178971,    1.80329024649096,    -1.72795695212476,    1.80329024649096,
  529,     0.80364398393424,    -0.94689865552120,    1.80346889758068,    -1.70770227439344,    1.80346889758068,
  530,     0.80578129090233,    -0.93538317344510,    1.80364757245394,    -1.68710159009852,    1.80364757245394,
  531,     0.80792585171479,    -0.92367738501385,    1.80388266201344,    -1.66620562012040,    1.80388266201344,
  532,     0.81007759292053,    -0.91178845302475,    1.80411776954113,    -1.64497375016437,    1.80411776954113,
  533,     0.81223643973722,    -0.89971575845600,    1.80440451340204,    -1.62345117533694,    1.80440451340204,
  534,     0.81440231958293,    -0.88746607578871,    1.80469127014818,    -1.60160227952855,    1.80469127014818,
  535,     0.81657515839586,    -0.87503887062886,    1.80502517671859,    -1.57946719209249,    1.80502517671859,
  536,     0.81875488439021,    -0.86244055793773,    1.80535909183942,    -1.55701490244394,    1.80535909183942,
  537,     0.82094142417885,    -0.84967067894034,    1.80573593902874,    -1.53428088130152,    1.80573593902874,
  538,     0.82313470670560,    -0.83673532542257,    1.80611279111462,    -1.51123837402316,    1.80611279111462,
  539,     0.82533465921510,    -0.82363409696225,    1.80652860552822,    -1.48791855665071,    1.80652860552822,
  540,     0.82754121132019,    -0.81037280305744,    1.80694442177176,    -1.46429861604018,    1.80694442177176,
  541,     0.82975429085717,    -0.79695107902840,    1.80739545997374,    -1.44040576205709,    1.80739545997374,
  542,     0.83197382805260,    -0.78337449511800,    1.80784649740623,    -1.41622083715646,    1.80784649740623,
  543,     0.83419975129693,    -0.76964269672610,    1.80832922892503,    -1.39176738431849,    1.80832922892503,
  544,     0.83643199137988,    -0.75576105827235,    1.80881195744941,    -1.36702963917764,    1.80881195744941,
  545,     0.83867047721109,    -0.74172920825399,    1.80932304943657,    -1.34202775293427,    1.80932304943657,
  546,     0.84091514009699,    -0.72755236779841,    1.80983413646228,    -1.31674911130552,    1.80983413646228,
  547,     0.84316590943392,    -0.71323012139934,    1.81037043975695,    -1.29121072852562,    1.81037043975695,
  548,     0.84542271700227,    -0.69876757762082,    1.81090673629557,    -1.26540291341848,    1.81090673629557,
  549,     0.84768549265500,    -0.68416425084783,    1.81146527276372,    -1.23933978127725,    1.81146527276372,
  550,     0.84995416860680,    -0.66942517511974,    1.81202380078751,    -1.21301435016332,    1.81202380078751,
  551,     0.85222867513960,    -0.65454977034345,    1.81260175180092,    -1.18643806036544,    1.81260175180092,
  552,     0.85450894486556,    -0.63954303089238,    1.81317969273053,    -1.15960643624140,    1.81317969273053,
  553,     0.85679490847014,    -0.62440426031914,    1.81377438869913,    -1.13252845556148,    1.81377438869913,
  554,     0.85908649892855,    -0.60913844442178,    1.81436907293988,    -1.10520195469759,    1.81436907293988,
  555,     0.86138364730661,    -0.59374475141285,    1.81497798371125,    -1.07763365175844,    1.81497798371125,
  556,     0.86368628691033,    -0.57822818569393,    1.81558688109671,    -1.04982350822625,    1.81558688109671,
  557,     0.86599434916475,    -0.56258776430205,    1.81620760722845,    -1.02177617725904,    1.81620760722845,
  558,     0.86830776767636,    -0.54682853324598,    1.81682831827963,    -0.99349356444462,    1.81682831827963,
  559,     0.87062647421032,    -0.53094934620889,    1.81745858302659,    -0.96497844641970,    1.81745858302659,
  560,     0.87295040264497,    -0.51495530930117,    1.81808883097462,    -0.93623449629153,    1.81808883097462,
  561,     0.87527948506827,    -0.49884510443126,    1.81872647295502,    -0.90726279733313,    1.81872647295502,
  562,     0.87761365560347,    -0.48262391178374,    1.81936409641502,    -0.87806861717071,    1.81936409641502,
  563,     0.87995284664567,    -0.46629023714720,    1.82000706290125,    -0.84865152496981,    1.82000706290125,
  564,     0.88229699253756,    -0.44984934398097,    1.82065000915519,    -0.81901821223741,    1.82065000915519,
  565,     0.88464602596722,    -0.43329956175331,    1.82129634988625,    -0.78916691022862,    1.82129634988625,
  566,     0.88699988147285,    -0.41664624177173,    1.82194266872347,    -0.75910556564719,    1.82194266872347,
  567,     0.88935849202256,    -0.39988754101029,    1.82259053023705,    -0.72883124540513,    1.82259053023705,
  568,     0.89172179232761,    -0.38302889873214,    1.82323836828145,    -0.69835298432903,    1.82323836828145,
  569,     0.89408971562428,    -0.36606830721351,    1.82388598869136,    -0.66766685643068,    1.82388598869136,
  570,     0.89646219677590,    -0.34901128936327,    1.82453358418548,    -0.63678281870317,    1.82453358418548,
  571,     0.89883916927594,    -0.33185568445703,    1.82517928837194,    -0.60569612199947,    1.82517928837194,
  572,     0.90122056812032,    -0.31460709054829,    1.82582496636380,    -0.57441748051815,    1.82582496636380,
  573,     0.90360632704938,    -0.29726320929872,    1.82646716154389,    -0.54294149011925,    1.82646716154389,
  574,     0.90599638117365,    -0.27982970151743,    1.82710932945853,    -0.51127945830209,    1.82710932945853,
  575,     0.90839066447051,    -0.26230414985696,    1.82774650108327,    -0.47942549212068,    1.82774650108327,
  576,     0.91078911214873,    -0.24469226223156,    1.82838364462738,    -0.44739133023105,    1.82838364462738,
  577,     0.91319165841316,    -0.22699152362276,    1.82901435262799,    -0.41517075463092,    1.82901435262799,
  578,     0.91559823855599,    -0.20920767049226,    1.82964503200355,    -0.38277577497321,    1.82964503200355,
  579,     0.91800878700016,    -0.19133811391107,    1.83026790728119,    -0.35020000933114,    1.83026790728119,
  580,     0.92042323910810,    -0.17338859796362,    1.83089075369661,    -0.31745558080802,    1.83089075369661,
  581,     0.92284152951138,    -0.15535648523522,    1.83150449490413,    -0.28453610102082,    1.83150449490413,
  582,     0.92526359363113,    -0.13724750489893,    1.83211820733461,    -0.25145365263657,    1.83211820733461,
  583,     0.92768936629802,    -0.11905899761609,    1.83272157789824,    -0.21820199397394,    1.83272157789824,
  584,     0.93011878298193,    -0.10079665397355,    1.83332492009257,    -0.18479301759165,    1.83332492009257,
  585,     0.93255177870287,    -0.08245781991659,    1.83391674543943,    -0.15122077673747,    1.83391674543943,
  586,     0.93498828897109,    -0.06404812327978,    1.83450854314408,    -0.11749682932910,    1.83450854314408,
  587,     0.93742824898599,    -0.04556494230125,    1.83508770815185,    -0.08361566553966,    1.83508770815185,
  588,     0.93987159429131,    -0.02701381823755,    1.83566684655393,    -0.04958837053751,    1.83566684655393,
  589,     0.94231826025557,    -0.00839218792451,    1.83623229316646,    -0.01541000647730,    1.83623229316646,
  590,     0.94476818245059,    0.01029451700404,    1.83679771451538,    0.01890894530506,    1.83679771451538,
  591,     0.94722129640342,    0.02904877613502,    1.83734843955327,    0.05337272350261,    1.83734843955327,
  592,     0.94967753770997,    0.04786528912347,    1.83789914093683,    0.08797157376072,    1.83789914093683,
  593,     0.95213684204498,    0.06674642865796,    1.83843419407292,    0.12270891677704,    1.83843419407292,
  594,     0.95459914502565,    0.08568704557639,    1.83896922539717,    0.15757583983019,    1.83896922539717,
  595,     0.95706438246335,    0.10468938460758,    1.83948770724656,    0.19257483606485,    1.83948770724656,
  596,     0.95953248999491,    0.12374846539003,    1.84000616932264,    0.22769793976187,    1.84000616932264,
  597,     0.96200340355714,    0.14286638611889,    1.84050722971627,    0.26294661653525,    1.84050722971627,
  598,     0.96447705880582,    0.16203835030084,    1.84100827252730,    0.29831394337053,    1.84100827252730,
  599,     0.96695339179190,    0.18126629390534,    1.84149110886945,    0.33380026856439,    1.84149110886945,
  600,     0.96943233819030,    0.20054561655636,    1.84197392993619,    0.36939979745979,    1.84197392993619,
  601,     0.97191383415482,    0.21987807923440,    1.84243778571149,    0.40511168143113,    1.84243778571149,
  602,     0.97439781538037,    0.23925928702746,    1.84290162859765,    0.44093132972002,    1.84290162859765,
  603,     0.97688421811244,    0.25869081630660,    1.84334579197992,    0.47685662766263,    1.84334579197992,
  604,     0.97937297806737,    0.27816848394561,    1.84378994488475,    0.51288425368275,    1.84378994488475,
  605,     0.98186403157129,    0.29769367501655,    1.84421374746220,    0.54901076799806,    1.84421374746220,
  606,     0.98435731436385,    0.31726242173719,    1.84463754196333,    0.58523417379062,    1.84463754196333,
  607,     0.98685276284107,    0.33687591414994,    1.84504035752966,    0.62154965708634,    1.84504035752966,
  608,     0.98935031276805,    0.35653040052029,    1.84544316737278,    0.65795659160084,    1.84544316737278,
  609,     0.99184990060032,    0.37622687485815,    1.84582441085532,    0.69444874963298,    1.84582441085532,
  610,     0.99435146213069,    0.39596179969855,    1.84620565089024,    0.73102691214013,    1.84620565089024,
  611,     0.99685493386425,    0.41573597449624,    1.84656477731380,    0.76768340716698,    1.84656477731380,
  612,     0.99936025162391,    0.43554607191059,    1.84692390246728,    0.80442045083740,    1.84692390246728,
  613,     1.00186735195480,    0.45539270068302,    1.84726040604884,    0.84122890517540,    1.84726040604884,
  614,     1.00437617071225,    0.47527273737216,    1.84759691041553,    0.87811244117353,    1.84759691041553,
  615,     1.00688664447244,    0.49518660569247,    1.84791032371665,    0.91506044082531,    1.84791032371665,
  616,     1.00939870912534,    0.51513137830319,    1.84822373970473,    0.95207804244678,    1.84822373970473,
  617,     1.01191230126981,    0.53510730103325,    1.84851363284393,    0.98915314099429,    1.84851363284393,
  618,     1.01442735683244,    0.55511163357941,    1.84880353042383,    1.02629234794096,    1.84880353042383,
  619,     1.01694381242695,    0.57514445226340,    1.84906951037344,    1.06348207074068,    1.84906951037344,
  620,     1.01946160401837,    0.59520319375167,    1.84933549635674,    1.10073039374986,    1.84933549635674,
  621,     1.02198066822800,    0.61528777402086,    1.84957720632379,    1.13802224215868,    1.84957720632379,
  622,     1.02450094106084,    0.63539579603505,    1.84981892375193,    1.17536716757805,    1.84981892375193,
  623,     1.02702235913913,    0.65552702515271,    1.85003604257736,    1.21274862341602,    1.85003604257736,
  624,     1.02954485850909,    0.67567921967713,    1.85025317012740,    1.25017761819682,    1.85025317012740,
  625,     1.03206837578783,    0.69585200408137,    1.85044541180573,    1.28763614824818,    1.85044541180573,
  626,     1.03459284706365,    0.71604328125183,    1.85063766330817,    1.32513666484339,    1.85063766330817,
  627,     1.03711820894306,    0.73625254429888,    1.85080477651152,    1.36265972570713,    1.85080477651152,
  628,     1.03964439755705,    0.75647783026213,    1.85097190048632,    1.40021920715606,    1.85097190048632,
  629,     1.04217134949652,    0.77671850992692,    1.85111366818594,    1.43779425005875,    1.85111366818594,
  630,     1.04469900093543,    0.79697274475544,    1.85125544745011,    1.47540013519777,    1.85125544745011,
  631,     1.04722728844460,    0.81723979145339,    1.85137168658453,    1.51301461104705,    1.85137168658453,
  632,     1.04975614824092,    0.83751792707131,    1.85148793792004,    1.55065433976432,    1.85148793792004,
  633,     1.05228551687114,    0.85780630150338,    1.85157849909433,    1.58829570425129,    1.85157849909433,
  634,     1.05481533059467,    0.87810329970246,    1.85166907297659,    1.62595672293773,    1.85166907297659,
  635,     1.05734552593070,    0.89840797071379,    1.85173384023796,    1.66361244171025,    1.85173384023796,
  636,     1.05987603918043,    0.91871880110881,    1.85179862058722,    1.70128220860084,    1.85179862058722,
  637,     1.06240680683236,    0.93903474369723,    1.85183751126548,    1.73893976276009,    1.85183751126548,
  638,     1.06493776522849,    0.95935438173643,    1.85187641527453,    1.77660575342798,    1.85187641527453,
  639,     1.06746885082388,    0.97967657497514,    1.85188937983582,    1.81425264487039,    1.85188937983582,
  640,     1.07000000000000,    0.99999999999605,    1.85190235785788,    1.85190235785057,    1.85190235785788,
