 indi,                  x_v,                   v,                   H,                   q,                 eta
    0,     3.60000000000000,    11.99999999999948,    1.99999999999910,    23.99999999998815,    1.99999999999910,
    1,     3.61835505281801,    11.99999999999987,    2.00000000000041,    24.00000000000472,    2.00000000000041,
    2,     3.65584128777495,    11.99999999999983,    1.99999999999997,    23.99999999999928,    1.99999999999997,
    3,     3.70040871222505,    12.00000000000066,    1.99999999999981,    23.99999999999901,    1.99999999999981,
    4,     3.73789494718199,    11.99999999999914,    2.00000000000048,    24.00000000000410,    2.00000000000048,
    5,     3.75625000000000,    11.99999999999911,    1.99999999999967,    23.99999999999428,    1.99999999999967,
    6,     3.77460505281801,    12.00000000000049,    1.99999999999972,    23.99999999999763,    1.99999999999972,
    7,     3.81209128777495,    12.00000000000066,    2.00000000000010,    24.00000000000253,    2.00000000000010,
    8,     3.85665871222505,    11.99999999999831,    2.00000000000020,    23.99999999999899,    2.00000000000020,
    9,     3.89414494718198,    12.00000000000133,    2.00000000000008,    24.00000000000357,    2.00000000000008,
   10,     3.91249999999999,    12.00000000000268,    2.00000000000037,    24.00000000000985,    2.00000000000037,
   11,     3.93085505281801,    11.99999999999947,    1.99999999999933,    23.99999999999093,    1.99999999999933,
   12,     3.96834128777495,    11.99999999999916,    2.00000000000034,    24.00000000000246,    2.00000000000034,
   13,     4.01290871222504,    12.00000000000076,    1.99999999999991,    24.00000000000045,    1.99999999999991,
   14,     4.05039494718199,    12.00000000000033,    1.99999999999921,    23.99999999999122,    1.99999999999921,
   15,     4.06875000000000,    11.99999999999762,    2.00000000000138,    24.00000000001184,    2.00000000000138,
   16,     4.08710505281801,    11.99999999999948,    2.00000000000042,    24.00000000000397,    2.00000000000042,
   17,     4.12459128777495,    12.00000000000085,    1.99999999999979,    23.99999999999915,    1.99999999999979,
   18,     4.16915871222505,    11.99999999999883,    2.00000000000011,    23.99999999999895,    2.00000000000011,
   19,     4.20664494718198,    12.00000000000008,    2.00000000000014,    24.00000000000180,    2.00000000000014,
   20,     4.22499999999999,    12.00000000000245,    1.99999999999985,    24.00000000000314,    1.99999999999985,
   21,     4.24335505281801,    12.00000000000121,    1.99999999999964,    23.99999999999808,    1.99999999999964,
   22,     4.28084128777495,    11.99999999999892,    2.00000000000012,    23.99999999999930,    2.00000000000012,
   23,     4.32540871222504,    12.00000000000054,    2.00000000000023,    24.00000000000384,    2.00000000000023,
   24,     4.36289494718198,    11.99999999999999,    1.99999999999950,    23.99999999999399,    1.99999999999950,
   25,     4.38125000000000,    11.99999999999807,    1.99999999999914,    23.99999999998585,    1.99999999999914,
   26,     4.39960505281801,    12.00000000000047,    2.00000000000061,    24.00000000000828,    2.00000000000061,
   27,     4.43709128777494,    12.00000000000044,    1.99999999999970,    23.99999999999728,    1.99999999999970,
   28,     4.48165871222505,    11.99999999999854,    1.99999999999998,    23.99999999999681,    1.99999999999998,
   29,     4.51914494718198,    12.00000000000058,    2.00000000000096,    24.00000000001270,    2.00000000000096,
   30,     4.53749999999999,    12.00000000000381,    1.99999999999929,    23.99999999999909,    1.99999999999929,
   31,     4.55585505281801,    12.00000000000003,    1.99999999999889,    23.99999999998677,    1.99999999999889,
   32,     4.59334128777495,    11.99999999999917,    2.00000000000051,    24.00000000000446,    2.00000000000051,
   33,     4.63790871222504,    12.00000000000030,    2.00000000000014,    24.00000000000231,    2.00000000000014,
   34,     4.67539494718199,    11.99999999999970,    1.99999999999894,    23.99999999998666,    1.99999999999894,
   35,     4.69375000000000,    11.99999999999946,    2.00000000000032,    24.00000000000275,    2.00000000000032,
   36,     4.71210505281801,    12.00000000000069,    2.00000000000076,    24.00000000001049,    2.00000000000076,
   37,     4.74959128777493,    11.99999999999964,    2.00000000000026,    24.00000000000242,    2.00000000000026,
   38,     4.79415871222506,    12.00000000000210,    1.99999999999792,    23.99999999997922,    1.99999999999792,
   39,     4.83164494718196,    11.99999999997448,    2.00000000001052,    24.00000000007518,    2.00000000001052,
   40,     4.84999999999979,    12.00000000010958,    2.00000000004932,    24.00000000081099,    2.00000000004932,
   41,     4.86835505281801,    11.99999999999559,    1.99999999994048,    23.99999999927692,    1.99999999994048,
   42,     4.90584128777489,    11.99999999996384,    2.00000000006074,    24.00000000065659,    2.00000000006074,
   43,     4.95040871222522,    12.00000000013801,    1.99999999988232,    23.99999999886387,    1.99999999988232,
   44,     4.98789494718134,    11.99999999888780,    2.00000000053864,    24.00000000423923,    2.00000000053864,
   45,     5.00624999998853,    12.00000000615203,    2.00000000376517,    24.00000005748615,    2.00000000376517,
   46,     5.02460505281780,    11.99999999880839,    1.99999999586883,    23.99999994804273,    1.99999999399814,
   47,     5.06209128777352,    11.99999999850428,    2.00000000424303,    24.00000004792496,    2.00000000886965,
   48,     5.10665871222985,    12.00000000773116,    1.99999999229685,    23.99999992302453,    1.99999998458351,
   49,     5.14414494715484,    11.99999993400939,    2.00000003268854,    24.00000026028129,    2.00000005272681,
   50,     5.16249999929436,    12.00000013355188,    2.00000022944678,    24.00000302046513,    2.00000031724865,
   51,     5.18085505074265,    11.99999951803232,    2.00000002680668,    23.99999935774484,    2.00000044987031,
   52,     5.21834128270185,    11.99999582193751,    2.00000059665458,    23.99999880372749,    2.00000503815498,
   53,     5.26290865502153,    11.99997024112978,    2.00000509591743,    24.00000163311709,    2.00003637257633,
   54,     5.30039470663813,    11.99990397242920,    2.00001599395688,    23.99999987080505,    2.00011803555364,
   55,     5.31874957206517,    11.99984388449867,    2.00002529971131,    23.99999136158340,    2.00019009330697,
   56,     5.33710432809168,    11.99976078106857,    2.00004002089777,    24.00000180333659,    2.00029252397294,
   57,     5.37458943673579,    11.99949852472311,    2.00008372397731,    24.00000169518838,    2.00061338704974,
   58,     5.41915411944493,    11.99898235351525,    2.00016937151822,    23.99999699288882,    2.00124514261135,
   59,     5.45663622740677,    11.99833910506182,    2.00027683067909,    23.99999971848607,    2.00203017302101,
   60,     5.47498844597567,    11.99794993040329,    2.00034232734838,    24.00000708719229,    2.00250763958899,
   61,     5.49334003147337,    11.99750916081307,    2.00041511649814,    23.99999868561535,    2.00304735491374,
   62,     5.53081687664332,    11.99644014638998,    2.00059351989166,    24.00000041863592,    2.00435417932438,
   63,     5.57536827340613,    11.99487868781144,    2.00085403033037,    24.00000136583141,    2.00626269667631,
   64,     5.61283614492926,    11.99332891116201,    2.00111239925768,    23.99999919250189,    2.00815942919452,
   65,     5.63118036062916,    11.99249143687538,    2.00125215099745,    23.99999928386540,    2.00918206181283,
   66,     5.64952325629053,    11.99160533705835,    2.00140012580660,    24.00000043021172,    2.01026390191967,
   67,     5.68698027344553,    11.98965643789576,    2.00172520700877,    23.99999751511088,    2.01264703663229,
   68,     5.73150462487494,    11.98710695814319,    2.00215133818544,    24.00000223721844,    2.01576360494644,
   69,     5.76894699097611,    11.98478526126560,    2.00253917006758,    24.00000193053301,    2.01859855960183,
   70,     5.78727786887539,    11.98359802286963,    2.00273689135131,    23.99999385152561,    2.02004983825288,
   71,     5.80560690677674,    11.98237767045418,    2.00294123001195,    23.99999826972721,    2.02154123623155,
   72,     5.84303408320695,    11.97979271321211,    2.00337380290230,    24.00000288584896,    2.02469756924155,
   73,     5.88752053622875,    11.97658085288423,    2.00391052130293,    23.99999638032989,    2.02861864104041,
   74,     5.92492926887674,    11.97378098571737,    2.00437927475118,    23.99999844818168,    2.03203763697051,
   75,     5.94324314505017,    11.97238043452462,    2.00461490392479,    24.00001225450562,    2.03374728450670,
   76,     5.96155486488415,    11.97096451468271,    2.00485129072054,    24.00000365843136,    2.03547472342626,
   77,     5.99894582696311,    11.96802788005508,    2.00534259889931,    23.99999613268906,    2.03905729661128,
   78,     6.04338792779340,    11.96447247774316,    2.00593903950061,    24.00000243013562,    2.04339452755459,
   79,     6.08075844822811,    11.96144176143311,    2.00644721037026,    24.00000145423375,    2.04709051524885,
   80,     6.09905338436985,    11.95994742196247,    2.00669673148133,    23.99998740034059,    2.04891122409908,
   81,     6.11734603209432,    11.95844721154319,    2.00694922212671,    23.99999632904993,    2.05074008741014,
   82,     6.15469766258208,    11.95537397745332,    2.00746583968552,    24.00000486040280,    2.05448769579180,
   83,     6.19909253680518,    11.95170734199062,    2.00808122683525,    23.99999914208034,    2.05895491257725,
   84,     6.23642309607398,    11.94862093637041,    2.00859974265313,    23.99999693785335,    2.06271326561938,
   85,     6.25469840565142,    11.94711291691682,    2.00885407549414,    24.00000647353708,    2.06455177696861,
   86,     6.27297140770847,    11.94560688646521,    2.00910703321695,    24.00000281164207,    2.06638649009500,
   87,     6.31028292863125,    11.94253631171158,    2.00962306487801,    23.99999642515871,    2.07012262567344,
   88,     6.35463019670930,    11.93890982104220,    2.01023380249383,    24.00000008718459,    2.07453788617929,
   89,     6.39192085757785,    11.93588293102423,    2.01074395519621,    24.00000445348662,    2.07822274916429,
   90,     6.41017670595876,    11.93440743645048,    2.01099232240067,    24.00000172710337,    2.08001587734468,
   91,     6.42843030653693,    11.93293926846214,    2.01123930875111,    23.99999652567073,    2.08180066412432,
   92,     6.46570240464295,    11.92996568829510,    2.01174094357282,    24.00000043056218,    2.08541972501301,
   93,     6.51000321245595,    11.92646721205638,    2.01233112055448,    24.00000112909363,    2.08967238065930,
   94,     6.54725519589448,    11.92356229443831,    2.01282097423058,    23.99999627379033,    2.09320302914104,
   95,     6.56549225711987,    11.92215451787652,    2.01305830619677,    23.99999217997272,    2.09491533462567,
   96,     6.58372716607014,    11.92075402720284,    2.01329591644338,    24.00000540389341,    2.09661845181232,
   97,     6.62096140377539,    11.91792000608272,    2.01377432488875,    24.00000131432735,    2.10005961941296,
   98,     6.66521781728302,    11.91460503345212,    2.01433422486316,    23.99999669460948,    2.10408749166341,
   99,     6.70243299318729,    11.91185841290021,    2.01479916221278,    24.00000235070862,    2.10742217662346,
  100,     6.72065220257797,    11.91052849543226,    2.01502479253885,    24.00001021053644,    2.10903691896415,
  101,     6.73886939129080,    11.90921005677168,    2.01524648994601,    23.99999376493879,    2.11063704342270,
  102,     6.77606785169463,    11.90654830958062,    2.01569754517689,    24.00000019915164,    2.11386970242145,
  103,     6.82028239586239,    11.90343632809821,    2.01622484341770,    24.00000404675241,    2.11764481993311,
  104,     6.85746295819905,    11.90086982721277,    2.01665906421282,    23.99999700906555,    2.12076051264588,
  105,     6.87566543563212,    11.89962715115849,    2.01686919271117,    23.99999140592092,    2.12226675991915,
  106,     6.89386601477810,    11.89839433370552,    2.01707937318376,    24.00000578452387,    2.12376194424060,
  107,     6.93103095417298,    11.89591175368000,    2.01749957893973,    23.99999695415355,    2.12677191021664,
  108,     6.97520641874776,    11.89301905689922,    2.01799040551027,    23.99999834937346,    2.13028125484642,
  109,     7.01235471300522,    11.89062945220268,    2.01839653791270,    24.00000531992865,    2.13317551060746,
  110,     7.03054158893276,    11.88947852184402,    2.01859165919211,    24.00000217633804,    2.13457205146639,
  111,     7.04872671798781,    11.88833735808682,    2.01878469158969,    23.99999346695945,    2.13595543262871,
  112,     7.08586053294484,    11.88603626304284,    2.01917649378722,    24.00000502663864,    2.13874398022742,
  113,     7.12999969656985,    11.88335622455872,    2.01963130251976,    23.99999821011189,    2.14198870463553,
  114,     7.16711811210484,    11.88115313869274,    2.02000536397377,    23.99999307035311,    2.14465965639237,
  115,     7.18529056196074,    11.88008653494101,    2.02018793313488,    24.00000746248601,    2.14595043355560,
  116,     7.20346138213401,    11.87903200146376,    2.02036743630459,    24.00000943057755,    2.14722738457602,
  117,     7.24056640414349,    11.87691080451168,    2.02072692230137,    23.99999341644877,    2.14979494990616,
  118,     7.28467209158516,    11.87444368607876,    2.02114756108846,    24.00000289540039,    2.15278324470320,
  119,     7.32176290843384,    11.87241146244509,    2.02149391424272,    24.00000751871822,    2.15524142790384,
  120,     7.33992205616117,    11.87143391078890,    2.02165849211370,    23.99998517931291,    2.15642426741834,
  121,     7.35807972255591,    11.87046364625981,    2.02182395584955,    23.99998776704933,    2.15759769003008,
  122,     7.39515825248233,    11.86851467899670,    2.02215771493412,    24.00000852294199,    2.15995822474479,
  123,     7.43923310814070,    11.86624848781640,    2.02254306202767,    23.99999855132937,    2.16269831890264,
  124,     7.47629861799811,    11.86438628723821,    2.02285987564451,    23.99999096960115,    2.16495018183313,
  125,     7.49444554842669,    11.86348788874739,    2.02301502226176,    24.00001421535644,    2.16603781210682,
  126,     7.51259110481567,    11.86260161042948,    2.02316611465422,    24.00001360986353,    2.16711160523590,
  127,     7.54964532380643,    11.86081434213081,    2.02346897837584,    23.99998987957699,    2.16926876196458,
  128,     7.59369197033943,    11.85874172416936,    2.02382346182753,    23.99999972912705,    2.17177581463740,
  129,     7.63073425253627,    11.85704001348222,    2.02411507130733,    24.00001339238347,    2.17383486577622,
  130,     7.64887000377715,    11.85622029978646,    2.02425347087592,    23.99999509331226,    2.17482449920226,
  131,     7.66700451790792,    11.85540618430532,    2.02439142584390,    23.99998262940440,    2.17580444525200,
  132,     7.70403651925136,    11.85377877869210,    2.02467166009338,    24.00000995823422,    2.17777581097298,
  133,     7.74805733531313,    11.85188674862375,    2.02499423467154,    24.00000233594307,    2.18005988670882,
  134,     7.78507847136489,    11.85033577534511,    2.02525746139713,    23.99998094907897,    2.18193228569318,
  135,     7.80320403696786,    11.84958806157798,    2.02538628064127,    23.99999309117058,    2.18283565039097,
  136,     7.82132844851282,    11.84885158537147,    2.02551489095151,    24.00002532684435,    2.18373008941978,
  137,     7.85834016968803,    11.84736617006571,    2.02576598431633,    23.99999139105911,    2.18551839982390,
  138,     7.90233754751081,    11.84565136769531,    2.02605946289208,    23.99999404763955,    2.18759320817483,
  139,     7.93933938986347,    11.84423839840646,    2.02630347337797,    24.00002140620776,    2.18929718184512,
  140,     7.95745565908027,    11.84356131037286,    2.02641843310571,    24.00001095295714,    2.19011439476247,
  141,     7.97557092175256,    11.84289188485136,    2.02652965473925,    23.99997160252213,    2.19091965548183,
  142,     8.01256429728469,    11.84155196497416,    2.02676204410692,    24.00000806592938,    2.19254418341340,
  143,     8.05654030955189,    11.83998987698760,    2.02702938920792,    24.00000744857813,    2.19442301751242,
  144,     8.09352471794371,    11.83872230767821,    2.02724429224730,    23.99998222574140,    2.19595721144616,
  145,     8.11163262469390,    11.83811095825078,    2.02735018858241,    23.99999648366920,    2.19669719743805,
  146,     8.12973957882413,    11.83750351409185,    2.02745633315919,    24.00002146843962,    2.19742967900141,
  147,     8.16671627360872,    11.83628627177935,    2.02766225941035,    23.99999096486382,    2.19889089885586,
  148,     8.21067309252084,    11.83489144256225,    2.02790162307315,    23.99999556526653,    2.20058149415726,
  149,     8.24764173950765,    11.83373977199743,    2.02810036905398,    24.00001199887678,    2.20196673735471,
  150,     8.26574205240685,    11.83318650625056,    2.02819391527061,    23.99999687023967,    2.20263000308405,
  151,     8.28384154354285,    11.83264618709971,    2.02828573455412,    23.99998746332057,    2.20328421375480,
  152,     8.32080329569592,    11.83156277719764,    2.02847327010878,    24.00000883715943,    2.20459774035491,
  153,     8.36474278112053,    11.83029989812352,    2.02868907585851,    24.00000016745322,    2.20611325841764,
  154,     8.40169730033563,    11.82927819660406,    2.02886364878539,    23.99999252445954,    2.20734869325905,
  155,     8.41979084831716,    11.82878962371060,    2.02894840936816,    24.00000389177825,    2.20794224619402,
  156,     8.43788363945630,    11.82830143078757,    2.02903241911563,    24.00000706613977,    2.20852809975086,
  157,     8.47483198252535,    11.82732718179300,    2.02919844492440,    23.99999392490643,    2.20969762284675,
  158,     8.51875603567204,    11.82621427537231,    2.02939011235274,    24.00000231700541,    2.21104534971310,
  159,     8.55569795093074,    11.82530057838392,    2.02954703939114,    24.00000377876943,    2.21214392613613,
  160,     8.57378544783619,    11.82486137337579,    2.02962165058032,    23.99999465851446,    2.21266948189977,
  161,     8.59187228826276,    11.82443389762345,    2.02969508119689,    23.99999531994412,    2.21318724742138,
  162,     8.62880873902795,    11.82357850188495,    2.02984259098454,    24.00000322097521,    2.21422183559044,
  163,     8.67271909143810,    11.82258879997489,    2.03001208607164,    23.99999815260420,    2.21541073194767,
  164,     8.70964986566080,    11.82178937095456,    2.03014950402457,    23.99999982812639,    2.21637628079158,
  165,     8.72773203690850,    11.82140857095776,    2.03021535108861,    24.00000515224893,    2.21683795056513,
  166,     8.74581362425012,    11.82102979449958,    2.03028019040984,    24.00000262201705,    2.21729230005017,
  167,     8.78273960330374,    11.82027673251177,    2.03040913042427,    23.99999780183342,    2.21819725494557,
  168,     8.82663797958980,    11.81941835229935,    2.03055679766941,    24.00000027976000,    2.21923381374574,
  169,     8.86355915633188,    11.81872063939764,    2.03067652172194,    23.99999851921529,    2.22007314102275,
  170,     8.88163683051051,    11.81838694271062,    2.03073371115286,    23.99999677601126,    2.22047341595524,
  171,     8.89971409646801,    11.81806213498263,    2.03078986985221,    24.00000086500673,    2.22086660725828,
  172,     8.93663193920641,    11.81741495406987,    2.03090116227791,    24.00000176534087,    2.22164753025151,
  173,     8.98052231229831,    11.81667397811813,    2.03102832664077,    23.99999957623674,    2.22253844786573,
  174,     9.01743867281429,    11.81607860217571,    2.03113083880245,    24.00000164259288,    2.22325639866417,
  175,     9.03551477673542,    11.81579657003486,    2.03117925434694,    24.00000086663856,    2.22359724850768,
  176,     9.05359105296224,    11.81551762998202,    2.03122681807177,    23.99999627941922,    2.22393141999094,
  177,     9.09050884581713,    11.81496771275731,    2.03132164891014,    23.99999969609830,    2.22459358478157,
  178,     9.13440289594084,    11.81434582307414,    2.03142877758678,    24.00000209335503,    2.22534399893170,
  179,     9.17132569665084,    11.81384619742025,    2.03151431741573,    23.99999769380662,    2.22594457369458,
  180,     9.18940608632983,    11.81360906862943,    2.03155520148343,    23.99999895166590,    2.22622902377707,
  181,     9.20748739131152,    11.81337997491432,    2.03159498623193,    24.00000352748862,    2.22650673466431,
  182,     9.24441774148921,    11.81292636598539,    2.03167262399682,    23.99999910706279,    2.22705284401038,
  183,     9.28833059991083,    11.81241496779573,    2.03176042288376,    23.99999723024714,    2.22766731809986,
  184,     9.32527228155567,    11.81201135632333,    2.03183039729149,    24.00000372693005,    2.22815497553653,
  185,     9.34336288148226,    11.81182254726873,    2.03186280941214,    24.00000294517108,    2.22838351522050,
  186,     9.36145500049960,    11.81163638318004,    2.03189450227965,    23.99999902990979,    2.22860584029440,
  187,     9.39840920108777,    11.81127496291801,    2.03195670715585,    23.99999938096319,    2.22904035771277,
  188,     9.44235323754203,    11.81087590426793,    2.03202555986151,    24.00000172182487,    2.22952226425847,
  189,     9.47932328481350,    11.81056217023814,    2.03207917301780,    23.99999740777281,    2.22989853709507,
  190,     9.49742841493571,    11.81041599512939,    2.03210425273771,    23.99999657030394,    2.23007338554833,
  191,     9.51553545363050,    11.81027708433672,    2.03212825686447,    23.99999778447952,    2.23024176827791,
  192,     9.55252123272471,    11.81000873233613,    2.03217493975944,    24.00000378419366,    2.23056660949843,
  193,     9.59650454059810,    11.80971512647321,    2.03222510826729,    23.99999960150285,    2.23091838932694,
  194,     9.63350887033908,    11.80949327633794,    2.03226312335172,    23.99999769097171,    2.23118570569020,
  195,     9.65163115008935,    11.80939284832452,    2.03228073173131,    24.00000153909544,    2.23130748452491,
  196,     9.66975554957120,    11.80929710076404,    2.03229743494903,    24.00000420643372,    2.23142303790098,
  197,     9.70677738833390,    11.80911626124392,    2.03232786866702,    23.99999608205496,    2.23163884852516,
  198,     9.75080446712898,    11.80893126362063,    2.03235999609013,    23.99999949676062,    2.23186259126898,
  199,     9.78784620844052,    11.80879878846129,    2.03238332674845,    24.00000576659605,    2.23202292857463,
  200,     9.80598697420615,    11.80874165393083,    2.03239279135262,    24.00000141239446,    2.23209143610964,
  201,     9.82412995960864,    11.80868866327497,    2.03240153665525,    23.99999698512351,    2.23215394135476,
  202,     9.86119000205845,    11.80859830281134,    2.03241728999908,    23.99999936128757,    2.23226308485671,
  203,     9.90526282498279,    11.80851878886176,    2.03243111804395,    24.00000104448928,    2.23235930409547,
  204,     9.94234324740961,    11.80847458770229,    2.03243845754552,    23.99999787699515,    2.23241186136844,
  205,     9.96050299624897,    11.80846055427338,    2.03244090891713,    23.99999830183952,    2.23242842842130,
  206,     9.97866497974739,    11.80845245106975,    2.03244243657877,    23.99999987187678,    2.23243879508071,
  207,     10.01576384720001,    11.80845130142073,    2.03244285040068,    24.00000242187715,    2.23244086240021,
  208,     10.05988282700315,    11.80847668376364,    2.03243824956806,    23.99999968121376,    2.23240955988621,
  209,     10.09700201606522,    11.80852175612237,    2.03243034351519,    23.99999792920235,    2.23235505421892,
  210,     10.11518071464147,    11.80855177371377,    2.03242529662411,    23.99999934139137,    2.23231913568251,
  211,     10.13336162092344,    11.80858703898593,    2.03241932984161,    24.00000055615210,    2.23227699664390,
  212,     10.17049903843007,    11.80867458404013,    2.03240423434677,    24.00000022662626,    2.23217153970666,
  213,     10.21466364843854,    11.80880666505540,    2.03238148771700,    24.00000005808776,    2.23201250390831,
  214,     10.25182101534160,    11.80894144161077,    2.03235834499337,    24.00000068439571,    2.23185039044866,
  215,     10.27001833479222,    11.80901531461768,    2.03234560806429,    24.00000041022714,    2.23176147749248,
  216,     10.28821781233400,    11.80909423567671,    2.03233199067174,    23.99999999602298,    2.23166632930524,
  217,     10.32539299394064,    11.80927169748164,    2.03230139831123,    23.99999938382919,    2.23145255726349,
  218,     10.36960219757534,    11.80951119680527,    2.03226023566870,    24.00000000795160,    2.23116439818186,
  219,     10.40679680465824,    11.80973651647386,    2.03222150816491,    24.00000055453868,    2.23089324781660,
  220,     10.42501226664585,    11.80985481604321,    2.03220113203913,    24.00000032638075,    2.23075081540906,
  221,     10.44322982515870,    11.80997831642994,    2.03217984723933,    23.99999993098236,    2.23060203469064,
  222,     10.48044173904340,    11.81024706152933,    2.03213358488280,    23.99999969949716,    2.23027843981551,
  223,     10.52469427010460,    11.81059546846579,    2.03207366363288,    24.00000000329122,    2.22985905985861,
  224,     10.56192502925761,    11.81091284912417,    2.03201906895707,    24.00000013121033,    2.22947697143341,
  225,     10.58015809547827,    11.81107639889602,    2.03199092567513,    24.00000006501240,    2.22928005114775,
  226,     10.59839319392343,    11.81124532200296,    2.03196185712758,    23.99999997948657,    2.22907664947292,
  227,     10.63564073009464,    11.81160710822677,    2.03189961579795,    23.99999994516231,    2.22864104296619,
  228,     10.67993526716081,    11.81206672064903,    2.03182055806461,    23.99999999624554,    2.22808765539806,
  229,     10.71720107091936,    11.81247824838911,    2.03174977302558,    24.00000000003414,    2.22759213183665,
  230,     10.73545120202085,    11.81268811265443,    2.03171367618498,    23.99999999098775,    2.22733942316298,
  231,     10.75370330374584,    11.81290350288962,    2.03167663125364,    23.99999999407507,    2.22708006091570,
  232,     10.79098537644542,    11.81336062516936,    2.03159801687633,    24.00000001873901,    2.22652960341554,
  233,     10.83532065015591,    11.81393439182063,    2.03149934664718,    23.99999999831630,    2.22583864364806,
  234,     10.87262045246487,    11.81444268028061,    2.03141194374712,    23.99999996943777,    2.22522650525078,
  235,     10.89088714443315,    11.81470018223020,    2.03136766984077,    23.99999997904427,    2.22491638510878,
  236,     10.90915575124692,    11.81496338521215,    2.03132241869516,    24.00000000044396,    2.22459939846095,
  237,     10.94647136225269,    11.81551870599914,    2.03122695047680,    24.00000002948822,    2.22393057276057,
  238,     10.99084622173273,    11.81621022884175,    2.03110807391359,    23.99999999886079,    2.22309764662838,
  239,     11.02817908694624,    11.81681845508799,    2.03100352792442,    23.99999997112615,    2.22236500947428,
  240,     11.04646189300542,    11.81712519928823,    2.03095080885805,    23.99999998187126,    2.22199551054388,
  241,     11.06474656585766,    11.81743785123239,    2.03089707804578,    24.00000000205547,    2.22161889059185,
  242,     11.10209484317766,    11.81809482329134,    2.03078418164141,    24.00000002427836,    2.22082746457936,
  243,     11.14650829625469,    11.81890839961389,    2.03064438672605,    23.99999999890529,    2.21984731081857,
  244,     11.18387342861113,    11.81962033678379,    2.03052207220309,    23.99999997890007,    2.21898955206091,
  245,     11.20217197236829,    11.81997822417972,    2.03046059240815,    23.99999998731941,    2.21855834382474,
  246,     11.22047234372261,    11.82034226138288,    2.03039806050828,    24.00000000205580,    2.21811971599099,
  247,     11.25785256465574,    11.82110495217379,    2.03026706167856,    24.00000001704381,    2.21720070259481,
  248,     11.30230380172605,    11.82204561594599,    2.03010551462281,    23.99999999905432,    2.21606714837153,
  249,     11.33970056275616,    11.82286566589492,    2.02996470263725,    23.99999998578853,    2.21507886803187,
  250,     11.35801454593736,    11.82327690838397,    2.02989409600152,    23.99999999171977,    2.21458323645151,
  251,     11.37633032703675,    11.82369458067646,    2.02982239079147,    24.00000000173689,    2.21407984032051,
  252,     11.41374193165531,    11.82456770233373,    2.02967251026926,    24.00000001124456,    2.21302745681036,
  253,     11.45823033957037,    11.82564126242279,    2.02948825070969,    23.99999999919481,    2.21173337050746,
  254,     11.49565825818779,    11.82657448714633,    2.02932810484937,    23.99999999086054,    2.21060835189654,
  255,     11.51398746510971,    11.82704162266092,    2.02924795232418,    23.99999999483752,    2.21004517968827,
  256,     11.53231845016746,    11.82751550742271,    2.02916664841688,    24.00000000129558,    2.20947384940354,
  257,     11.56976104907334,    11.82850444594727,    2.02899699762163,    24.00000000718114,    2.20828147828840,
  258,     11.61428621910458,    11.82971752081318,    2.02878893406915,    23.99999999938973,    2.20681872452773,
  259,     11.65174499738753,    11.83076966998893,    2.02860850677235,    23.99999999420380,    2.20554989770095,
  260,     11.67008929751846,    11.83129557519021,    2.02851833463767,    23.99999999679093,    2.20491564697389,
  261,     11.68843536611732,    11.83182858979865,    2.02842695182600,    24.00000000093294,    2.20427279431717,
  262,     11.72590874488274,    11.83293942916585,    2.02823652974824,    24.00000000453247,    2.20293295035171,
  263,     11.77047047729159,    11.83429947271208,    2.02800343652701,    23.99999999954993,    2.20129235412717,
  264,     11.80795999381080,    11.83547700249682,    2.02780166708450,    23.99999999640330,    2.19987176907802,
  265,     11.82631934324861,    11.83606490091313,    2.02770094613688,    23.99999999811908,    2.19916246945696,
  266,     11.84468046172810,    11.83666030988820,    2.02759894871450,    24.00000000061996,    2.19844407289764,
  267,     11.88218458347053,    11.83789984402600,    2.02738664112856,    24.00000000279613,    2.19694838406112,
  268,     11.92678289016578,    11.83941515435424,    2.02712715846522,    23.99999999973620,    2.19511971465510,
  269,     11.96430320192074,    11.84072522907582,    2.02690287405853,    23.99999999775108,    2.19353853417542,
  270,     11.98267764425028,    11.84137868983811,    2.02679102050034,    23.99999999890802,    2.19274978173843,
  271,     12.00105386650800,    11.84204010234970,    2.02667781843060,    24.00000000039771,    2.19195138713041,
  272,     12.03858887336010,    11.84341582474291,    2.02644240115221,    24.00000000173605,    2.19029060195661,
  273,     12.08322397936821,    11.84509552166786,    2.02615504078604,    23.99999999981952,    2.18826259331817,
  274,     12.12077532279597,    11.84654598574934,    2.02590696288515,    23.99999999866876,    2.18651112142310,
  275,     12.13916498950675,    11.84726890634687,    2.02578334208434,    23.99999999967127,    2.18563809683478,
  276,     12.15755645736445,    11.84800025608129,    2.02565829519855,    24.00000000024556,    2.18475483855269,
  277,     12.19512267105618,    11.84952031053126,    2.02539844415343,    24.00000000091455,    2.18291887945145,
  278,     12.23979501490272,    11.85137426083612,    2.02508160419053,    23.99999999999643,    2.18067931338623,
  279,     12.27737780590891,    11.85297355957158,    2.02480836379409,    23.99999999925069,    2.17874708424121,
  280,     12.29578291630308,    11.85377012114458,    2.02467229875982,    24.00000000014827,    2.17778460332126,
  281,     12.31418985933851,    11.85457561793675,    2.02453472596232,    24.00000000005921,    2.17681125983563,
  282,     12.35178778059391,    11.85624868538825,    2.02424903840120,    24.00000000044265,    2.17478935339302,
  283,     12.39649801307384,    11.85828734056287,    2.02390103316556,    24.00000000013930,    2.17232524704809,
  284,     12.43411284549757,    11.86004435847878,    2.02360120031736,    23.99999999963482,    2.17020121370927,
  285,     12.45253370574908,    11.86091893728899,    2.02345198779790,    24.00000000076713,    2.16914383133538,
  286,     12.47095644021789,    11.86180297129278,    2.02330118431344,    23.99999999990936,    2.16807493724807,
  287,     12.50858674608634,    11.86363805191131,    2.02298821786228,    23.99999999999924,    2.16585587028794,
  288,     12.55333572616327,    11.86587214608066,    2.02260733175873,    24.00000000037450,    2.16315383339616,
  289,     12.59098336742189,    11.86779591088715,    2.02227946790680,    23.99999999989535,    2.16082671847256,
  290,     12.60942036810216,    11.86875291794206,    2.02211640661773,    24.00000000146272,    2.15966891877122,
  291,     12.62785929421828,    11.86971988899352,    2.02195167402687,    23.99999999978048,    2.15849896807833,
  292,     12.66552283168540,    11.87172591734039,    2.02161001413585,    23.99999999957146,    2.15607154663390,
  293,     12.71031161725097,    11.87416593931586,    2.02119459365099,    24.00000000066000,    2.15311841198595,
  294,     12.74799299897547,    11.87626511213795,    2.02083734015648,    24.00000000020609,    2.15057731831975,
  295,     12.76644660987321,    11.87730871952819,    2.02065977818139,    24.00000000259374,    2.14931384325039,
  296,     12.78490220620283,    11.87836274574998,    2.02048047472253,    23.99999999945929,    2.14803763888410,
  297,     12.82259997930228,    11.88054793835589,    2.02010884713605,    23.99999999909672,    2.14539147225604,
  298,     12.86742980903684,    11.88320324532955,    2.01965745310227,    24.00000000115896,    2.14217536323243,
  299,     12.90514600911223,    11.88548526988894,    2.01926967686952,    24.00000000036610,    2.13941080011988,
  300,     12.92361676943460,    11.88661895531462,    2.01907708949634,    24.00000000424865,    2.13803719924757,
  301,     12.94208958238138,    11.88776339065517,    2.01888271245965,    23.99999999920440,    2.13665043624998,
  302,     12.97982272831135,    11.89013416912437,    2.01848016658564,    23.99999999841973,    2.13377723964258,
  303,     13.02469498860011,    11.89301152965727,    2.01799182166626,    24.00000000183094,    2.13028933482484,
  304,     13.06244719885886,    11.89548123995310,    2.01757285112210,    24.00000000076166,    2.12729490669827,
  305,     13.08093569975536,    11.89670704382697,    2.01736496649815,    24.00000000690825,    2.12580843912888,
  306,     13.09942632490745,    11.89794369130355,    2.01715528509418,    23.99999999866597,    2.12430865975762,
  307,     13.13719607198414,    11.90050293103634,    2.01672148953825,    23.99999999733394,    2.12120438278031,
  308,     13.18211223926044,    11.90360416351173,    2.01619607585696,    24.00000000302695,    2.11744178946305,
  309,     13.21990170969462,    11.90626153290606,    2.01574607906102,    24.00000000123048,    2.11421693725984,
  310,     13.23840856424932,    11.90757885914076,    2.01552307943513,    24.00000001079206,    2.11261803320942,
  311,     13.25691761446371,    11.90890670333815,    2.01529834733738,    23.99999999783241,    2.11100617271619,
  312,     13.29472521054824,    11.91165091569476,    2.01483406168497,    23.99999999584276,    2.10767443760879,
  313,     13.33968675383322,    11.91496909722893,    2.01427295437471,    24.00000000475868,    2.10364482145922,
  314,     13.37751469888891,    11.91780563455064,    2.01379354033919,    24.00000000187613,    2.10019922811530,
  315,     13.39604049191911,    11.91920933375586,    2.01355638152743,    24.00000001674539,    2.09849383345161,
  316,     13.41456854406446,    11.92062251627060,    2.01331767397018,    23.99999999673443,    2.09677669675607,
  317,     13.45241513757775,    11.92353735702370,    2.01282549589405,    23.99999999346241,    2.09323429662528,
  318,     13.49742335729802,    11.92705079875976,    2.01223256379971,    24.00000000735767,    2.08896326303742,
  319,     13.53529080165914,    11.93004383818546,    2.01172772945338,    24.00000000287212,    2.08532385408406,
  320,     13.55383600736023,    11.93152117771872,    2.01147864276566,    24.00000002468739,    2.08352714666834,
  321,     13.57238351513187,    11.93300580370239,    2.01122838537627,    23.99999999526601,    2.08172132718044,
  322,     13.61026996088474,    11.93605900784972,    2.01071391944047,    23.99999999034629,    2.07800689939830,
  323,     13.65532572705701,    11.93972182407074,    2.01009708302615,    24.00000001070821,    2.07354957844465,
  324,     13.69323325631557,    11.94282564036398,    2.00957467911386,    24.00000000394724,    2.06977144358017,
  325,     13.71179810554569,    11.94435161118197,    2.00931794489049,    24.00000003242957,    2.06791360398832,
  326,     13.73036525927983,    11.94588082039680,    2.00906072605735,    23.99999999442096,    2.06605154762432,
  327,     13.76829180737880,    11.94901136177138,    2.00853436828119,    23.99999998710022,    2.06223891321379,
  328,     13.81339514248803,    11.95273915086141,    2.00790795402463,    24.00000001339627,    2.05769759146286,
  329,     13.85134250836166,    11.95587163917959,    2.00738187301161,    24.00000000454274,    2.05388039518503,
  330,     13.86992677947022,    11.95740198982788,    2.00712496322663,    24.00000002911930,    2.05201518877063,
  331,     13.88851328593535,    11.95892870141496,    2.00686872515779,    23.99999999726157,    2.05015414255732,
  332,     13.92647909582270,    11.96203104922528,    2.00634824378871,    23.99999998775920,    2.04637172054747,
  333,     13.97162852929122,    11.96568060083599,    2.00573630619098,    24.00000000938182,    2.04192088234535,
  334,     14.00961404533518,    11.96870497835246,    2.00522947510756,    24.00000000145896,    2.03823145633840,
  335,     14.02821674672846,    11.97016688624134,    2.00498457572746,    23.99999997579746,    2.03644774493322,
  336,     14.04682149708061,    11.97161428897411,    2.00474217054232,    24.00000001457335,    2.03468152076419,
  337,     14.08482391284607,    11.97451851377779,    2.00425595228920,    24.00000000703635,    2.03113691476562,
  338,     14.13001553683787,    11.97786392612110,    2.00369616198930,    23.99999997759899,    2.02705279194218,
  339,     14.16803521541194,    11.98056924977667,    2.00324370941727,    23.99999998485305,    2.02374926434049,
  340,     14.18665414093199,    11.98185226843514,    2.00302918362059,    23.99999976750612,    2.02218220186155,
  341,     14.20527475252772,    11.98310534727753,    2.00281975159464,    24.00000007496684,    2.02065172802573,
  342,     14.24330832919544,    11.98556219111019,    2.00240920729039,    24.00000008603066,    2.01765028907564,
  343,     14.28853459051065,    11.98828370068054,    2.00195461351803,    23.99999986274042,    2.01432488092901,
  344,     14.32658110778212,    11.99038406540351,    2.00160393554412,    23.99999993399720,    2.01175791327207,
  345,     14.34521233297919,    11.99134366741226,    2.00144370529165,    23.99999930113115,    2.01058469910238,
  346,     14.36384465375226,    11.99225603717598,    2.00129151046955,    24.00000019857746,    2.00946976452045,
  347,     14.40190019410619,    11.99396336918723,    2.00100663499143,    24.00000028158776,    2.00738238134607,
  348,     14.44714890719433,    11.99570736459463,    2.00071566377876,    23.99999962245074,    2.00525003129210,
  349,     14.48521099992942,    11.99692429791481,    2.00051273764804,    23.99999987057784,    2.00376184908450,
  350,     14.50384869547896,    11.99743563923971,    2.00042746634707,    23.99999977846632,    2.00313619810335,
  351,     14.52248670780083,    11.99789262104249,    2.00035129304549,    24.00000001832327,    2.00257754776478,
  352,     14.56055141886125,    11.99865972820392,    2.00022342180262,    24.00000021859334,    2.00163950668740,
  353,     14.60580674765994,    11.99930167525223,    2.00011639619765,    24.00000002359394,    2.00085421349548,
  354,     14.64387090663850,    11.99964483754447,    2.00005921195019,    24.00000019746134,    2.00043423416832,
  355,     14.66250851335573,    11.99975959918345,    2.00004041216503,    24.00000413463207,    2.00029502558612,
  356,     14.68114575858042,    11.99984347344311,    2.00002597334503,    23.99999862296111,    2.00019109320889,
  357,     14.71920698948955,    11.99994596535486,    2.00000887412207,    23.99999841969505,    2.00006617537166,
  358,     14.76445533505621,    11.99999002645980,    2.00000188762881,    24.00000270444650,    2.00001209932170,
  359,     14.80251179045831,    11.99999907458171,    2.00000015150228,    23.99999996719068,    2.00000154523776,
  360,     14.82114517498072,    12.00000030683285,    1.99999927557821,    23.99999192060402,    1.99999963390959,
  361,     14.83977796258499,    11.99999988649394,    2.00000015482621,    24.00000163090239,    2.00000024752193,
  362,     14.87782950875444,    11.99999960638363,    2.00000017953039,    24.00000136713184,    2.00000015402432,
  363,     14.92306563751830,    12.00000049578555,    1.99999960707939,    23.99999627652362,    1.99999962361872,
  364,     14.96111136714435,    11.99999908268316,    2.00000015641241,    24.00000004231508,    2.00000014962612,
  365,     14.97973935288572,    11.99999934867530,    2.00000089565285,    24.00000944518419,    2.00000089565285,
  366,     14.99836666029203,    12.00000078070421,    1.99999985786876,    23.99999985583339,    1.99999985786876,
  367,     15.03640676649991,    12.00000032751648,    1.99999994821953,    24.00000003366733,    1.99999994821953,
  368,     15.08162880687929,    11.99999921721590,    2.00000020800841,    24.00000093053254,    2.00000020800841,
  369,     15.11966229020485,    12.00000128712415,    1.99999968921014,    23.99999884476957,    1.99999968921014,
  370,     15.13828415568982,    12.00000014850913,    1.99999963698172,    23.99999594079884,    1.99999963698172,
  371,     15.15690524786277,    11.99999884506860,    2.00000022676381,    24.00000041130265,    2.00000022676381,
  372,     15.19493237148814,    12.00000005683822,    1.99999992720893,    23.99999924018355,    1.99999992720893,
  373,     15.24013850111387,    12.00000081406888,    2.00000003193231,    24.00000201132552,    2.00000003193231,
  374,     15.27815817277360,    11.99999861573437,    2.00000030709870,    24.00000091665272,    2.00000030709870,
  375,     15.29677313420886,    12.00000002406495,    1.99999957738475,    23.99999497674688,    1.99999957738475,
  376,     15.31538723626170,    12.00000089117816,    1.99999965186795,    23.99999760477142,    1.99999965186795,
  377,     15.35339978828628,    11.99999976463432,    2.00000022828859,    24.00000226873163,    2.00000022828859,
  378,     15.39858806856208,    11.99999957006911,    1.99999984308392,    23.99999725714528,    1.99999984308392,
  379,     15.43659230477690,    12.00000104806972,    1.99999980640101,    23.99999977295140,    1.99999980640101,
  380,     15.45519955160767,    11.99999993319266,    2.00000103813236,    24.00001232397354,    2.00000103813236,
  381,     15.47380583471368,    11.99999966837203,    2.00000032418120,    24.00000322691834,    2.00000032418120,
  382,     15.51180213285573,    11.99999998531182,    1.99999959427551,    23.99999510192982,    1.99999959427551,
  383,     15.55697055220510,    12.00000000042764,    2.00000019457510,    24.00000233575642,    2.00000019457510,
  384,     15.59495760146288,    11.99999983141502,    2.00000014403186,    24.00000139121233,    2.00000014403186,
  385,     15.61355629060382,    12.00000011012306,    1.99999885495750,    23.99998647973599,    1.99999885495750,
  386,     15.63215391693777,    11.99999973078758,    1.99999984655974,    23.99999762029206,    1.99999984655974,
  387,     15.67013218121105,    12.00000040343060,    2.00000043061751,    24.00000597427149,    2.00000043061751,
  388,     15.71527858988144,    12.00000006181650,    1.99999978409693,    23.99999753279616,    1.99999978409693,
  389,     15.75324665780222,    11.99999917634458,    1.99999984084512,    23.99999644283070,    1.99999984084512,
  390,     15.77183587606901,    12.00000007569683,    2.00000076121485,    24.00000928597198,    2.00000076121485,
  391,     15.79042392010898,    12.00000092700630,    2.00000003636042,    24.00000229033772,    2.00000003636042,
  392,     15.82838229955490,    11.99999939576330,    1.99999978293204,    23.99999618671126,    1.99999978293204,
  393,     15.87350445805173,    12.00000016065616,    2.00000014293049,    24.00000203647827,    2.00000014293049,
  394,     15.91145160138958,    12.00000120851209,    2.00000012793710,    24.00000395226952,    2.00000012793710,
  395,     15.93003040717391,    11.99999932755366,    1.99999987482398,    23.99999715299514,    1.99999987482398,
  396,     15.94860792635433,    11.99999853517890,    1.99999991039123,    23.99999599505268,    1.99999991039123,
  397,     15.98654444017578,    12.00000074206654,    1.99999993140467,    24.00000066098902,    1.99999993140467,
  398,     16.03163996789462,    11.99999962574839,    2.00000011064092,    24.00000057918777,    2.00000011064092,
  399,     16.06956417228737,    11.99999921639664,    1.99999992926176,    23.99999758393442,    1.99999992926176,
  400,     16.08813156597244,    12.00000132487593,    1.99999945206612,    23.99999607454458,    1.99999945206612,
  401,     16.10669754823994,    12.00000142002042,    2.00000020315904,    24.00000527794966,    2.00000020315904,
  402,     16.14461011521414,    11.99999901255349,    2.00000018909224,    24.00000029421370,    2.00000018909224,
  403,     16.18967651570803,    12.00000060031041,    1.99999959525093,    23.99999634363171,    1.99999959525093,
  404,     16.22757565495495,    11.99999992837936,    2.00000016309307,    24.00000181387560,    2.00000016309307,
  405,     16.24613057190755,    11.99999847250259,    2.00000106319230,    24.00000970331122,    2.00000106319230,
  406,     16.26468395651509,    11.99999936047720,    1.99999971694458,    23.99999532428953,    1.99999971694458,
  407,     16.30257041706189,    12.00000117120610,    1.99999986084265,    24.00000067252380,    1.99999986084265,
  408,     16.34760505435518,    11.99999895544881,    2.00000050289047,    24.00000394558277,    2.00000050289047,
  409,     16.38547688268659,    12.00000092116644,    1.99999958632612,    23.99999687824587,    1.99999958632612,
  410,     16.40401824419991,    12.00000126327369,    1.99999885669576,    23.99998880689510,    1.99999885669576,
  411,     16.42255793180674,    11.99999966803505,    2.00000039502482,    24.00000407636775,    2.00000039502482,
  412,     16.46041598398570,    11.99999902710152,    2.00000002643365,    23.99999837140681,    2.00000002643365,
  413,     16.50541615281680,    12.00000150291972,    1.99999964682127,    23.99999876769413,    1.99999964682127,
  414,     16.54325836313055,    11.99999835438008,    2.00000063490570,    24.00000432762754,    2.00000063490570,
  415,     16.56178500222246,    11.99999912237585,    2.00000060739770,    24.00000553352360,    2.00000060739770,
  416,     16.58030984538440,    12.00000084906931,    1.99999936567522,    23.99999408624068,    1.99999936567522,
  417,     16.61813717305419,    12.00000053398241,    2.00000015408967,    24.00000291704097,    2.00000015408967,
  418,     16.66310003830548,    11.99999840417918,    2.00000016453657,    23.99999878279700,    2.00000016453657,
  419,     16.70091027212217,    12.00000212028192,    1.99999927840046,    23.99999558136778,    1.99999927840046,
  420,     16.71942105045868,    12.00000073118006,    2.00000029241864,    24.00000497138399,    2.00000029241864,
  421,     16.73792987907227,    11.99999927595090,    2.00000083266470,    24.00000854387756,    2.00000083266470,
  422,     16.77572407985161,    11.99999946075030,    1.99999963235181,    23.99999450972248,    1.99999963235181,
  423,     16.82064685814720,    12.00000121067663,    1.99999996502362,    24.00000200163670,    1.99999996502362,
  424,     16.85842272500148,    11.99999836456204,    2.00000062671027,    24.00000424964634,    2.00000062671027,
  425,     16.87691647880497,    11.99999962761579,    1.99999889411887,    23.99998598465837,    1.99999889411887,
  426,     16.89540816757735,    12.00000014878431,    1.99999920441460,    23.99999075054369,    1.99999920441460,
  427,     16.93316693076836,    12.00000064460395,    2.00000068159263,    24.00000946831986,    2.00000068159263,
  428,     16.97804684751594,    11.99999951735038,    1.99999982741789,    23.99999696371552,    1.99999982741789,
  429,     17.01578613011544,    12.00000051901417,    1.99999929976970,    23.99999263526437,    1.99999929976970,
  430,     17.03426176812390,    11.99999935477624,    2.00000147764278,    24.00001644126483,    2.00000147764278,
  431,     17.05273520395501,    12.00000038704671,    2.00000094984843,    24.00001217227501,    2.00000094984843,
  432,     17.09045636708892,    11.99999943155927,    1.99999904947080,    23.99998745676863,    1.99999904947080,
  433,     17.13529099571928,    12.00000048299434,    2.00000015568103,    24.00000283416106,    2.00000015568103,
  434,     17.17299164229538,    11.99999983000340,    2.00000122053121,    24.00001430638108,    2.00000122053121,
  435,     17.19144822657984,    12.00000042196830,    1.99999898344535,    23.99998864528039,    1.99999898344535,
  436,     17.20990253582720,    11.99999893275124,    1.99999862133573,    23.99998132153271,    1.99999862133573,
  437,     17.24758431918615,    12.00000143610605,    2.00000070969890,    24.00001138859987,    2.00000070969890,
  438,     17.29237164437062,    11.99999818123502,    2.00000034395943,    24.00000048998254,    2.00000034395943,
  439,     17.33003225401120,    12.00000063846189,    1.99999844791395,    23.99998265189018,    1.99999844791395,
  440,     17.34846914059779,    12.00000224436460,    1.99999983889577,    24.00000255547803,    1.99999983889577,
  441,     17.36690367119580,    12.00000197025980,    2.00000150803150,    24.00002203690055,    2.00000150803150,
  442,     17.40454495343660,    11.99999687867098,    1.99999983082732,    23.99999172727032,    1.99999983082732,
  443,     17.44928406490425,    12.00000341005855,    1.99999909340051,    23.99999594092015,    1.99999909340051,
  444,     17.48690404330227,    11.99999864525082,    2.00000132212153,    24.00001315595818,    2.00000132212153,
  445,     17.50532104005235,    11.99999468584696,    2.00000116343812,    24.00000333294512,    2.00000116343812,
  446,     17.52373574381151,    11.99999777865053,    1.99999887760964,    23.99998208861926,    1.99999887760964,
  447,     17.56133668170824,    12.00000425868742,    1.99999988448178,    24.00000713115575,    1.99999988448178,
  448,     17.60602811583388,    11.99999600593442,    2.00000098404433,    24.00000382039682,    2.00000098404433,
  449,     17.64360847320964,    12.00000155812402,    1.99999914571104,    23.99999286477914,    1.99999914571104,
  450,     17.66200628904114,    12.00000634105651,    1.99999886201327,    23.99999902626509,    1.99999886201327,
  451,     17.68040193188305,    12.00000161481659,    2.00000051278665,    24.00000938307382,    2.00000051278665,
  452,     17.71796446446421,    11.99999587682753,    2.00000008008329,    23.99999271465420,    2.00000008008329,
  453,     17.76261143065407,    12.00000360863520,    1.99999939787599,    23.99999999178011,    1.99999939787599,
  454,     17.80015553268223,    11.99999906555876,    2.00000043375408,    24.00000333616612,    2.00000043375408,
  455,     17.81853602182771,    11.99999428793299,    2.00000058511618,    23.99999559725673,    2.00000058511618,
  456,     17.83691468416853,    11.99999879146445,    1.99999998001818,    23.99999734314703,    1.99999998001818,
  457,     17.87444366191103,    12.00000324494578,    1.99999993675515,    24.00000573095313,    1.99999993675515,
  458,     17.91905290856864,    11.99999711908298,    2.00000018466008,    23.99999645408638,    2.00000018466008,
  459,     17.95656738642606,    12.00000030698486,    1.99999992974772,    23.99999977094239,    1.99999992974772,
  460,     17.97493415477143,    12.00000464605617,    1.99999970120746,    24.00000570660042,    1.99999970120746,
  461,     17.99329962593860,    12.00000110518171,    1.99999987365644,    24.00000069424051,    1.99999987365644,
  462,     18.03080344119784,    11.99999780234616,    2.00000011052157,    23.99999693095089,    2.00000011052157,
  463,     18.07538609339217,    12.00000201351931,    1.99999998644767,    24.00000386441064,    1.99999998644767,
  464,     18.11288118264131,    11.99999976596851,    1.99999983319438,    23.99999753026962,    1.99999983319438,
  465,     18.13123947653686,    11.99999652450388,    2.00000007899201,    23.99999399691163,    2.00000007899201,
  466,     18.14959716206059,    11.99999913149773,    2.00000011736006,    23.99999967131606,    2.00000011736006,
  467,     18.18708720120715,    12.00000136453328,    1.99999991907778,    24.00000175799986,    1.99999991907778,
  468,     18.23165711326402,    11.99999898000275,    2.00000002659000,    23.99999827908548,    2.00000002659000,
  469,     18.26914433394736,    12.00000013175930,    2.00000025866308,    24.00000336747563,    2.00000025866308,
  470,     18.28749964413373,    12.00000218745398,    1.99999997968443,    24.00000413112103,    1.99999997968443,
  471,     18.30585485854170,    12.00000047317748,    1.99999981291596,    23.99999870134641,    1.99999981291596,
  472,     18.34334124501139,    11.99999912452126,    2.00000001627291,    23.99999844431741,    2.00000001627291,
  473,     18.38790870737283,    12.00000039299874,    1.99999996810989,    24.00000040331613,    1.99999996810989,
  474,     18.42539494949075,    12.00000010308774,    1.99999978565298,    23.99999763401120,    1.99999978565298,
  475,     18.44375000255821,    11.99999893160711,    2.00000014347488,    23.99999958491259,    2.00000014347488,
  476,     18.46210505361853,    11.99999998721395,    2.00000030882458,    24.00000368032291,    2.00000030882458,
  477,     18.49959128555523,    12.00000039819344,    1.99999993665469,    24.00000003624312,    1.99999993665469,
  478,     18.54415871320300,    11.99999981028629,    1.99999995545030,    23.99999908597622,    1.99999995545030,
  479,     18.58164494552276,    11.99999974191982,    2.00000020004643,    24.00000188439678,    2.00000020004643,
  480,     18.59999999838827,    12.00000050521515,    1.99999979191519,    23.99999851341251,    1.99999979191519,
  481,     18.61835505387073,    11.99999980367225,    1.99999962732509,    23.99999513524561,    1.99999962732509,
  482,     18.65584129093441,    12.00000006695601,    2.00000020967476,    24.00000265000909,    2.00000020967476,
  483,     18.70040870918576,    12.00000014659320,    2.00000009011645,    24.00000137458383,    2.00000009011645,
  484,     18.73789494806697,    12.00000010591642,    1.99999966546439,    23.99999619740548,    1.99999966546439,
  485,     18.75625000158271,    11.99999935039177,    2.00000021654113,    24.00000129927694,    2.00000021654113,
  486,     18.77460505186206,    12.00000012245345,    2.00000034602511,    24.00000439720823,    2.00000034602511,
  487,     18.81209128559047,    11.99999985886821,    1.99999973643580,    23.99999655496606,    1.99999973643580,
  488,     18.85665871660340,    11.99999991226686,    1.99999995226512,    23.99999925171512,    1.99999995226512,
  489,     18.89414494583773,    12.00000012497895,    2.00000046574828,    24.00000583893738,    2.00000046574828,
  490,     18.91249999684969,    12.00000114557908,    1.99999992417374,    24.00000138124300,    1.99999992417374,
  491,     18.93085505131577,    11.99999995441864,    1.99999966575000,    23.99999589783734,    1.99999966575000,
  492,     18.96834128946626,    11.99999965418024,    2.00000009627682,    24.00000046368235,    2.00000009627682,
  493,     19.01290870960758,    12.00000034545731,    2.00000006199216,    24.00000143482053,    2.00000006199216,
  494,     19.05039494868038,    11.99999975576836,    1.99999961433015,    23.99999488349861,    1.99999961433015,
  495,     19.06875000351425,    11.99999849111684,    1.99999988041919,    23.99999554726413,    1.99999988041919,
  496,     19.08710505624381,    12.00000001326447,    2.00000024362672,    24.00000295004957,    2.00000024362672,
  497,     19.12459128588921,    12.00000088137614,    2.00000016351412,    24.00000372492184,    2.00000016351412,
  498,     19.16915871122835,    11.99999924669202,    1.99999984529820,    23.99999663696259,    1.99999984529820,
  499,     19.20664494778849,    12.00000000632209,    2.00000002222571,    24.00000027935270,    2.00000002222571,
  500,     19.22500000010857,    12.00000107763322,    2.00000017182538,    24.00000421717115,    2.00000017182538,
  501,     19.24335505132294,    12.00000030254551,    2.00000006482812,    24.00000138302844,    2.00000006482812,
  502,     19.28084128802255,    11.99999936991258,    1.99999982078615,    23.99999658925909,    1.99999982078615,
  503,     19.32540871430978,    12.00000051949209,    2.00000008993833,    24.00000211824415,    2.00000008993833,
  504,     19.36289494529608,    12.00000019307920,    2.00000023105921,    24.00000315886894,    2.00000023105921,
  505,     19.38124999717111,    11.99999984532512,    1.99999992815156,    23.99999882846896,    1.99999992815156,
  506,     19.39960505157250,    11.99999956065496,    1.99999976619535,    23.99999631565419,    1.99999976619535,
  507,     19.43709128920768,    11.99999998887303,    1.99999999947028,    23.99999997138937,    1.99999999947028,
  508,     19.48165871173372,    12.00000010241764,    2.00000007385893,    24.00000109114242,    2.00000007385893,
  509,     19.51914494731437,    11.99999994283883,    1.99999988605457,    23.99999851833252,    1.99999988605457,
  510,     19.53750000079386,    11.99999973480548,    1.99999997587866,    23.99999918015485,    1.99999997587866,
  511,     19.55585505351197,    12.00000006778851,    2.00000006656798,    24.00000093439275,    2.00000006656798,
  512,     19.59334128705624,    12.00000013962543,    2.00000004409859,    24.00000080843393,    2.00000004409859,
  513,     19.63790871183067,    11.99999985546136,    1.99999994533703,    23.99999905496709,    1.99999994533703,
  514,     19.67539494765390,    11.99999993376558,    1.99999997719577,    23.99999959388044,    1.99999997719577,
  515,     19.69375000055360,    12.00000007389063,    2.00000001116064,    24.00000028170892,    2.00000001116064,
  516,     19.71210505319385,    12.00000005734761,    2.00000001751194,    24.00000032483847,    2.00000001751194,
  517,     19.74959128792786,    12.00000000399446,    2.00000000657025,    24.00000008683189,    2.00000000657025,
  518,     19.79415871229043,    12.00000001428890,    2.00000000359473,    24.00000007171457,    2.00000000359473,
  519,     19.83164494716353,    12.00000000695635,    2.00000000386996,    24.00000006035225,    2.00000000386996,
  520,     19.84999999997286,    11.99999999212679,    1.99999999596901,    23.99999993588167,    1.99999999596901,
  521,     19.86835505281813,    11.99999999301948,    1.99999999839406,    23.99999996676773,    1.99999999839406,
  522,     19.90584128777850,    12.00000000265313,    2.00000000053847,    24.00000001176786,    2.00000000053847,
  523,     19.95040871222155,    11.99999999905502,    1.99999999987953,    23.99999999666439,    1.99999999987953,
  524,     19.98789494718446,    11.99999999947150,    1.99999999976582,    23.99999999613280,    1.99999999976582,
  525,     20.00625000000154,    12.00000000163192,    2.00000000073467,    24.00000001207987,    2.00000000073467,
  526,     20.02460505281563,    12.00000000052537,    2.00000000007027,    24.00000000189397,    2.00000000007027,
  527,     20.06209128777514,    11.99999999962921,    1.99999999985998,    23.99999999757815,    1.99999999985998,
  528,     20.10665871222520,    12.00000000016004,    2.00000000008621,    24.00000000135461,    2.00000000008621,
  529,     20.14414494718158,    12.00000000000177,    1.99999999995028,    23.99999999940695,    1.99999999995028,
  530,     20.16250000000011,    11.99999999972511,    1.99999999992808,    23.99999999858722,    1.99999999992808,
  531,     20.18085505281846,    12.00000000002724,    2.00000000001528,    24.00000000023780,    2.00000000001528,
  532,     20.21834128777479,    12.00000000002065,    2.00000000001853,    24.00000000026371,    2.00000000001853,
  533,     20.26290871222507,    11.99999999998126,    1.99999999998255,    23.99999999975318,    1.99999999998255,
  534,     20.30039494718202,    12.00000000000889,    2.00000000001574,    24.00000000020670,    2.00000000001574,
  535,     20.31874999999994,    12.00000000003597,    1.99999999999834,    24.00000000005203,    1.99999999999834,
  536,     20.33710505281795,    11.99999999999160,    1.99999999999701,    23.99999999994733,    1.99999999999701,
  537,     20.37459128777495,    11.99999999999004,    1.99999999999871,    23.99999999996466,    1.99999999999871,
  538,     20.41915871222505,    12.00000000000875,    1.99999999999939,    24.00000000001022,    1.99999999999939,
  539,     20.45664494718203,    12.00000000000052,    1.99999999999831,    23.99999999998077,    1.99999999999831,
  540,     20.47500000000003,    11.99999999998008,    2.00000000000380,    24.00000000000574,    2.00000000000380,
  541,     20.49335505281801,    11.99999999999201,    2.00000000000274,    24.00000000001692,    2.00000000000274,
  542,     20.53084128777492,    12.00000000000975,    2.00000000000029,    24.00000000002293,    2.00000000000029,
  543,     20.57540871222505,    11.99999999999726,    1.99999999999881,    23.99999999998021,    1.99999999999881,
  544,     20.61289494718199,    11.99999999999442,    2.00000000000174,    24.00000000000966,    2.00000000000174,
  545,     20.63124999999997,    12.00000000001265,    2.00000000000666,    24.00000000010527,    2.00000000000666,
  546,     20.64960505281798,    12.00000000000207,    1.99999999999538,    23.99999999994863,    1.99999999999538,
  547,     20.68709128777499,    11.99999999999416,    1.99999999999997,    23.99999999998794,    1.99999999999997,
  548,     20.73165871222503,    12.00000000000676,    2.00000000000202,    24.00000000003771,    2.00000000000202,
  549,     20.76914494718200,    12.00000000000333,    1.99999999999638,    23.99999999996328,    1.99999999999638,
  550,     20.78750000000002,    11.99999999997632,    2.00000000000200,    23.99999999997667,    2.00000000000200,
  551,     20.80585505281800,    11.99999999999572,    2.00000000000365,    24.00000000003520,    2.00000000000365,
  552,     20.84334128777492,    12.00000000000931,    1.99999999999784,    23.99999999999273,    1.99999999999784,
  553,     20.88790871222508,    11.99999999999241,    1.99999999999947,    23.99999999997846,    1.99999999999947,
  554,     20.92539494718198,    12.00000000000526,    2.00000000000272,    24.00000000004314,    2.00000000000272,
  555,     20.94375000000000,    12.00000000001596,    1.99999999999323,    23.99999999995062,    1.99999999999323,
  556,     20.96210505281805,    11.99999999999394,    1.99999999999648,    23.99999999994565,    1.99999999999648,
  557,     20.99959128777499,    11.99999999999465,    2.00000000000292,    24.00000000002430,    2.00000000000292,
  558,     21.04415871222502,    12.00000000000555,    2.00000000000086,    24.00000000002144,    2.00000000000086,
  559,     21.08164494718200,    12.00000000000644,    1.99999999999540,    23.99999999995770,    1.99999999999540,
  560,     21.10000000000004,    11.99999999998532,    1.99999999999620,    23.99999999992509,    1.99999999999620,
  561,     21.11835505281803,    11.99999999999374,    2.00000000000622,    24.00000000006211,    2.00000000000622,
  562,     21.15584128777490,    12.00000000000157,    1.99999999999790,    23.99999999997790,    1.99999999999790,
  563,     21.20040871222511,    12.00000000000488,    1.99999999999730,    23.99999999997741,    1.99999999999730,
  564,     21.23789494718198,    11.99999999999002,    2.00000000000808,    24.00000000007696,    2.00000000000808,
  565,     21.25624999999994,    11.99999999999987,    2.00000000000300,    24.00000000003577,    2.00000000000300,
  566,     21.27460505281799,    11.99999999999441,    1.99999999999146,    23.99999999988632,    1.99999999999146,
  567,     21.31209128777501,    12.00000000001135,    2.00000000000313,    24.00000000006027,    2.00000000000313,
  568,     21.35665871222499,    11.99999999999277,    2.00000000000148,    24.00000000000333,    2.00000000000148,
  569,     21.39414494718205,    12.00000000000384,    1.99999999999122,    23.99999999990229,    1.99999999999122,
  570,     21.41250000000008,    11.99999999999169,    2.00000000000630,    24.00000000005898,    2.00000000000630,
  571,     21.43085505281801,    12.00000000000717,    2.00000000000999,    24.00000000013418,    2.00000000000999,
  572,     21.46834128777491,    12.00000000000027,    1.99999999999273,    23.99999999991327,    1.99999999999273,
  573,     21.51290871222517,    11.99999999999079,    2.00000000000083,    23.99999999999156,    2.00000000000083,
  574,     21.55039494718192,    12.00000000000283,    2.00000000001329,    24.00000000016512,    2.00000000001329,
  575,     21.56874999999990,    12.00000000003790,    1.99999999999295,    23.99999999999124,    1.99999999999295,
  576,     21.58710505281799,    11.99999999999652,    1.99999999998707,    23.99999999983790,    1.99999999998707,
  577,     21.62459128777505,    11.99999999998598,    2.00000000000374,    24.00000000001683,    2.00000000000374,
  578,     21.66915871222498,    12.00000000001508,    2.00000000000388,    24.00000000007672,    2.00000000000388,
  579,     21.70664494718202,    12.00000000000090,    1.99999999998858,    23.99999999986474,    1.99999999998858,
  580,     21.72500000000010,    11.99999999996416,    1.99999999999634,    23.99999999988441,    1.99999999999634,
  581,     21.74335505281808,    11.99999999999362,    2.00000000000988,    24.00000000010577,    2.00000000000988,
  582,     21.78084128777488,    12.00000000000996,    2.00000000000057,    24.00000000002671,    2.00000000000057,
  583,     21.82540871222509,    12.00000000000311,    1.99999999999512,    23.99999999994763,    1.99999999999512,
  584,     21.86289494718200,    11.99999999998367,    2.00000000000666,    24.00000000004725,    2.00000000000666,
  585,     21.88124999999997,    12.00000000000082,    2.00000000000098,    24.00000000001339,    2.00000000000098,
  586,     21.89960505281800,    12.00000000000204,    1.99999999999618,    23.99999999995822,    1.99999999999618,
  587,     21.93709128777497,    12.00000000000387,    2.00000000000194,    24.00000000003097,    2.00000000000194,
  588,     21.98165871222502,    11.99999999999825,    1.99999999999974,    23.99999999999332,    1.99999999999974,
  589,     22.01914494718203,    12.00000000000335,    1.99999999999483,    23.99999999994465,    1.99999999999483,
  590,     22.03750000000005,    11.99999999999662,    2.00000000000487,    24.00000000005166,    2.00000000000487,
  591,     22.05585505281800,    12.00000000000311,    2.00000000000711,    24.00000000009151,    2.00000000000711,
  592,     22.09334128777490,    11.99999999999497,    1.99999999999617,    23.99999999994403,    1.99999999999617,
  593,     22.13790871222512,    12.00000000000553,    1.99999999999774,    23.99999999998391,    1.99999999999774,
  594,     22.17539494718201,    12.00000000000398,    2.00000000000614,    24.00000000008164,    2.00000000000614,
  595,     22.19374999999999,    11.99999999999713,    1.99999999999759,    23.99999999996535,    1.99999999999759,
  596,     22.21210505281802,    11.99999999998909,    1.99999999999770,    23.99999999995061,    1.99999999999770,
  597,     22.24959128777498,    12.00000000000585,    1.99999999999960,    24.00000000000686,    1.99999999999960,
  598,     22.29415871222506,    11.99999999999618,    2.00000000000100,    24.00000000000434,    2.00000000000100,
  599,     22.33164494718201,    12.00000000000158,    1.99999999999745,    23.99999999997258,    1.99999999999745,
  600,     22.35000000000005,    12.00000000001154,    1.99999999999529,    23.99999999996662,    1.99999999999529,
  601,     22.36835505281804,    12.00000000000435,    2.00000000000548,    24.00000000007445,    2.00000000000548,
  602,     22.40584128777492,    11.99999999998414,    1.99999999999930,    23.99999999995988,    1.99999999999930,
  603,     22.45040871222509,    12.00000000001903,    1.99999999999758,    24.00000000000902,    1.99999999999758,
  604,     22.48789494718201,    11.99999999999456,    2.00000000000338,    24.00000000002964,    2.00000000000338,
  605,     22.50625000000001,    11.99999999997707,    1.99999999999545,    23.99999999989958,    1.99999999999545,
  606,     22.52460505281806,    11.99999999998798,    1.99999999999706,    23.99999999994067,    1.99999999999706,
  607,     22.56209128777499,    12.00000000001385,    2.00000000000361,    24.00000000007105,    2.00000000000361,
  608,     22.60665871222503,    11.99999999999331,    1.99999999999956,    23.99999999998136,    1.99999999999956,
  609,     22.64414494718203,    11.99999999998970,    1.99999999999628,    23.99999999993473,    1.99999999999628,
  610,     22.66250000000004,    11.99999999999785,    2.00000000000334,    24.00000000003584,    2.00000000000334,
  611,     22.68085505281802,    12.00000000001551,    2.00000000000434,    24.00000000008304,    2.00000000000434,
  612,     22.71834128777493,    12.00000000000292,    1.99999999999832,    23.99999999998571,    1.99999999999832,
  613,     22.76290871222508,    11.99999999998361,    1.99999999999927,    23.99999999995849,    1.99999999999927,
  614,     22.80039494718199,    12.00000000001175,    2.00000000000237,    24.00000000005200,    2.00000000000237,
  615,     22.81875000000000,    12.00000000003449,    1.99999999999880,    24.00000000005454,    1.99999999999880,
  616,     22.83710505281800,    12.00000000000656,    2.00000000000093,    24.00000000002434,    2.00000000000093,
  617,     22.87459128777495,    11.99999999997863,    1.99999999999780,    23.99999999993081,    1.99999999999780,
  618,     22.91915871222509,    12.00000000001892,    1.99999999999954,    24.00000000003233,    1.99999999999954,
  619,     22.95664494718201,    12.00000000000251,    2.00000000000284,    24.00000000003904,    2.00000000000284,
  620,     22.97499999999999,    11.99999999997644,    2.00000000000041,    23.99999999995781,    2.00000000000041,
  621,     22.99335505281802,    11.99999999998479,    1.99999999999834,    23.99999999994968,    1.99999999999834,
  622,     23.03084128777498,    12.00000000001326,    1.99999999999960,    24.00000000002171,    1.99999999999960,
  623,     23.07540871222507,    11.99999999999900,    2.00000000000123,    24.00000000001274,    2.00000000000123,
  624,     23.11289494718199,    11.99999999998956,    1.99999999999967,    23.99999999997510,    1.99999999999967,
  625,     23.13125000000002,    11.99999999999244,    1.99999999999680,    23.99999999994643,    1.99999999999680,
  626,     23.14960505281804,    12.00000000000469,    2.00000000000058,    24.00000000001634,    2.00000000000058,
  627,     23.18709128777495,    12.00000000000984,    2.00000000000119,    24.00000000003396,    2.00000000000119,
  628,     23.23165871222504,    11.99999999998422,    1.99999999999947,    23.99999999996210,    1.99999999999947,
  629,     23.26914494718200,    12.00000000000817,    1.99999999999875,    24.00000000000128,    1.99999999999875,
  630,     23.28750000000003,    12.00000000002593,    1.99999999999916,    24.00000000004179,    1.99999999999916,
  631,     23.30585505281804,    12.00000000000261,    1.99999999999897,    23.99999999999281,    1.99999999999897,
  632,     23.34334128777497,    11.99999999998649,    2.00000000000271,    24.00000000000548,    2.00000000000271,
  633,     23.38790871222504,    12.00000000001357,    1.99999999999737,    23.99999999999560,    1.99999999999737,
  634,     23.42539494718208,    12.00000000000421,    1.99999999999596,    23.99999999995993,    1.99999999999596,
  635,     23.44375000000008,    11.99999999996202,    2.00000000000491,    23.99999999998300,    2.00000000000491,
  636,     23.46210505281805,    11.99999999998462,    2.00000000000535,    24.00000000003342,    2.00000000000535,
  637,     23.49959128777495,    12.00000000002172,    1.99999999999735,    24.00000000001169,    1.99999999999735,
  638,     23.54415871222512,    11.99999999998692,    2.00000000000027,    23.99999999997712,    2.00000000000027,
  639,     23.58164494718197,    11.99999999999064,    2.00000000000659,    24.00000000006040,    2.00000000000659,
  640,     23.59999999999995,    12.00000000002311,    1.99999999999930,    24.00000000003778,    1.99999999999930,
  641,     23.61835505281800,    12.00000000000922,    1.99999999999148,    23.99999999991620,    1.99999999999148,
  642,     23.65584128777503,    12.00000000000046,    2.00000000000289,    24.00000000003556,    2.00000000000289,
  643,     23.70040871222500,    11.99999999998595,    2.00000000000324,    24.00000000001074,    2.00000000000324,
  644,     23.73789494718203,    12.00000000001465,    1.99999999998975,    23.99999999990625,    1.99999999998975,
  645,     23.75625000000010,    12.00000000000606,    1.99999999999630,    23.99999999996766,    1.99999999999630,
  646,     23.77460505281805,    12.00000000000750,    2.00000000001334,    24.00000000017503,    2.00000000001334,
  647,     23.81209128777486,    11.99999999998827,    1.99999999999575,    23.99999999992552,    1.99999999999575,
  648,     23.85665871222518,    12.00000000001483,    1.99999999999431,    23.99999999996134,    1.99999999999431,
  649,     23.89414494718201,    11.99999999998674,    2.00000000001348,    24.00000000013523,    2.00000000001348,
  650,     23.91249999999994,    11.99999999998945,    1.99999999999936,    23.99999999997128,    1.99999999999936,
  651,     23.93085505281799,    11.99999999999368,    1.99999999999366,    23.99999999991126,    1.99999999999366,
  652,     23.96834128777500,    12.00000000001060,    2.00000000000036,    24.00000000002558,    2.00000000000036,
  653,     24.01290871222504,    11.99999999999001,    2.00000000000199,    24.00000000000391,    2.00000000000199,
  654,     24.05039494718202,    12.00000000000503,    1.99999999999433,    23.99999999994203,    1.99999999999433,
  655,     24.06875000000008,    12.00000000000951,    1.99999999999770,    23.99999999999147,    1.99999999999770,
  656,     24.08710505281806,    12.00000000000249,    2.00000000000485,    24.00000000006321,    2.00000000000485,
  657,     24.12459128777494,    11.99999999998719,    1.99999999999971,    23.99999999997084,    1.99999999999971,
  658,     24.16915871222509,    12.00000000001343,    1.99999999999840,    24.00000000000771,    1.99999999999840,
  659,     24.20664494718200,    12.00000000000464,    2.00000000000429,    24.00000000006075,    2.00000000000429,
  660,     24.22499999999998,    11.99999999999308,    2.00000000000034,    23.99999999999028,    2.00000000000034,
  661,     24.24335505281801,    11.99999999998541,    1.99999999999673,    23.99999999993162,    1.99999999999673,
  662,     24.28084128777497,    12.00000000000697,    2.00000000000107,    24.00000000002676,    2.00000000000107,
  663,     24.32540871222504,    12.00000000000524,    1.99999999999937,    24.00000000000287,    1.99999999999937,
  664,     24.36289494718204,    11.99999999998891,    1.99999999999683,    23.99999999993977,    1.99999999999683,
  665,     24.38125000000004,    11.99999999997143,    2.00000000000198,    23.99999999996661,    2.00000000000198,
  666,     24.39960505281804,    11.99999999999947,    2.00000000000260,    24.00000000003013,    2.00000000000260,
  667,     24.43709128777496,    12.00000000001958,    1.99999999999908,    24.00000000002806,    1.99999999999908,
  668,     24.48165871222508,    11.99999999997462,    2.00000000000072,    23.99999999995786,    2.00000000000072,
  669,     24.51914494718197,    12.00000000001795,    2.00000000000293,    24.00000000007101,    2.00000000000293,
  670,     24.53749999999998,    12.00000000004184,    1.99999999999971,    24.00000000008015,    1.99999999999971,
  671,     24.55585505281799,    11.99999999999772,    1.99999999999823,    23.99999999997425,    1.99999999999823,
  672,     24.59334128777497,    11.99999999998282,    1.99999999999870,    23.99999999995006,    1.99999999999870,
  673,     24.63790871222506,    12.00000000001626,    2.00000000000128,    24.00000000004785,    2.00000000000128,
  674,     24.67539494718199,    11.99999999999564,    2.00000000000007,    23.99999999999214,    2.00000000000007,
  675,     24.69374999999999,    11.99999999998159,    2.00000000000039,    23.99999999996784,    2.00000000000039,
  676,     24.71210505281804,    11.99999999999417,    1.99999999999456,    23.99999999992306,    1.99999999999456,
  677,     24.74959128777499,    12.00000000001284,    2.00000000000449,    24.00000000007951,    2.00000000000449,
  678,     24.79415871222500,    11.99999999998824,    1.99999999999974,    23.99999999997334,    1.99999999999974,
  679,     24.83164494718205,    11.99999999999754,    1.99999999999215,    23.99999999990090,    1.99999999999215,
  680,     24.85000000000009,    12.00000000000080,    2.00000000000507,    24.00000000006245,    2.00000000000507,
  681,     24.86835505281801,    12.00000000001702,    2.00000000001110,    24.00000000016720,    2.00000000001110,
  682,     24.90584128777487,    11.99999999999366,    1.99999999999583,    23.99999999993733,    1.99999999999583,
  683,     24.95040871222514,    11.99999999999869,    1.99999999999563,    23.99999999994495,    1.99999999999563,
  684,     24.98789494718200,    11.99999999999697,    2.00000000001148,    24.00000000013170,    2.00000000001148,
  685,     25.00624999999992,    12.00000000000791,    2.00000000000675,    24.00000000009688,    2.00000000000675,
  686,     25.02460505281794,    11.99999999999651,    1.99999999999105,    23.99999999988558,    1.99999999999105,
  687,     25.06209128777500,    12.00000000000698,    2.00000000000017,    24.00000000001604,    2.00000000000017,
  688,     25.10665871222498,    11.99999999999376,    2.00000000000515,    24.00000000004938,    2.00000000000515,
  689,     25.14414494718196,    12.00000000000726,    1.99999999999049,    23.99999999990041,    1.99999999999049,
  690,     25.16250000000006,    12.00000000000726,    1.99999999999304,    23.99999999993105,    1.99999999999304,
  691,     25.18085505281807,    12.00000000000394,    2.00000000000388,    24.00000000005450,    2.00000000000388,
  692,     25.21834128777493,    11.99999999998809,    2.00000000000093,    23.99999999998733,    2.00000000000093,
  693,     25.26290871222509,    12.00000000001061,    1.99999999999644,    23.99999999997845,    1.99999999999644,
  694,     25.30039494718205,    11.99999999999845,    2.00000000000154,    24.00000000001532,    2.00000000000154,
  695,     25.31875000000005,    11.99999999997194,    1.99999999999698,    23.99999999990761,    1.99999999999698,
  696,     25.33710505281804,    11.99999999999199,    2.00000000000544,    24.00000000004921,    2.00000000000544,
  697,     25.37459128777493,    12.00000000001721,    1.99999999999737,    24.00000000000288,    1.99999999999737,
  698,     25.41915871222511,    11.99999999998417,    2.00000000000058,    23.99999999997524,    2.00000000000058,
  699,     25.45664494718193,    12.00000000000108,    2.00000000000788,    24.00000000009676,    2.00000000000788,
  700,     25.47499999999993,    12.00000000004657,    1.99999999999755,    24.00000000006370,    1.99999999999755,
  701,     25.49335505281800,    12.00000000000371,    1.99999999998840,    23.99999999986826,    1.99999999998840,
  702,     25.53084128777504,    11.99999999998024,    2.00000000000394,    24.00000000000774,    2.00000000000394,
  703,     25.57540871222497,    12.00000000001437,    2.00000000000373,    24.00000000007351,    2.00000000000373,
  704,     25.61289494718201,    12.00000000001188,    1.99999999998808,    23.99999999988068,    1.99999999998808,
  705,     25.63125000000008,    11.99999999996157,    1.99999999999825,    23.99999999990215,    1.99999999999825,
  706,     25.64960505281806,    11.99999999998576,    2.00000000000978,    24.00000000008885,    2.00000000000978,
  707,     25.68709128777487,    12.00000000000775,    1.99999999999993,    24.00000000001466,    1.99999999999993,
  708,     25.73165871222510,    11.99999999999890,    1.99999999999432,    23.99999999992958,    1.99999999999432,
  709,     25.76914494718202,    11.99999999999589,    2.00000000000659,    24.00000000007082,    2.00000000000659,
  710,     25.78749999999999,    12.00000000001378,    2.00000000000362,    24.00000000007095,    2.00000000000362,
  711,     25.80585505281798,    12.00000000000067,    1.99999999999803,    23.99999999997764,    1.99999999999803,
  712,     25.84334128777496,    11.99999999999703,    1.99999999999909,    23.99999999998315,    1.99999999999909,
  713,     25.88790871222505,    12.00000000000447,    2.00000000000012,    24.00000000001035,    2.00000000000012,
  714,     25.92539494718201,    12.00000000000147,    1.99999999999929,    23.99999999999442,    1.99999999999929,
  715,     25.94374999999999,    11.99999999998386,    2.00000000000482,    24.00000000002558,    2.00000000000482,
  716,     25.96210505281798,    11.99999999999118,    2.00000000000083,    23.99999999999234,    2.00000000000083,
  717,     25.99959128777496,    12.00000000000752,    1.99999999999639,    23.99999999997166,    1.99999999999639,
  718,     26.04415871222508,    11.99999999999733,    2.00000000000332,    24.00000000003451,    2.00000000000332,
  719,     26.08164494718192,    12.00000000000267,    2.00000000000335,    24.00000000004553,    2.00000000000335,
  720,     26.09999999999996,    12.00000000001942,    1.99999999999282,    23.99999999995264,    1.99999999999282,
  721,     26.11835505281803,    11.99999999999273,    1.99999999999218,    23.99999999989167,    1.99999999999218,
  722,     26.15584128777500,    11.99999999999455,    2.00000000000543,    24.00000000005423,    2.00000000000543,
  723,     26.20040871222498,    12.00000000001041,    1.99999999999846,    24.00000000000238,    1.99999999999846,
  724,     26.23789494718209,    11.99999999999305,    1.99999999998978,    23.99999999986347,    1.99999999998978,
  725,     26.25625000000012,    11.99999999996207,    2.00000000000453,    23.99999999997846,    2.00000000000453,
  726,     26.27460505281805,    12.00000000000709,    2.00000000001311,    24.00000000017148,    2.00000000001311,
  727,     26.31209128777488,    12.00000000001156,    1.99999999999581,    23.99999999997279,    1.99999999999581,
  728,     26.35665871222516,    11.99999999998527,    1.99999999999630,    23.99999999992619,    1.99999999999630,
  729,     26.39414494718197,    11.99999999999778,    2.00000000001297,    24.00000000015115,    2.00000000001297,
  730,     26.41249999999992,    12.00000000004846,    2.00000000000341,    24.00000000013786,    2.00000000000341,
  731,     26.43085505281798,    12.00000000000409,    1.99999999998479,    23.99999999982563,    1.99999999998479,
  732,     26.46834128777507,    11.99999999998673,    2.00000000000524,    24.00000000003638,    2.00000000000524,
  733,     26.51290871222493,    12.00000000000894,    2.00000000000504,    24.00000000007840,    2.00000000000504,
  734,     26.55039494718204,    11.99999999999895,    1.99999999998229,    23.99999999978540,    1.99999999998229,
  735,     26.56875000000014,    11.99999999996015,    1.99999999999716,    23.99999999988622,    1.99999999999716,
  736,     26.58710505281809,    12.00000000000617,    2.00000000001544,    24.00000000019767,    2.00000000001544,
  737,     26.62459128777484,    12.00000000000739,    1.99999999999794,    23.99999999999010,    1.99999999999794,
  738,     26.66915871222515,    11.99999999999620,    1.99999999999381,    23.99999999991809,    1.99999999999381,
  739,     26.70664494718199,    11.99999999998954,    2.00000000001343,    24.00000000014028,    2.00000000001343,
  740,     26.72499999999992,    12.00000000002828,    2.00000000000193,    24.00000000007976,    2.00000000000193,
  741,     26.74335505281796,    12.00000000000798,    1.99999999999076,    23.99999999990504,    1.99999999999076,
  742,     26.78084128777504,    11.99999999999126,    1.99999999999980,    23.99999999998008,    1.99999999999980,
  743,     26.82540871222502,    12.00000000000102,    2.00000000000581,    24.00000000007172,    2.00000000000581,
  744,     26.86289494718197,    12.00000000000960,    1.99999999999366,    23.99999999994314,    1.99999999999366,
  745,     26.88125000000004,    11.99999999999623,    1.99999999999482,    23.99999999993027,    1.99999999999482,
  746,     26.89960505281805,    11.99999999999865,    2.00000000000366,    24.00000000004125,    2.00000000000366,
  747,     26.93709128777494,    11.99999999999324,    1.99999999999961,    23.99999999998186,    1.99999999999961,
  748,     26.98165871222511,    12.00000000000965,    1.99999999999648,    23.99999999997704,    1.99999999999648,
  749,     27.01914494718205,    11.99999999999001,    2.00000000000391,    24.00000000002695,    2.00000000000391,
  750,     27.03750000000002,    11.99999999998608,    2.00000000000184,    23.99999999999427,    2.00000000000184,
  751,     27.05585505281803,    11.99999999999735,    1.99999999999824,    23.99999999997354,    1.99999999999824,
  752,     27.09334128777500,    12.00000000001329,    1.99999999999930,    24.00000000001818,    1.99999999999930,
  753,     27.13790871222506,    11.99999999999021,    2.00000000000364,    24.00000000002407,    2.00000000000364,
  754,     27.17539494718196,    11.99999999999446,    1.99999999999919,    23.99999999997926,    1.99999999999919,
  755,     27.19375000000001,    12.00000000001456,    1.99999999999229,    23.99999999993663,    1.99999999999229,
  756,     27.21210505281806,    12.00000000001142,    1.99999999999595,    23.99999999997429,    1.99999999999595,
  757,     27.24959128777498,    11.99999999999397,    2.00000000000483,    24.00000000004583,    2.00000000000483,
  758,     27.29415871222502,    12.00000000000137,    1.99999999999769,    23.99999999997499,    1.99999999999769,
  759,     27.33164494718206,    12.00000000000838,    1.99999999999592,    23.99999999996779,    1.99999999999592,
  760,     27.35000000000004,    11.99999999998461,    2.00000000001046,    24.00000000009476,    2.00000000001046,
  761,     27.36835505281797,    11.99999999999041,    2.00000000000795,    24.00000000007627,    2.00000000000795,
  762,     27.40584128777491,    12.00000000000244,    1.99999999999202,    23.99999999990906,    1.99999999999202,
  763,     27.45040871222518,    12.00000000000667,    1.99999999999922,    24.00000000000397,    1.99999999999922,
  764,     27.48789494718196,    11.99999999998717,    2.00000000001400,    24.00000000014240,    2.00000000001400,
  765,     27.50624999999989,    12.00000000001030,    2.00000000000530,    24.00000000008419,    2.00000000000530,
  766,     27.52460505281796,    11.99999999999494,    1.99999999998441,    23.99999999980277,    1.99999999998441,
  767,     27.56209128777508,    12.00000000000838,    2.00000000000250,    24.00000000004675,    2.00000000000250,
  768,     27.60665871222496,    11.99999999999036,    2.00000000000691,    24.00000000006370,    2.00000000000691,
  769,     27.64414494718200,    12.00000000000800,    1.99999999998531,    23.99999999983969,    1.99999999998531,
  770,     27.66250000000010,    12.00000000000023,    1.99999999999659,    23.99999999995955,    1.99999999999659,
  771,     27.68085505281805,    12.00000000001737,    2.00000000001417,    24.00000000020474,    2.00000000001417,
  772,     27.71834128777486,    11.99999999998179,    1.99999999999629,    23.99999999991902,    1.99999999999629,
  773,     27.76290871222515,    12.00000000000916,    1.99999999999518,    23.99999999996049,    1.99999999999518,
  774,     27.80039494718196,    12.00000000000807,    2.00000000001477,    24.00000000019342,    2.00000000001477,
  775,     27.81874999999989,    12.00000000000399,    2.00000000000237,    24.00000000003638,    2.00000000000237,
  776,     27.83710505281794,    11.99999999997916,    1.99999999998874,    23.99999999982315,    1.99999999998874,
  777,     27.87459128777504,    12.00000000000641,    1.99999999999908,    24.00000000000172,    1.99999999999908,
  778,     27.91915871222501,    12.00000000000270,    2.00000000000643,    24.00000000008253,    2.00000000000643,
  779,     27.95664494718196,    11.99999999999391,    1.99999999999260,    23.99999999989901,    1.99999999999260,
  780,     27.97500000000004,    11.99999999998055,    1.99999999999159,    23.99999999986015,    1.99999999999159,
  781,     27.99335505281807,    12.00000000000477,    2.00000000000254,    24.00000000004004,    2.00000000000254,
  782,     28.03084128777495,    12.00000000001227,    2.00000000000135,    24.00000000004069,    2.00000000000135,
  783,     28.07540871222508,    11.99999999998500,    1.99999999999776,    23.99999999994317,    1.99999999999776,
  784,     28.11289494718202,    12.00000000000335,    2.00000000000221,    24.00000000003325,    2.00000000000221,
  785,     28.13125000000002,    12.00000000002900,    2.00000000000193,    24.00000000008120,    2.00000000000193,
  786,     28.14960505281801,    12.00000000000430,    1.99999999999981,    24.00000000000632,    1.99999999999981,
  787,     28.18709128777497,    11.99999999998546,    1.99999999999949,    23.99999999996475,    1.99999999999949,
  788,     28.23165871222507,    12.00000000001488,    2.00000000000002,    24.00000000002999,    2.00000000000002,
  789,     28.26914494718202,    11.99999999999433,    2.00000000000005,    23.99999999998929,    2.00000000000005,
  790,     28.28750000000000,    11.99999999997213,    2.00000000000087,    23.99999999995464,    2.00000000000087,
  791,     28.30585505281802,    11.99999999999493,    1.99999999999950,    23.99999999998382,    1.99999999999950,
  792,     28.34334128777495,    12.00000000001675,    2.00000000000098,    24.00000000004526,    2.00000000000098,
  793,     28.38790871222505,    11.99999999998833,    1.99999999999906,    23.99999999996538,    1.99999999999906,
  794,     28.42539494718202,    11.99999999999586,    1.99999999999858,    23.99999999997472,    1.99999999999858,
  795,     28.44375000000003,    12.00000000001527,    2.00000000000246,    24.00000000006003,    2.00000000000246,
  796,     28.46210505281800,    12.00000000001239,    2.00000000000310,    24.00000000006197,    2.00000000000310,
  797,     28.49959128777494,    11.99999999998836,    1.99999999999670,    23.99999999993717,    1.99999999999670,
  798,     28.54415871222510,    12.00000000000002,    1.99999999999985,    23.99999999999818,    1.99999999999985,
  799,     28.58164494718199,    12.00000000000787,    2.00000000000423,    24.00000000006651,    2.00000000000423,
  800,     28.59999999999998,    12.00000000000572,    1.99999999999782,    23.99999999998526,    1.99999999999782,
