 indi,                  x_v,                   v,                   H,                   q,                 eta
    0,     3.60000000000000,    12.00000000000020,    1.99999999999982,    23.99999999999829,    1.99999999999982,
    1,     3.62698018197594,    12.00000000000038,    2.00000000000003,    24.00000000000110,    2.00000000000003,
    2,     3.67812500000000,    11.99999999999950,    2.00000000000016,    24.00000000000091,    2.00000000000016,
    3,     3.72926981802406,    11.99999999999985,    2.00000000000008,    24.00000000000070,    2.00000000000008,
    4,     3.75624999999999,    12.00000000000023,    2.00000000000007,    24.00000000000133,    2.00000000000007,
    5,     3.78323018197594,    12.00000000000003,    1.99999999999979,    23.99999999999756,    1.99999999999979,
    6,     3.83437500000000,    12.00000000000009,    2.00000000000005,    24.00000000000076,    2.00000000000005,
    7,     3.88551981802406,    11.99999999999996,    2.00000000000018,    24.00000000000204,    2.00000000000018,
    8,     3.91250000000000,    11.99999999999995,    1.99999999999966,    23.99999999999586,    1.99999999999966,
    9,     3.93948018197594,    11.99999999999993,    1.99999999999998,    23.99999999999959,    1.99999999999998,
   10,     3.99062500000000,    12.00000000000011,    1.99999999999995,    23.99999999999963,    1.99999999999995,
   11,     4.04176981802406,    12.00000000000019,    1.99999999999999,    24.00000000000030,    1.99999999999999,
   12,     4.06875000000000,    11.99999999999985,    2.00000000000034,    24.00000000000374,    2.00000000000034,
   13,     4.09573018197594,    11.99999999999942,    2.00000000000002,    23.99999999999910,    2.00000000000002,
   14,     4.14687500000000,    12.00000000000001,    2.00000000000000,    24.00000000000008,    2.00000000000000,
   15,     4.19801981802406,    12.00000000000054,    2.00000000000004,    24.00000000000161,    2.00000000000004,
   16,     4.22500000000000,    12.00000000000067,    1.99999999999989,    23.99999999999999,    1.99999999999989,
   17,     4.25198018197594,    11.99999999999998,    1.99999999999988,    23.99999999999858,    1.99999999999988,
   18,     4.30312500000000,    11.99999999999935,    2.00000000000007,    23.99999999999955,    2.00000000000007,
   19,     4.35426981802406,    12.00000000000011,    2.00000000000017,    24.00000000000231,    2.00000000000017,
   20,     4.38125000000000,    12.00000000000077,    2.00000000000007,    24.00000000000234,    2.00000000000007,
   21,     4.40823018197594,    12.00000000000029,    1.99999999999984,    23.99999999999865,    1.99999999999984,
   22,     4.45937500000000,    11.99999999999935,    2.00000000000004,    23.99999999999916,    2.00000000000004,
   23,     4.51051981802406,    12.00000000000024,    2.00000000000004,    24.00000000000094,    2.00000000000004,
   24,     4.53750000000000,    12.00000000000041,    1.99999999999938,    23.99999999999332,    1.99999999999938,
   25,     4.56448018197594,    11.99999999999995,    2.00000000000021,    24.00000000000239,    2.00000000000021,
   26,     4.61562500000000,    11.99999999999989,    2.00000000000000,    23.99999999999983,    2.00000000000000,
   27,     4.66676981802406,    12.00000000000022,    2.00000000000027,    24.00000000000362,    2.00000000000027,
   28,     4.69374999999999,    12.00000000000070,    2.00000000000415,    24.00000000005125,    2.00000000000415,
   29,     4.72073018197594,    12.00000000000098,    1.99999999999493,    23.99999999994118,    1.99999999999493,
   30,     4.77187500000000,    11.99999999999471,    2.00000000000813,    24.00000000008696,    2.00000000000813,
   31,     4.82301981802392,    11.99999999999082,    1.99999999998947,    23.99999999985528,    1.99999999998947,
   32,     4.85000000000032,    12.00000000011115,    1.99999999987271,    23.99999999869484,    1.99999999987271,
   33,     4.87698018197587,    11.99999999995429,    2.00000000014558,    24.00000000165557,    2.00000000014558,
   34,     4.92812499999973,    12.00000000010465,    1.99999999976536,    23.99999999739361,    1.99999999976536,
   35,     4.97926981803265,    12.00000000167533,    1.99999999977810,    24.00000000068792,    1.99999999977810,
   36,     5.00625000000671,    11.99999998787741,    2.00000000066109,    23.99999998368790,    2.00000000066109,
   37,     5.03323018197719,    12.00000000279440,    1.99999999952835,    23.99999999992897,    2.00000000380450,
   38,     5.08437500002818,    12.00000000187308,    2.00000000192611,    24.00000002685954,    1.99999999116052,
   39,     5.13551981755367,    11.99999985719709,    2.00000004809791,    24.00000029156912,    2.00000006914759,
   40,     5.16249999852630,    11.99999682775598,    1.99999937496591,    23.99998615510482,    1.99999946276778,
   41,     5.18948018884358,    12.00000139458532,    1.99999997025805,    24.00000243226720,    2.00000207715147,
   42,     5.24062498009372,    11.99998763244481,    2.00000260613631,    24.00000653849307,    2.00001354637301,
   43,     5.29176963291144,    11.99992346956625,    2.00001212720333,    23.99999246464434,    2.00009318691739,
   44,     5.31874958573917,    11.99984851097091,    2.00002372187083,    23.99998168079814,    2.00018851552188,
   45,     5.34572928381208,    11.99970947180483,    2.00004831757627,    23.99999874048726,    2.00035118251905,
   46,     5.39687202109869,    11.99927239193693,    2.00012183427228,    24.00000670649365,    2.00089328822935,
   47,     5.44801222843302,    11.99850770528812,    2.00024940294102,    24.00000787368576,    2.00182681627295,
   48,     5.47498842635870,    11.99795057871285,    2.00034540196168,    24.00004527309174,    2.00251071373278,
   49,     5.50196325505602,    11.99728047822089,    2.00045201886961,    23.99998395360190,    2.00332234457892,
   50,     5.55309331166968,    11.99569737799179,    2.00071573383190,    23.99998048243420,    2.00525996751889,
   51,     5.60421568892704,    11.99370414051928,    2.00105105796613,    24.00001435931889,    2.00770066610205,
   52,     5.63118035834967,    11.99249254720230,    2.00125231595085,    24.00000348411195,    2.00918222665331,
   53,     5.65814218745621,    11.99117793465938,    2.00147326863344,    24.00002209564785,    2.01079289344252,
   54,     5.70924360629336,    11.98840958290640,    2.00193264436542,    23.99998849804352,    2.01416837794980,
   55,     5.76033261827961,    11.98533157688144,    2.00244584281680,    23.99997739090719,    2.01792828174608,
   56,     5.78727789138583,    11.98359492318607,    2.00273853506034,    24.00000734121814,    2.02005148352238,
   57,     5.81421917299573,    11.98179376755452,    2.00303949260231,    24.00000610862792,    2.02225535904205,
   58,     5.86527879851148,    11.97820795123390,    2.00364030326829,    24.00002021202091,    2.02663784523976,
   59,     5.91632271896076,    11.97443014096730,    2.00427042429178,    23.99999617928878,    2.03124260358226,
   60,     5.94324313355604,    11.97237791793534,    2.00461086302340,    23.99995883051466,    2.03374324267462,
   61,     5.97015890386653,    11.97029195313378,    2.00496227270520,    23.99998375929992,    2.03629189018267,
   62,     6.02116854708272,    11.96625790136659,    2.00564008189666,    24.00000647729346,    2.04121724602702,
   63,     6.07216078477039,    11.96214532294215,    2.00633078959988,    24.00002047108707,    2.04623801855468,
   64,     6.09905336568079,    11.95994998180063,    2.00669969927519,    24.00002803182564,    2.04891419028498,
   65,     6.12594101110750,    11.95773992415447,    2.00706716745347,    23.99998719871799,    2.05160034398107,
   66,     6.17689681091725,    11.95353885274448,    2.00777209679935,    23.99998176654726,    2.05671904838000,
   67,     6.22783465520808,    11.94933093168857,    2.00848086165071,    24.00000248582731,    2.06184942711408,
   68,     6.25469842042246,    11.94711525798797,    2.00885316787936,    24.00000033302895,    2.06455087063343,
   69,     6.28155719081384,    11.94490253761096,    2.00922767037635,    24.00002869851665,    2.06724943476549,
   70,     6.33245821759630,    11.94071912228658,    2.00992895320875,    23.99999708601717,    2.07233436625667,
   71,     6.38334156928297,    11.93657455634440,    2.01062499110768,    23.99997511120613,    2.07737566705753,
   72,     6.41017672528435,    11.93440464484915,    2.01099226784993,    23.99999546218389,    2.08001582442571,
   73,     6.43700701101458,    11.93225236360674,    2.01135510900237,    23.99999675344602,    2.08263661251739,
   74,     6.48785443831638,    11.92821470429469,    2.01203821001692,    24.00002376232664,    2.08755437034596,
   75,     6.53868474203844,    11.92422722344602,    2.01270950467923,    24.00000546858469,    2.09239529150006,
   76,     6.56549223522671,    11.92215209406756,    2.01305697640471,    23.99997144672067,    2.09491400306847,
   77,     6.59229509905167,    11.92009585616137,    2.01340493642409,    23.99997983944362,    2.09741281903137,
   78,     6.64309117366476,    11.91625388797180,    2.01405536679970,    23.99999509521744,    2.10208212854457,
   79,     6.69387099624532,    11.91249118121198,    2.01469387697245,    24.00002304227610,    2.10666050163264,
   80,     6.72065219224835,    11.91053343204637,    2.01502605677381,    24.00003521564905,    2.10903818241451,
   81,     6.74742901796196,    11.90859331369023,    2.01535132482977,    23.99999931160454,    2.11138590657452,
   82,     6.79817656075367,    11.90498255578483,    2.01596096432914,    23.99998011348163,    2.11576509559727,
   83,     6.84890889238717,    11.90145336409772,    2.01655953137528,    23.99998921858962,    2.12004811150031,
   84,     6.87566545630535,    11.89962718094032,    2.01686963260587,    23.99999670056993,    2.12226720127967,
   85,     6.90241791716878,    11.89782433009498,    2.01717804211527,    24.00002998761246,    2.12446060921326,
   86,     6.95312000340009,    11.89445792991962,    2.01774703940529,    24.00000727342610,    2.12853682240027,
   87,     7.00380799028986,    11.89117496951007,    2.01830168509311,    23.99997847869916,    2.13251228217608,
   88,     7.03054160141631,    11.88947434915132,    2.01859091579263,    23.99998491474631,    2.13457130888781,
   89,     7.05727141735734,    11.88780039305496,    2.01887510087204,    23.99998421767556,    2.13660138231641,
   90,     7.10793137748808,    11.88469305971032,    2.01940616574741,    24.00002244279445,    2.14037666546498,
   91,     7.15857819696297,    11.88165563135089,    2.01992191081384,    24.00001654651028,    2.14405172540728,
   92,     7.18529052887607,    11.88008740529660,    2.02018611756253,    23.99998765160964,    2.14594861597537,
   93,     7.21199937729476,    11.87853914915063,    2.02044888250568,    23.99998114970137,    2.14782082688689,
   94,     7.26262041140781,    11.87566609763198,    2.02093785946451,    23.99998322306364,    2.15129748236718,
   95,     7.31322934452770,    11.87287982984934,    2.02141514233085,    24.00001907113199,    2.15468059868512,
   96,     7.33992206078854,    11.87143768918899,    2.02166224999984,    24.00003742945874,    2.15642802556265,
   97,     7.36661155638252,    11.87001282380322,    2.02190277135313,    24.00001182444490,    2.15814660772813,
   98,     7.41719671329684,    11.86737277964306,    2.02235043647317,    23.99998652070089,    2.16133572178161,
   99,     7.46777081025410,    11.86480685494374,    2.02278707764938,    23.99997798498599,    2.16443580999900,
  100,     7.49444556395441,    11.86348798828885,    2.02301253986098,    23.99998496679849,    2.16603533049977,
  101,     7.52111735402692,    11.86219091668108,    2.02323669586402,    24.00001995597399,    2.16761240918332,
  102,     7.57166959464181,    11.85977364039404,    2.02364899706245,    24.00001903277106,    2.17053207521148,
  103,     7.62221172081561,    11.85742699799919,    2.02404710507788,    23.99999078897259,    2.17336368919321,
  104,     7.64887000345353,    11.85621533205499,    2.02425248213214,    23.99997331460547,    2.17482351044338,
  105,     7.67552559756761,    11.85502494765606,    2.02445563635062,    23.99997207435957,    2.17626113698172,
  106,     7.72604783740729,    11.85282949977828,    2.02483408207732,    24.00001314020258,    2.17892560106145,
  107,     7.77656078079817,    11.85069272588670,    2.02520017087735,    24.00002493348073,    2.18150800484637,
  108,     7.80320400672740,    11.84958959699330,    2.02538699812454,    24.00000470286207,    2.18283636658925,
  109,     7.82984478526447,    11.84850342820504,    2.02557210052625,    23.99999797716177,    2.18414417104799,
  110,     7.88033965432042,    11.84649877648068,    2.02591244163520,    23.99996926108837,    2.18656175910108,
  111,     7.93082614332728,    11.84456525358416,    2.02624590747322,    24.00000187087443,    2.18890677045371,
  112,     7.95745569734652,    11.84356355361352,    2.02642143389485,    24.00005103873835,    2.19011739702630,
  113,     7.98408300788301,    11.84258187621262,    2.02658734348171,    24.00002654447836,    2.19130065369879,
  114,     8.03455299192017,    11.84076737535073,    2.02689516324778,    23.99999412224051,    2.19348892712570,
  115,     8.08501541598464,    11.83900278229775,    2.02719488814025,    23.99996592095225,    2.19560715337218,
  116,     8.11163263578926,    11.83810386643769,    2.02735000930735,    23.99997998380380,    2.19669701854915,
  117,     8.13824783544689,    11.83722511728810,    2.02750305542360,    24.00001009303855,    2.19776805793062,
  118,     8.18869533689493,    11.83558500686802,    2.02778545225501,    24.00002709585454,    2.19974526194642,
  119,     8.23913597270468,    11.83400407898649,    2.02805454683129,    24.00000577960854,    2.20165065393084,
  120,     8.26574203694189,    11.83319045787605,    2.02819039774796,    23.99996326138702,    2.20262648507776,
  121,     8.29234630696505,    11.83238957783921,    2.02832803894023,    23.99996754839542,    2.20358827015021,
  122,     8.34277365018620,    11.83092584210665,    2.02858202129506,    24.00000345857266,    2.20536160683854,
  123,     8.39319480052563,    11.82951389624796,    2.02882602126339,    24.00002561160470,    2.20706956931826,
  124,     8.41979082491405,    11.82879073866134,    2.02895046649060,    24.00003048722667,    2.20794430266285,
  125,     8.44638524341027,    11.82807619345492,    2.02907066492630,    24.00000242665246,    2.20879977490113,
  126,     8.49679452276550,    11.82676058897483,    2.02929371905617,    23.99997097998764,    2.21037592001123,
  127,     8.54719833748530,    11.82550821668119,    2.02951048196514,    23.99999288031942,    2.21189317374142,
  128,     8.57378547668842,    11.82486707867537,    2.02962182837624,    24.00000834052713,    2.21266966040974,
  129,     8.60037116643167,    11.82423871893093,    2.02973155414916,    24.00003043160630,    2.21343024243058,
  130,     8.65076434140896,    11.82308063366525,    2.02992867316979,    24.00001038347554,    2.21482237716624,
  131,     8.70115275131445,    11.82196705285824,    2.03011649239098,    23.99997028651036,    2.21615507942646,
  132,     8.72773204790823,    11.82140106453117,    2.03021367080548,    23.99997004928567,    2.21683627052087,
  133,     8.75431008633454,    11.82085301529318,    2.03030941333770,    23.99998915063107,    2.21750238479261,
  134,     8.80468920062149,    11.81984672603344,    2.03048533007948,    24.00002538099882,    2.21872245516303,
  135,     8.85506418403763,    11.81888139791769,    2.03065083484928,    24.00002137766614,    2.21988413656953,
  136,     8.88163679514864,    11.81838920328787,    2.03073326459208,    23.99999608901262,    2.22047296872928,
  137,     8.90820854336401,    11.81790683580546,    2.03081373186190,    23.99996748401835,    2.22104675902881,
  138,     8.95857727777035,    11.81703749114406,    2.03096445382286,    23.99998309400572,    2.22209707414509,
  139,     9.00894468113430,    11.81621682934979,    2.03110909111959,    24.00002542473269,    2.22309521500242,
  140,     9.03551477416734,    11.81580073467201,    2.03118134701089,    24.00003405226341,    2.22359934113051,
  141,     9.06208523780754,    11.81539202733161,    2.03125047166097,    24.00002062837659,    2.22408774501655,
  142,     9.11245544015880,    11.81464915471219,    2.03137437892620,    23.99997558888449,    2.22497217996253,
  143,     9.16282995047946,    11.81395624408380,    2.03149336144783,    23.99997368229137,    2.22580721078598,
  144,     9.18940611951903,    11.81360899332779,    2.03155537790782,    24.00000088289522,    2.22622920064337,
  145,     9.21598424785623,    11.81327657153470,    2.03161461055053,    24.00002528120417,    2.22663621860109,
  146,     9.26637323309922,    11.81267054384922,    2.03171863148689,    24.00002283155480,    2.22736628967866,
  147,     9.31677190132914,    11.81209973891737,    2.03181348665433,    23.99998355523837,    2.22804400017453,
  148,     9.34336287616229,    11.81181589699798,    2.03186070054209,    23.99996452314853,    2.22838140629359,
  149,     9.36995713831613,    11.81154746992708,    2.03190751274315,    23.99997204126719,    2.22870653531768,
  150,     9.42037997028741,    11.81107389617754,    2.03199275106964,    24.00001653938062,    2.22928693779877,
  151,     9.47081622959590,    11.81063639438749,    2.03206937011070,    24.00003245854943,    2.22981649163231,
  152,     9.49742838020451,    11.81042066733304,    2.03210520723353,    24.00001733770599,    2.23007433976204,
  153,     9.52404467211266,    11.81021125085298,    2.03213825506334,    23.99998208323776,    2.23031775092621,
  154,     9.57451140149223,    11.80985299456140,    2.03219867117723,    23.99996756234608,    2.23074509129847,
  155,     9.62499388516878,    11.80954476229821,    2.03225536232297,    24.00001066977369,    2.23112715462975,
  156,     9.65163116504344,    11.80939712441083,    2.03228306795713,    24.00003781872176,    2.23130982083449,
  157,     9.67827301705729,    11.80925748989884,    2.03230684161252,    24.00003479108534,    2.23147705820524,
  158,     9.72878928079336,    11.80901893287489,    2.03234400512997,    23.99998883469463,    2.23175469780157,
  159,     9.77932254665595,    11.80882253850057,    2.03237550630431,    23.99996168554288,    2.23198553751600,
  160,     9.80598701226227,    11.80873586820809,    2.03239114806229,    23.99997024835179,    2.23208979293762,
  161,     9.83265624574329,    11.80866795708335,    2.03240678359156,    24.00001686115647,    2.23218262584470,
  162,     9.88322475541249,    11.80856058778607,    2.03242692921052,    24.00003653383037,    2.23231780896164,
  163,     9.93381063079399,    11.80848043684930,    2.03243652709034,    23.99998696928420,    2.23240147499700,
  164,     9.96050298105400,    11.80845511370782,    2.03243842485446,    23.99995791126892,    2.23242594434902,
  165,     9.98720017010589,    11.80844699556177,    2.03244115247138,    23.99997362055673,    2.23243984103548,
  166,     10.03782172301628,    11.80846225235251,    2.03244195814458,    24.00001414284764,    2.23243051510077,
  167,     10.08846051091648,    11.80851154663985,    2.03243409696945,    24.00002150184833,    2.23237148432521,
  168,     10.11518069104176,    11.80855359214777,    2.03242576293404,    24.00000854366847,    2.23231960203596,
  169,     10.14190565915203,    11.80860407345172,    2.03241518248274,    23.99998620281083,    2.23225401910509,
  170,     10.19257974287792,    11.80873451198465,    2.03239265108436,    23.99998524076385,    2.23209573639887,
  171,     10.24327076457717,    11.80890962921109,    2.03236467106592,    24.00001073421875,    2.23189066417286,
  172,     10.27001833489511,    11.80901835816226,    2.03234681680997,    24.00002086986157,    2.23176268623772,
  173,     10.29677056995439,    11.80913394515863,    2.03232540845999,    24.00000296865329,    2.23161958297794,
  174,     10.34749602752354,    11.80938600613897,    2.03228092151935,    23.99998987513380,    2.23131255800647,
  175,     10.39823800349465,    11.80968307007598,    2.03223081093185,    24.00000180234862,    2.23095802930173,
  176,     10.42501227030989,    11.80985625371769,    2.03220174704628,    24.00001051117052,    2.23075143039112,
  177,     10.45179106454513,    11.81003874521286,    2.03216978627809,    24.00000391279514,    2.23053017997546,
  178,     10.50256648122573,    11.81041679833492,    2.03210411550329,    23.99999658170563,    2.23007329098493,
  179,     10.55335792845690,    11.81083792136055,    2.03203187351472,    23.99999910912096,    2.22956716985196,
  180,     10.58015809771397,    11.81107670192824,    2.03199106074358,    24.00000227607489,    2.22928018619516,
  181,     10.60696265583062,    11.81132672474605,    2.03194803435042,    24.00000212141832,    2.22897898254963,
  182,     10.65778652221534,    11.81183283857471,    2.03186076626326,    23.99999972235993,    2.22836917629660,
  183,     10.70862592769456,    11.81238152178040,    2.03176629371093,    23.99999862440723,    2.22770847372769,
  184,     10.73545120323306,    11.81268799024839,    2.03171363171941,    23.99999921703581,    2.22733937868283,
  185,     10.76228073515992,    11.81300664597619,    2.03165898595549,    24.00000110344946,    2.22695597070976,
  186,     10.81315158086447,    11.81364345374855,    2.03154942994993,    24.00000062409461,    2.22618914216150,
  187,     10.86403750717124,    11.81432360551894,    2.03143231766871,    23.99999878364746,    2.22536977353670,
  188,     10.89088714513671,    11.81469998522118,    2.03136759495973,    23.99999869414946,    2.22491631021738,
  189,     10.91774091941893,    11.81508902682149,    2.03130087130075,    24.00000063467838,    2.22444811960989,
  190,     10.96865739838711,    11.81586028204864,    2.03116828558784,    24.00000067183421,    2.22351930220868,
  191,     11.01958855267291,    11.81667631290344,    2.03102788476267,    23.99999909672139,    2.22253611984988,
  192,     11.04646189343698,    11.81712503628313,    2.03095074709124,    23.99999892090981,    2.22199544876952,
  193,     11.07333926701153,    11.81758680219328,    2.03087151321474,    24.00000039151675,    2.22143947968297,
  194,     11.12430020866157,    11.81849723949497,    2.03071507522164,    24.00000051070774,    2.22034277395827,
  195,     11.17527548537339,    11.81945425218436,    2.03055055412684,    23.99999938124983,    2.21918958039592,
  196,     11.20217197263854,    11.81997811002680,    2.03046054927462,    23.99999924569895,    2.21855830068570,
  197,     11.22907240825069,    11.82051544868836,    2.03036833315263,    24.00000024855825,    2.21791104988485,
  198,     11.28007684778233,    11.82157069799505,    2.03018710123926,    24.00000034745756,    2.21663953880879,
  199,     11.33109535398188,    11.82267461208370,    2.02999747346962,    23.99999959218331,    2.21530906761276,
  200,     11.35801454610695,    11.82327683343365,    2.02989406780130,    23.99999950615949,    2.21458320824732,
  201,     11.38493762260640,    11.82389307370682,    2.02978832856647,    24.00000015922799,    2.21384061047895,
  202,     11.43598481860218,    11.82509965944192,    2.02958122272478,    24.00000022565255,    2.21238629155760,
  203,     11.48704588861006,    11.82635728339008,    2.02936535411215,    23.99999973626371,    2.21087016564030,
  204,     11.51398746521538,    11.82704157474232,    2.02924793453533,    23.99999968720937,    2.21004516189662,
  205,     11.54093288355346,    11.82774052942139,    2.02912805216816,    24.00000010201528,    2.20920255427815,
  206,     11.59202232804014,    11.82910589937606,    2.02889384433141,    24.00000014318844,    2.20755628272935,
  207,     11.64312553180768,    11.83052497690458,    2.02865045110591,    23.99999983121725,    2.20584496703453,
  208,     11.67008929758320,    11.83129554486123,    2.02851832372661,    23.99999980617599,    2.20491563606089,
  209,     11.69705688426844,    11.83208152455483,    2.02838359550372,    24.00000006506968,    2.20396773223172,
  210,     11.74818830845920,    11.83361407953379,    2.02812090442207,    24.00000008956578,    2.20211917619652,
  211,     11.79933345637519,    11.83520331828781,    2.02784855040260,    23.99999989270991,    2.20020193955386,
  212,     11.82631934328727,    11.83606488165276,    2.02770093962948,    23.99999988204275,    2.19916246294826,
  213,     11.85330905239132,    11.83694270489710,    2.02755057953335,    24.00000004121722,    2.19810333768181,
  214,     11.90448243001085,    11.83865181290357,    2.02725786979499,    24.00000005547151,    2.19604095463097,
  215,     11.95566957569683,    11.84042088962191,    2.02695496687485,    23.99999993210784,    2.19390585620581,
  216,     11.98267764427263,    11.84137867744327,    2.02679101669939,    23.99999992877768,    2.19274977793665,
  217,     12.00968955858956,    11.84235366690212,    2.02662415774748,    24.00000002593328,    2.19157286932795,
  218,     12.06090510775099,    11.84424964523796,    2.02629974487676,    24.00000003440233,    2.18928392082245,
  219,     12.11213454955693,    11.84620917176916,    2.02596456039704,    23.99999995705467,    2.18691784246329,
  220,     12.13916498951944,    11.84726889793960,    2.02578333976593,    23.99999995517308,    2.18563809451585,
  221,     12.16619932108686,    11.84834685089293,    2.02559904079988,    24.00000001623304,    2.18433623661863,
  222,     12.21745750494913,    11.85044089262062,    2.02524110619971,    24.00000002232532,    2.18180686928410,
  223,     12.26872978615016,    11.85260231616886,    2.02487178192808,    23.99999997242573,    2.17919562648193,
  224,     12.29578291631097,    11.85377011491108,    2.02467229693505,    23.99999996589703,    2.17778460149614,
  225,     12.32284000613590,    11.85495723076079,    2.02446955674740,    24.00000001021769,    2.17635010818929,
  226,     12.37414153186354,    11.85726123891754,    2.02407617859742,    24.00000001709953,    2.17356554506406,
  227,     12.42545743883331,    11.85963663448945,    2.02367076841802,    23.99999998127578,    2.17069412783724,
  228,     12.45253370575607,    11.86091893170682,    2.02345198550645,    23.99999996229320,    2.16914382904359,
  229,     12.47961402218150,    11.86222166949641,    2.02322976885584,    24.00000000649195,    2.16756866195041,
  230,     12.53095983691473,    11.86474794201519,    2.02279897856539,    24.00000001804413,    2.16451357390646,
  231,     12.58232039366624,    11.86734963053257,    2.02235551598172,    23.99999998539120,    2.16136659857270,
  232,     12.60942036811204,    11.86875291180857,    2.02211640270026,    23.99999994256459,    2.15966891485322,
  233,     12.63652450273097,    11.87017773547849,    2.02187368538110,    24.00000000416057,    2.15794498718811,
  234,     12.68791578418058,    11.87293841058355,    2.02140356463649,    24.00000002586310,    2.15460415455159,
  235,     12.73932224043632,    11.87577829805977,    2.02092017745878,    23.99999998557610,    2.15116665436372,
  236,     12.76644660989047,    11.87730871139076,    2.02065977104957,    23.99999990144394,    2.14931383611755,
  237,     12.79357526915232,    11.87886165586857,    2.02039561514720,    24.00000000245706,    2.14743353444195,
  238,     12.84501340683687,    11.88186777566083,    2.01988445721457,    24.00000004273594,    2.14379297324409,
  239,     12.89646721495917,    11.88495624795243,    2.01935955683358,    23.99999998185177,    2.14005173077996,
  240,     12.92361676946516,    11.88661894337645,    2.01907707677465,    23.99999982892671,    2.13803718652392,
  241,     12.95077075896322,    11.88830489570898,    2.01879075371203,    24.00000000076672,    2.13599424050422,
  242,     13.00225731965890,    11.89156486271155,    2.01823732619989,    24.00000007285157,    2.13204307000316,
  243,     13.05376009294607,    11.89490897406054,    2.01766991456054,    23.99999997339807,    2.12798881313336,
  244,     13.08093569980815,    11.89670702538467,    2.01736494453474,    23.99999970841116,    2.12580841716180,
  245,     13.10811589643879,    11.89852855347515,    2.01705613349758,    23.99999999838320,    2.12359932349782,
  246,     13.15965256359790,    11.90204562390386,    2.01646010119619,    24.00000012321880,    2.11933281351063,
  247,     13.21120600403011,    11.90564616581500,    2.01585026332903,    23.99999995846040,    2.11496378442877,
  248,     13.23840856433780,    11.90757883032344,    2.01552304255712,    23.99999951358226,    2.11261799632481,
  249,     13.26561586870318,    11.90953429540735,    2.01519214765407,    23.99999999432176,    2.11024432238133,
  250,     13.31720433961464,    11.91330254949531,    2.01455474711604,    24.00000020491539,    2.10566881100856,
  251,     13.36881011621236,    11.91714935298118,    2.01390443496279,    23.99999993408272,    2.10099650711856,
  252,     13.39604049206388,    11.91920928886849,    2.01355632102631,    23.99999920523665,    2.09849377293898,
  253,     13.42327574909283,    11.92128983190714,    2.01320497407266,    23.99999998695726,    2.09596584628750,
  254,     13.47491756426475,    11.92528775795691,    2.01253008073798,    24.00000033434462,    2.09110659556535,
  255,     13.52657711253940,    11.92935224208291,    2.01184434905990,    23.99999989617954,    2.08616490341748,
  256,     13.55383600759187,    11.93152110972998,    2.01147854587489,    23.99999873187523,    2.08352704975819,
  257,     13.58109987665046,    11.93370589757327,    2.01111039429870,    23.99999997311334,    2.08086979239001,
  258,     13.63279614188139,    11.93788631804939,    2.01040618858501,    24.00000053243077,    2.07578335834786,
  259,     13.68451033903427,    11.94210986893771,    2.00969511286856,    23.99999984094347,    2.07064283577054,
  260,     13.71179810590549,    11.94435151508595,    2.00931779503481,    23.99999804941316,    2.06791345410157,
  261,     13.73909085204518,    11.94660040510177,    2.00893970937354,    23.99999994582700,    2.06517539866540,
  262,     13.79084179408530,    11.95087508027193,    2.00822121003343,    24.00000081466208,    2.05996858726893,
  263,     13.84261044352697,    11.95515154361227,    2.00750276432177,    23.99999977168736,    2.05475802811263,
  264,     13.86992677999973,    11.95740187794364,    2.00712474639398,    23.99999721179853,    2.05201497189221,
  265,     13.89724794626538,    11.95964462535730,    2.00674858154098,    23.99999988766995,    2.04928152870470,
  266,     13.94905222114368,    11.96386209348041,    2.00604127329382,    24.00000114751715,    2.04413875403150,
  267,     14.00087326013905,    11.96801342977191,    2.00534532024976,    23.99999972407944,    2.03907523449230,
  268,     14.02821674741503,    11.97016684007759,    2.00498430911521,    23.99999669184675,    2.03644747826445,
  269,     14.05556466137823,    11.97228897420538,    2.00462917366124,    23.99999975319488,    2.03385824541802,
  270,     14.10741833031340,    11.97620725111527,    2.00397344451188,    24.00000129720561,    2.02907536826556,
  271,     14.15928668784931,    11.97995654053495,    2.00334615286530,    23.99999984697412,    2.02449764569074,
  272,     14.18665414150958,    11.98185258244847,    2.00302901086585,    23.99999832656220,    2.02218202906533,
  273,     14.21402523651469,    11.98368294750742,    2.00272316432326,    23.99999943287878,    2.01994584770614,
  274,     14.26592041405291,    11.98695172848153,    2.00217711204849,    24.00000039399574,    2.01595258680953,
  275,     14.31782660538492,    11.98991725769794,    2.00168192147064,    24.00000061466285,    2.01232864297651,
  276,     14.34521233233663,    11.99134503798553,    2.00144412420669,    24.00000706761121,    2.01058511805151,
  277,     14.37260042151769,    11.99266683497818,    2.00122284185904,    23.99999880496375,    2.00896603997268,
  278,     14.42452402114124,    11.99487504584704,    2.00085420696048,    23.99999619744827,    2.00626816576668,
  279,     14.47645319567216,    11.99666523655809,    2.00055619942139,    24.00000301137930,    2.00407883668660,
  280,     14.50384869063075,    11.99743786523095,    2.00042933167179,    24.00002661051774,    2.00313806356107,
  281,     14.53124486345951,    11.99808745963352,    2.00031871266254,    23.99999886166673,    2.00233694220758,
  282,     14.58317912827570,    11.99901487269739,    2.00016320090076,    23.99998799543029,    2.00120526446434,
  283,     14.63511290637749,    11.99958014181800,    2.00007035689171,    24.00000453679658,    2.00051306228306,
  284,     14.66250850648831,    11.99975529929654,    2.00004176205060,    24.00001173298112,    2.00029637551003,
  285,     14.68990334233869,    11.99987823043251,    2.00002096364275,    24.00000802202532,    2.00015444307395,
  286,     14.74183154102844,    11.99997457209919,    2.00000400272217,    23.99999717676268,    2.00002834292403,
  287,     14.79375567155987,    11.99999561972095,    1.99999959427262,    23.99998637071518,    2.00000320583933,
  288,     14.82114519764334,    12.00000012124760,    1.99999629016576,    23.99995572448382,    1.99999664849650,
  289,     14.84853342911817,    12.00000012524092,    2.00000076878705,    24.00000947592655,    2.00000085686319,
  290,     14.90044803892266,    12.00000219577500,    2.00000154938265,    24.00002298414521,    2.00000150698793,
  291,     14.95235773013645,    12.00000057790132,    1.99999952869039,    23.99999550008702,    1.99999954573346,
  292,     14.97973933987380,    11.99999807768127,    2.00000084696457,    24.00000631893574,    2.00000084696457,
  293,     15.00711948331268,    11.99999626270264,    1.99999829825331,    23.99997210445141,    1.99999829825331,
  294,     15.05901835067428,    12.00000045626003,    1.99999995998779,    24.00000043237354,    1.99999995998779,
  295,     15.11091151984162,    12.00000196785954,    2.00000180687759,    24.00002561825377,    2.00000180687759,
  296,     15.13828413801589,    12.00000353769076,    1.99999940475558,    23.99999993244635,    1.99999940475558,
  297,     15.16565510176605,    12.00000092136540,    2.00000032402920,    24.00000573108149,    2.00000032402920,
  298,     15.21753602770136,    11.99999617567252,    1.99999879278006,    23.99997786471032,    1.99999879278006,
  299,     15.26941064759501,    12.00000049073249,    1.99999919221611,    23.99999128805796,    1.99999919221611,
  300,     15.29677315749697,    12.00000108871466,    2.00000230895116,    24.00002988484579,    2.00000230895116,
  301,     15.32413378804790,    12.00000213700784,    2.00000120174395,    24.00001869494562,    2.00000120174395,
  302,     15.37599458043548,    12.00000171207973,    2.00000024883040,    24.00000641012467,    2.00000024883040,
  303,     15.42784832145890,    11.99999604684178,    1.99999895617526,    23.99997956779081,    1.99999895617526,
  304,     15.45519956113357,    11.99999631636725,    1.99999731942078,    23.99996046579369,    1.99999731942078,
  305,     15.48254871946792,    12.00000028089485,    1.99999990239819,    23.99999939056789,    1.99999990239819,
  306,     15.53438709404228,    12.00000216366370,    2.00000123319363,    24.00001912565363,    2.00000123319363,
  307,     15.58621761132125,    12.00000228236829,    2.00000052607417,    24.00001087762785,    2.00000052607417,
  308,     15.61355626692774,    11.99999950264709,    2.00000077454416,    24.00000829982373,    2.00000077454416,
  309,     15.64089263909287,    11.99999582510550,    1.99999825734133,    23.99997073831427,    1.99999825734133,
  310,     15.69270623777261,    11.99999935294109,    1.99999942832300,    23.99999184575855,    1.99999942832300,
  311,     15.74451109488401,    12.00000135912944,    2.00000152349867,    24.00002100024498,    2.00000152349867,
  312,     15.77183586843158,    12.00000407575757,    2.00000026447637,    24.00001132523267,    2.00000026447637,
  313,     15.79915810970176,    12.00000283211429,    2.00000091373567,    24.00001662905925,    2.00000091373567,
  314,     15.85094426462451,    11.99999623285087,    1.99999889062273,    23.99997915317863,    1.99999889062273,
  315,     15.90272091368061,    11.99999945508798,    1.99999865588748,    23.99998278082645,    1.99999865588748,
  316,     15.93003043488560,    11.99999933999999,    2.00000125313365,    24.00001371760297,    2.00000125313365,
  317,     15.95733715593682,    12.00000147080244,    2.00000113967694,    24.00001661772979,    2.00000113967694,
  318,     16.00909318007697,    12.00000351061813,    2.00000083394281,    24.00001702855287,    2.00000083394281,
  319,     16.06083876210150,    11.99999607756177,    1.99999924291995,    23.99998307016594,    1.99999924291995,
  320,     16.08813156359644,    11.99999596545394,    1.99999752582058,    23.99996224076487,    1.99999752582058,
  321,     16.11542132391178,    11.99999920156239,    1.99999903828030,    23.99998686248915,    1.99999903828030,
  322,     16.16714442104152,    12.00000127121910,    2.00000101139729,    24.00001467920701,    2.00000101139729,
  323,     16.21885606063179,    12.00000376792988,    2.00000127842222,    24.00002287693121,    2.00000127842222,
  324,     16.24613054472758,    12.00000139539428,    2.00000091638313,    24.00001378738738,    2.00000091638313,
  325,     16.27340172793646,    11.99999624186650,    1.99999862844046,    23.99997602502363,    1.99999862844046,
  326,     16.32508893311347,    11.99999827121180,    1.99999888996756,    23.99998322203618,    1.99999888996756,
  327,     16.37676366147633,    12.00000023743084,    2.00000092539163,    24.00001157956146,    2.00000092539163,
  328,     16.40401824708580,    12.00000379640774,    2.00000081746334,    24.00001740237866,    2.00000081746334,
  329,     16.43126922313258,    12.00000439868595,    2.00000147452874,    24.00002649172326,    2.00000147452874,
  330,     16.48291731948871,    11.99999722667163,    1.99999929636808,    23.99998600976216,    1.99999929636808,
  331,     16.53455199556038,    11.99999869152131,    1.99999817812597,    23.99997552055662,    1.99999817812597,
  332,     16.56178503502178,    11.99999727964729,    1.99999983140495,    23.99999253615438,    1.99999983140495,
  333,     16.58901415880979,    11.99999988470078,    2.00000091308949,    24.00001072647538,    2.00000091308949,
  334,     16.64061997595202,    12.00000487285233,    2.00000128168795,    24.00002512596630,    2.00000128168795,
  335,     16.69221127635977,    11.99999811186255,    1.99999948774361,    23.99999007664936,    1.99999948774361,
  336,     16.71942103791224,    11.99999623575071,    1.99999792499507,    23.99996757145013,    1.99999792499507,
  337,     16.74662661166449,    11.99999715446701,    1.99999892652806,    23.99998142727373,    1.99999892652806,
  338,     16.79818697261525,    11.99999974879823,    2.00000028387821,    24.00000290413493,    2.00000028387821,
  339,     16.84973171867883,    12.00000663675328,    2.00000108440666,    24.00002628639362,    2.00000108440666,
  340,     16.87691647116364,    12.00000267497618,    2.00000159185547,    24.00002445222226,    2.00000159185547,
  341,     16.90409674824335,    11.99999609833865,    2.00000024092270,    23.99999508774879,    2.00000024092270,
  342,     16.95560845992315,    11.99999701181359,    1.99999845553994,    23.99997549011109,    1.99999845553994,
  343,     17.00710360344270,    11.99999911196152,    1.99999968158337,    23.99999440292382,    1.99999968158337,
  344,     17.03426178071636,    12.00000249595105,    2.00000206489869,    24.00002977069150,    2.00000206489869,
  345,     17.06141520461180,    12.00000592221799,    2.00000162387252,    24.00003133091583,    2.00000162387252,
  346,     17.11287530499492,    11.99999905748076,    1.99999982021674,    23.99999595756261,    1.99999982021674,
  347,     17.16431801735327,    11.99999566661914,    1.99999871925781,    23.99997596433755,    1.99999871925781,
  348,     17.19144824648489,    11.99999690017429,    1.99999921612415,    23.99998439384076,    1.99999921612415,
  349,     17.21857353156999,    12.00000083099788,    1.99999900079103,    23.99998967148733,    1.99999900079103,
  350,     17.26997971039079,    12.00000457241424,    2.00000181463627,    24.00003092047202,    2.00000181463627,
  351,     17.32136782602040,    11.99999771897314,    2.00000130877388,    24.00001114322980,    2.00000130877388,
  352,     17.34846909677605,    12.00000048374319,    1.99999720187751,    23.99996739001518,    1.99999720187751,
  353,     17.37556533989751,    11.99999872652838,    1.99999782204863,    23.99997131764309,    1.99999782204863,
  354,     17.42691626423889,    11.99999634379667,    2.00000001061161,    23.99999281493266,    2.00000001061161,
  355,     17.47824900024972,    12.00000687609986,    2.00000155363036,    24.00003239577476,    2.00000155363036,
  356,     17.50532103679521,    12.00000497597461,    2.00000117757790,    24.00002408288992,    2.00000117757790,
  357,     17.53238808399312,    11.99999798004426,    2.00000080443653,    24.00000561332521,    2.00000080443653,
  358,     17.58368404003943,    11.99999814923231,    1.99999827382239,    23.99997558433646,    1.99999827382239,
  359,     17.63496254349676,    11.99999670995369,    1.99999882028792,    23.99997926336635,    1.99999882028792,
  360,     17.66200631489158,    11.99999963797089,    2.00000199177223,    24.00002317720785,    2.00000199177223,
  361,     17.68904540115199,    12.00000538147068,    2.00000152494274,    24.00002906226246,    2.00000152494274,
  362,     17.74028941611899,    12.00000118798035,    2.00000073243055,    24.00001116512815,    2.00000073243055,
  363,     17.79151777212554,    11.99999794294772,    1.99999883874383,    23.99998195082380,    1.99999883874383,
  364,     17.81853602783441,    11.99999540617062,    1.99999701851304,    23.99995503451135,    1.99999701851304,
  365,     17.84555032107045,    11.99999648427928,    1.99999912990245,    23.99998252739098,    1.99999912990245,
  366,     17.89674947693099,    12.00000401479297,    2.00000139556504,    24.00002477637202,    2.00000139556504,
  367,     17.94793626948819,    12.00000206155364,    2.00000133747390,    24.00002017279680,    2.00000133747390,
  368,     17.97493412159685,    12.00000091017472,    2.00000080698091,    24.00001150412111,    2.00000080698091,
  369,     18.00192919874617,    11.99999726211789,    1.99999824179663,    23.99997342580015,    1.99999824179663,
  370,     18.05309549796872,    11.99999615298064,    1.99999872173643,    23.99997696680341,    1.99999872173643,
  371,     18.10425431900596,    12.00000343117031,    2.00000131773048,    24.00002267511085,    2.00000131773048,
  372,     18.13123947848952,    12.00000528993323,    2.00000145217669,    24.00002800599443,    2.00000145217669,
  373,     18.15822331596479,    12.00000259858676,    2.00000161207736,    24.00002454210606,    2.00000161207736,
  374,     18.20937234892137,    11.99999765972601,    1.99999890868553,    23.99998222368090,    1.99999890868553,
  375,     18.26051906324851,    11.99999634715824,    1.99999795290174,    23.99996812914486,    1.99999795290174,
  376,     18.28749968117694,    11.99999751501312,    1.99999989917905,    23.99999382017511,    1.99999989917905,
  377,     18.31448007092780,    12.00000301260366,    2.00000134604363,    24.00002217773489,    2.00000134604363,
  378,     18.36562496896536,    12.00000368942586,    2.00000147925497,    24.00002512991679,    2.00000147925497,
  379,     18.41676978598816,    11.99999840478916,    1.99999930017908,    23.99998841172843,    1.99999930017908,
  380,     18.44374998919624,    11.99999556033459,    1.99999796868260,    23.99996674486938,    1.99999796868260,
  381,     18.47073019872713,    11.99999584853667,    1.99999822816350,    23.99997043504271,    1.99999822816350,
  382,     18.52187503190254,    12.00000177001596,    2.00000074238352,    24.00001244863549,    2.00000074238352,
  383,     18.57301980791769,    12.00000355043732,    2.00000195152609,    24.00003051919465,    2.00000195152609,
  384,     18.59999997089771,    12.00000336548135,    2.00000085423235,    24.00001698175382,    2.00000085423235,
  385,     18.62698014960876,    11.99999902523137,    1.99999943916065,    23.99999132039104,    1.99999943916065,
  386,     18.67812500343869,    11.99999533697760,    1.99999821790509,    23.99996928882459,    1.99999821790509,
  387,     18.72926985270109,    12.00000050027374,    1.99999982400187,    23.99999888856978,    1.99999982400187,
  388,     18.75625002422346,    12.00000297793163,    2.00000171096103,    24.00002648740073,    2.00000171096103,
  389,     18.78323017610566,    12.00000502926986,    2.00000249162133,    24.00003995800821,    2.00000249162133,
  390,     18.83437495783354,    12.00000016960483,    1.99999978612207,    23.99999777267447,    1.99999978612207,
  391,     18.88551982066621,    11.99999430776733,    1.99999736527881,    23.99995699889536,    1.99999736527881,
  392,     18.91250003228444,    11.99999376073170,    1.99999813288317,    23.99996511607307,    1.99999813288317,
  393,     18.93948022398032,    12.00000142746695,    2.00000065574771,    24.00001072390738,    2.00000065574771,
  394,     18.99062499652036,    12.00000582415963,    2.00000210082152,    24.00003685818974,    2.00000210082152,
  395,     19.04176978200795,    11.99999880208915,    2.00000009386178,    23.99999873051950,    2.00000009386178,
  396,     19.06874997303734,    11.99999622270880,    1.99999865843578,    23.99997634665208,    1.99999865843578,
  397,     19.09573018445112,    11.99999518825927,    1.99999737187046,    23.99995883897676,    1.99999737187046,
  398,     19.14687504342258,    12.00000011150269,    2.00000011338163,    24.00000158358497,    2.00000011338163,
  399,     19.19801981555207,    12.00000515109214,    2.00000275499269,    24.00004336211072,    2.00000275499269,
  400,     19.22499996721474,    12.00000563697249,    2.00000181454824,    24.00003304853413,    2.00000181454824,
  401,     19.25198014317695,    11.99999810736578,    1.99999896057028,    23.99998374157693,    1.99999896057028,
  402,     19.30312500901214,    11.99999540356236,    1.99999825012342,    23.99996980861386,    1.99999825012342,
  403,     19.35426984355267,    12.00000157485654,    2.00000049241711,    24.00000905871915,    2.00000049241711,
  404,     19.38125001421393,    12.00000377513916,    2.00000115019297,    24.00002135259826,    2.00000115019297,
  405,     19.40823017875731,    12.00000220936368,    2.00000117416960,    24.00001850876511,    2.00000117416960,
  406,     19.45937498229258,    11.99999943958756,    1.99999985155717,    23.99999709786124,    1.99999985155717,
  407,     19.51051981826319,    11.99999848359349,    1.99999901395941,    23.99998513470139,    1.99999901395941,
  408,     19.53750001107537,    11.99999847809657,    1.99999936453716,    23.99998933063998,    1.99999936453716,
  409,     19.56448019453339,    12.00000056716316,    2.00000040735736,    24.00000602261482,    2.00000040735736,
  410,     19.61562499631466,    12.00000115825029,    2.00000051805633,    24.00000853317716,    2.00000051805633,
  411,     19.66676981182894,    11.99999958517371,    1.99999972035596,    23.99999581461907,    1.99999972035596,
  412,     19.69374999820116,    11.99999895230778,    1.99999963078376,    23.99999347402112,    1.99999963078376,
  413,     19.72073018331956,    11.99999981525544,    1.99999994355292,    23.99999895314588,    1.99999994355292,
  414,     19.77187499975020,    12.00000016466658,    2.00000008117711,    24.00000130345854,    2.00000008117711,
  415,     19.82301981755256,    11.99999992477246,    1.99999994467866,    23.99999918568889,    1.99999994467866,
  416,     19.85000000018758,    11.99999984298566,    1.99999996508391,    23.99999926697824,    1.99999996508391,
  417,     19.87698018239216,    12.00000003181946,    2.00000000937023,    24.00000017608174,    2.00000000937023,
  418,     19.92812499990222,    12.00000001775966,    2.00000001399314,    24.00000020343704,    2.00000001399314,
  419,     19.97926981799627,    11.99999998458657,    1.99999998674481,    23.99999981011084,    1.99999998674481,
  420,     20.00625000006268,    11.99999998656268,    2.00000000402436,    24.00000002141764,    2.00000000402436,
  421,     20.03323018200476,    12.00000001095941,    2.00000000293906,    24.00000005718755,    2.00000000293906,
  422,     20.08437499997990,    11.99999999823434,    2.00000000028229,    23.99999999985616,    2.00000000028229,
  423,     20.13551981802919,    11.99999999878973,    1.99999999871102,    23.99999998211173,    1.99999999871102,
  424,     20.16250000000764,    12.00000000138935,    2.00000000149580,    24.00000002072832,    2.00000000149580,
  425,     20.18948018197260,    12.00000000095645,    2.00000000029304,    24.00000000542932,    2.00000000029304,
  426,     20.24062499999933,    11.99999999948560,    1.99999999977819,    23.99999999630944,    1.99999999977819,
  427,     20.29176981802500,    12.00000000011755,    2.00000000009322,    24.00000000135370,    2.00000000009322,
  428,     20.31874999999977,    12.00000000039193,    2.00000000006107,    24.00000000151675,    2.00000000006107,
  429,     20.34573018197525,    11.99999999991332,    1.99999999998392,    23.99999999963371,    1.99999999998392,
  430,     20.39687500000021,    11.99999999998406,    1.99999999997750,    23.99999999969806,    1.99999999997750,
  431,     20.44801981802406,    12.00000000002561,    2.00000000002540,    24.00000000035603,    2.00000000002540,
  432,     20.47499999999987,    12.00000000001159,    1.99999999998299,    23.99999999981910,    1.99999999998299,
  433,     20.50198018197593,    11.99999999998520,    1.99999999999525,    23.99999999991340,    1.99999999999525,
  434,     20.55312500000001,    11.99999999999929,    2.00000000000083,    24.00000000000853,    2.00000000000083,
  435,     20.60426981802406,    12.00000000000145,    1.99999999999892,    23.99999999998988,    1.99999999999892,
  436,     20.63125000000003,    12.00000000000453,    1.99999999999750,    23.99999999997906,    1.99999999999750,
  437,     20.65823018197597,    12.00000000000407,    2.00000000000219,    24.00000000003445,    2.00000000000219,
  438,     20.70937499999996,    11.99999999999376,    2.00000000000159,    24.00000000000662,    2.00000000000159,
  439,     20.76051981802404,    12.00000000000580,    1.99999999999717,    23.99999999997765,    1.99999999999717,
  440,     20.78750000000002,    12.00000000000175,    1.99999999999666,    23.99999999996341,    1.99999999999666,
  441,     20.81448018197597,    11.99999999999609,    2.00000000000064,    23.99999999999985,    2.00000000000064,
  442,     20.86562500000000,    12.00000000000113,    2.00000000000094,    24.00000000001350,    2.00000000000094,
  443,     20.91676981802407,    12.00000000000086,    1.99999999999913,    23.99999999999124,    1.99999999999913,
  444,     20.94375000000001,    11.99999999999727,    2.00000000000037,    23.99999999999892,    2.00000000000037,
  445,     20.97073018197595,    11.99999999999908,    2.00000000000082,    24.00000000000805,    2.00000000000082,
  446,     21.02187499999999,    12.00000000000004,    2.00000000000001,    24.00000000000026,    2.00000000000001,
  447,     21.07301981802406,    12.00000000000022,    1.99999999999966,    23.99999999999637,    1.99999999999966,
  448,     21.09999999999999,    12.00000000000256,    2.00000000000050,    24.00000000001114,    2.00000000000050,
  449,     21.12698018197592,    12.00000000000239,    2.00000000000090,    24.00000000001557,    2.00000000000090,
  450,     21.17812499999997,    11.99999999999523,    2.00000000000009,    23.99999999999149,    2.00000000000009,
  451,     21.22926981802404,    12.00000000000134,    1.99999999999979,    24.00000000000011,    1.99999999999979,
  452,     21.25624999999997,    12.00000000000752,    2.00000000000205,    24.00000000003962,    2.00000000000205,
  453,     21.28323018197590,    12.00000000000412,    1.99999999999960,    24.00000000000339,    1.99999999999960,
  454,     21.33437500000000,    11.99999999999611,    1.99999999999853,    23.99999999997456,    1.99999999999853,
  455,     21.38551981802408,    11.99999999999898,    2.00000000000017,    23.99999999999996,    2.00000000000017,
  456,     21.41250000000001,    12.00000000000152,    2.00000000000068,    24.00000000001125,    2.00000000000068,
  457,     21.43948018197594,    12.00000000000133,    2.00000000000070,    24.00000000001107,    2.00000000000070,
  458,     21.49062499999999,    12.00000000000087,    1.99999999999976,    23.99999999999881,    1.99999999999976,
  459,     21.54176981802407,    11.99999999999802,    1.99999999999945,    23.99999999998943,    1.99999999999945,
  460,     21.56875000000001,    11.99999999999748,    1.99999999999980,    23.99999999999251,    1.99999999999980,
  461,     21.59573018197595,    12.00000000000014,    2.00000000000043,    24.00000000000545,    2.00000000000043,
  462,     21.64687500000000,    12.00000000000110,    2.00000000000075,    24.00000000001119,    2.00000000000075,
  463,     21.69801981802405,    12.00000000000004,    1.99999999999947,    23.99999999999374,    1.99999999999947,
  464,     21.72500000000000,    11.99999999999904,    1.99999999999814,    23.99999999997573,    1.99999999999814,
  465,     21.75198018197595,    12.00000000000012,    2.00000000000071,    24.00000000000880,    2.00000000000071,
  466,     21.80312500000000,    11.99999999999910,    1.99999999999934,    23.99999999999024,    1.99999999999934,
  467,     21.85426981802409,    11.99999999999847,    1.99999999999974,    23.99999999999379,    1.99999999999974,
  468,     21.88125000000000,    12.00000000000281,    2.00000000000473,    24.00000000006239,    2.00000000000473,
  469,     21.90823018197593,    12.00000000000304,    1.99999999999859,    23.99999999998921,    1.99999999999859,
  470,     21.95937500000003,    11.99999999999899,    1.99999999999949,    23.99999999999184,    1.99999999999949,
  471,     22.01051981802407,    11.99999999999865,    2.00000000000129,    24.00000000001278,    2.00000000000129,
  472,     22.03750000000002,    12.00000000000299,    1.99999999999732,    23.99999999997381,    1.99999999999732,
  473,     22.06448018197597,    12.00000000000162,    2.00000000000020,    24.00000000000562,    2.00000000000020,
  474,     22.11562500000000,    11.99999999999641,    2.00000000000133,    24.00000000000881,    2.00000000000133,
  475,     22.16676981802404,    12.00000000000251,    1.99999999999981,    24.00000000000269,    1.99999999999981,
  476,     22.19374999999999,    12.00000000000339,    1.99999999999848,    23.99999999998852,    1.99999999999848,
  477,     22.22073018197595,    12.00000000000030,    1.99999999999920,    23.99999999999100,    1.99999999999920,
  478,     22.27187500000002,    11.99999999999902,    2.00000000000021,    24.00000000000058,    2.00000000000021,
  479,     22.32301981802407,    12.00000000000197,    2.00000000000020,    24.00000000000638,    2.00000000000020,
  480,     22.35000000000000,    12.00000000000217,    2.00000000000023,    24.00000000000709,    2.00000000000023,
  481,     22.37698018197594,    11.99999999999869,    2.00000000000047,    24.00000000000299,    2.00000000000047,
  482,     22.42812499999999,    11.99999999999705,    1.99999999999999,    23.99999999999403,    1.99999999999999,
  483,     22.47926981802406,    12.00000000000155,    1.99999999999894,    23.99999999999041,    1.99999999999894,
  484,     22.50625000000002,    11.99999999999969,    1.99999999999770,    23.99999999997183,    1.99999999999770,
  485,     22.53323018197596,    12.00000000000352,    2.00000000000138,    24.00000000002357,    2.00000000000138,
  486,     22.58437499999998,    12.00000000000085,    2.00000000000027,    24.00000000000498,    2.00000000000027,
  487,     22.63551981802407,    11.99999999999718,    1.99999999999915,    23.99999999998418,    1.99999999999915,
  488,     22.66250000000000,    11.99999999999917,    2.00000000000291,    24.00000000003329,    2.00000000000291,
  489,     22.68948018197592,    11.99999999999984,    1.99999999999932,    23.99999999999156,    1.99999999999932,
  490,     22.74062500000001,    11.99999999999717,    1.99999999999955,    23.99999999998891,    1.99999999999955,
  491,     22.79176981802405,    11.99999999999877,    2.00000000000047,    24.00000000000322,    2.00000000000047,
  492,     22.81875000000000,    12.00000000000255,    1.99999999999766,    23.99999999997700,    1.99999999999766,
  493,     22.84573018197595,    12.00000000000312,    1.99999999999971,    24.00000000000274,    1.99999999999971,
  494,     22.89687500000000,    12.00000000000219,    2.00000000000112,    24.00000000001778,    2.00000000000112,
  495,     22.94801981802404,    11.99999999999737,    2.00000000000050,    24.00000000000070,    2.00000000000050,
  496,     22.97499999999998,    11.99999999999790,    2.00000000000064,    24.00000000000345,    2.00000000000064,
  497,     23.00198018197591,    12.00000000000124,    2.00000000000058,    24.00000000000940,    2.00000000000058,
  498,     23.05312499999998,    11.99999999999713,    1.99999999999840,    23.99999999997507,    1.99999999999840,
  499,     23.10426981802408,    11.99999999999961,    2.00000000000001,    23.99999999999939,    2.00000000000001,
  500,     23.13124999999999,    12.00000000000429,    2.00000000000459,    24.00000000006372,    2.00000000000459,
  501,     23.15823018197591,    12.00000000000222,    2.00000000000015,    24.00000000000624,    2.00000000000015,
  502,     23.20937499999999,    12.00000000000094,    1.99999999999906,    23.99999999999056,    1.99999999999906,
  503,     23.26051981802404,    12.00000000000175,    2.00000000000053,    24.00000000000983,    2.00000000000053,
  504,     23.28749999999998,    11.99999999999510,    1.99999999999855,    23.99999999997275,    1.99999999999855,
  505,     23.31448018197591,    11.99999999999644,    2.00000000000250,    24.00000000002284,    2.00000000000250,
  506,     23.36562499999994,    12.00000000000369,    1.99999999999837,    23.99999999998783,    1.99999999999837,
  507,     23.41676981802409,    11.99999999999599,    1.99999999999814,    23.99999999996963,    1.99999999999814,
  508,     23.44374999999999,    11.99999999999470,    2.00000000000687,    24.00000000007183,    2.00000000000687,
  509,     23.47073018197588,    12.00000000000350,    2.00000000000243,    24.00000000003613,    2.00000000000243,
  510,     23.52187499999994,    12.00000000000118,    1.99999999999847,    23.99999999998403,    1.99999999999847,
  511,     23.57301981802404,    11.99999999999772,    1.99999999999922,    23.99999999998607,    1.99999999999922,
  512,     23.59999999999997,    11.99999999999739,    2.00000000000137,    24.00000000001116,    2.00000000000137,
  513,     23.62698018197591,    12.00000000000113,    1.99999999999997,    24.00000000000190,    1.99999999999997,
  514,     23.67812499999998,    12.00000000000302,    1.99999999999982,    24.00000000000387,    1.99999999999982,
  515,     23.72926981802404,    11.99999999999494,    2.00000000000006,    23.99999999999059,    2.00000000000006,
  516,     23.75624999999997,    11.99999999998985,    1.99999999999950,    23.99999999997371,    1.99999999999950,
  517,     23.78323018197591,    11.99999999999687,    2.00000000000024,    23.99999999999663,    2.00000000000024,
  518,     23.83437499999997,    12.00000000000886,    1.99999999999963,    24.00000000001328,    1.99999999999963,
  519,     23.88551981802405,    12.00000000000098,    1.99999999999922,    23.99999999999260,    1.99999999999922,
  520,     23.91249999999999,    11.99999999999350,    2.00000000000066,    23.99999999999493,    2.00000000000066,
  521,     23.93948018197593,    11.99999999999546,    1.99999999999946,    23.99999999998448,    1.99999999999946,
  522,     23.99062500000001,    12.00000000000190,    1.99999999999993,    24.00000000000293,    1.99999999999993,
  523,     24.04176981802406,    11.99999999999937,    2.00000000000071,    24.00000000000723,    2.00000000000071,
  524,     24.06875000000000,    11.99999999999890,    2.00000000000000,    23.99999999999781,    2.00000000000000,
  525,     24.09573018197593,    12.00000000000076,    2.00000000000003,    24.00000000000192,    2.00000000000003,
  526,     24.14687499999999,    12.00000000000199,    2.00000000000017,    24.00000000000608,    2.00000000000017,
  527,     24.19801981802405,    11.99999999999864,    2.00000000000001,    23.99999999999743,    2.00000000000001,
  528,     24.22499999999999,    11.99999999999722,    1.99999999999982,    23.99999999999228,    1.99999999999982,
  529,     24.25198018197594,    11.99999999999868,    1.99999999999886,    23.99999999998368,    1.99999999999886,
  530,     24.30312500000001,    12.00000000000076,    2.00000000000068,    24.00000000000963,    2.00000000000068,
  531,     24.35426981802403,    12.00000000000004,    2.00000000000160,    24.00000000001928,    2.00000000000160,
  532,     24.38124999999997,    12.00000000000081,    1.99999999999973,    23.99999999999837,    1.99999999999973,
  533,     24.40823018197592,    12.00000000000016,    1.99999999999833,    23.99999999998029,    1.99999999999833,
  534,     24.45937500000002,    12.00000000000104,    1.99999999999976,    23.99999999999925,    1.99999999999976,
  535,     24.51051981802406,    12.00000000000075,    2.00000000000117,    24.00000000001550,    2.00000000000117,
  536,     24.53749999999999,    11.99999999999739,    1.99999999999907,    23.99999999998360,    1.99999999999907,
  537,     24.56448018197596,    11.99999999999546,    1.99999999999828,    23.99999999997026,    1.99999999999828,
  538,     24.61562500000004,    12.00000000000399,    2.00000000000007,    24.00000000000884,    2.00000000000007,
  539,     24.66676981802408,    12.00000000000064,    2.00000000000101,    24.00000000001335,    2.00000000000101,
  540,     24.69375000000001,    11.99999999999444,    1.99999999999916,    23.99999999997880,    1.99999999999916,
  541,     24.72073018197597,    11.99999999999689,    1.99999999999934,    23.99999999998589,    1.99999999999934,
  542,     24.77187500000003,    12.00000000000367,    2.00000000000046,    24.00000000001282,    2.00000000000046,
  543,     24.82301981802407,    11.99999999999704,    2.00000000000108,    24.00000000000708,    2.00000000000108,
  544,     24.84999999999999,    11.99999999999495,    2.00000000000046,    23.99999999999537,    2.00000000000046,
  545,     24.87698018197594,    12.00000000000108,    1.99999999999903,    23.99999999999058,    1.99999999999903,
  546,     24.92812500000002,    12.00000000000371,    2.00000000000002,    24.00000000000767,    2.00000000000002,
  547,     24.97926981802406,    11.99999999999504,    2.00000000000107,    24.00000000000291,    2.00000000000107,
  548,     25.00624999999999,    11.99999999999610,    2.00000000000027,    23.99999999999548,    2.00000000000027,
  549,     25.03323018197594,    12.00000000000011,    1.99999999999926,    23.99999999999131,    1.99999999999926,
  550,     25.08437500000003,    12.00000000000424,    1.99999999999898,    23.99999999999629,    1.99999999999898,
  551,     25.13551981802409,    12.00000000000078,    2.00000000000122,    24.00000000001619,    2.00000000000122,
  552,     25.16250000000000,    11.99999999999597,    2.00000000000314,    24.00000000002960,    2.00000000000314,
  553,     25.18948018197593,    11.99999999999650,    1.99999999999891,    23.99999999997996,    1.99999999999891,
  554,     25.24062500000003,    12.00000000000458,    1.99999999999909,    23.99999999999828,    1.99999999999909,
  555,     25.29176981802408,    11.99999999999468,    2.00000000000134,    24.00000000000540,    2.00000000000134,
  556,     25.31875000000000,    11.99999999998934,    1.99999999999996,    23.99999999997816,    1.99999999999996,
  557,     25.34573018197594,    11.99999999999626,    1.99999999999994,    23.99999999999180,    1.99999999999994,
  558,     25.39687500000000,    12.00000000000874,    1.99999999999978,    24.00000000001488,    1.99999999999978,
  559,     25.44801981802405,    11.99999999999765,    2.00000000000024,    23.99999999999823,    2.00000000000024,
  560,     25.47499999999998,    11.99999999999095,    2.00000000000002,    23.99999999998219,    2.00000000000002,
  561,     25.50198018197592,    11.99999999999851,    2.00000000000040,    24.00000000000179,    2.00000000000040,
  562,     25.55312499999998,    12.00000000000656,    1.99999999999941,    24.00000000000600,    1.99999999999941,
  563,     25.60426981802406,    11.99999999999662,    1.99999999999972,    23.99999999998993,    1.99999999999972,
  564,     25.63124999999999,    11.99999999999202,    2.00000000000168,    24.00000000000426,    2.00000000000168,
  565,     25.65823018197592,    12.00000000000018,    2.00000000000050,    24.00000000000633,    2.00000000000050,
  566,     25.70937499999999,    12.00000000000641,    1.99999999999929,    24.00000000000427,    1.99999999999929,
  567,     25.76051981802406,    11.99999999999672,    1.99999999999982,    23.99999999999130,    1.99999999999982,
  568,     25.78749999999999,    11.99999999998947,    2.00000000000112,    23.99999999999232,    2.00000000000112,
  569,     25.81448018197592,    11.99999999999537,    2.00000000000047,    23.99999999999643,    2.00000000000047,
  570,     25.86562499999997,    12.00000000000685,    1.99999999999951,    24.00000000000780,    1.99999999999951,
  571,     25.91676981802405,    11.99999999999898,    1.99999999999961,    23.99999999999326,    1.99999999999961,
  572,     25.94374999999999,    11.99999999999323,    2.00000000000064,    23.99999999999411,    2.00000000000064,
  573,     25.97073018197593,    11.99999999999623,    1.99999999999950,    23.99999999998641,    1.99999999999950,
  574,     26.02187499999998,    12.00000000000225,    2.00000000000128,    24.00000000001985,    2.00000000000128,
  575,     26.07301981802401,    12.00000000000647,    1.99999999999971,    24.00000000000942,    1.99999999999971,
  576,     26.09999999999999,    11.99999999999679,    1.99999999999486,    23.99999999993194,    1.99999999999486,
  577,     26.12698018197595,    11.99999999999439,    2.00000000000073,    23.99999999999748,    2.00000000000073,
  578,     26.17812499999998,    12.00000000000444,    2.00000000000035,    24.00000000001313,    2.00000000000035,
  579,     26.22926981802406,    11.99999999999747,    1.99999999999886,    23.99999999998128,    1.99999999999886,
  580,     26.25625000000000,    11.99999999999177,    2.00000000000198,    24.00000000000730,    2.00000000000198,
  581,     26.28323018197595,    11.99999999999821,    1.99999999999879,    23.99999999998194,    1.99999999999879,
  582,     26.33437500000002,    12.00000000000445,    2.00000000000053,    24.00000000001531,    2.00000000000053,
  583,     26.38551981802405,    11.99999999999695,    2.00000000000133,    24.00000000000988,    2.00000000000133,
  584,     26.41249999999999,    11.99999999999577,    1.99999999999834,    23.99999999997164,    1.99999999999834,
  585,     26.43948018197594,    12.00000000000135,    2.00000000000008,    24.00000000000367,    2.00000000000008,
  586,     26.49062500000000,    12.00000000000213,    1.99999999999992,    24.00000000000325,    1.99999999999992,
  587,     26.54176981802408,    11.99999999999910,    1.99999999999934,    23.99999999999023,    1.99999999999934,
  588,     26.56875000000002,    11.99999999999699,    2.00000000000023,    23.99999999999673,    2.00000000000023,
  589,     26.59573018197595,    11.99999999999957,    2.00000000000117,    24.00000000001319,    2.00000000000117,
  590,     26.64687499999999,    12.00000000000057,    1.99999999999952,    23.99999999999535,    1.99999999999952,
  591,     26.69801981802408,    12.00000000000172,    1.99999999999894,    23.99999999999073,    1.99999999999894,
  592,     26.72500000000002,    12.00000000000179,    2.00000000000225,    24.00000000003061,    2.00000000000225,
  593,     26.75198018197596,    11.99999999999637,    1.99999999999798,    23.99999999996847,    1.99999999999798,
  594,     26.80312500000006,    11.99999999999750,    2.00000000000043,    24.00000000000013,    2.00000000000043,
  595,     26.85426981802406,    12.00000000000309,    2.00000000000164,    24.00000000002582,    2.00000000000164,
  596,     26.88125000000000,    12.00000000000268,    1.99999999999518,    23.99999999994754,    1.99999999999518,
  597,     26.90823018197596,    11.99999999999847,    2.00000000000133,    24.00000000001289,    2.00000000000133,
  598,     26.95937499999999,    12.00000000000106,    1.99999999999993,    24.00000000000134,    1.99999999999993,
  599,     27.01051981802408,    12.00000000000342,    1.99999999999914,    23.99999999999656,    1.99999999999914,
  600,     27.03749999999999,    12.00000000000091,    2.00000000000537,    24.00000000006623,    2.00000000000537,
  601,     27.06448018197591,    11.99999999999714,    1.99999999999941,    23.99999999998715,    1.99999999999941,
  602,     27.11562500000000,    11.99999999999678,    1.99999999999969,    23.99999999998982,    1.99999999999969,
  603,     27.16676981802404,    12.00000000000252,    2.00000000000141,    24.00000000002195,    2.00000000000141,
  604,     27.19374999999998,    12.00000000000063,    1.99999999999773,    23.99999999997399,    1.99999999999773,
  605,     27.22073018197593,    11.99999999999698,    1.99999999999960,    23.99999999998910,    1.99999999999960,
  606,     27.27187500000000,    11.99999999999843,    1.99999999999922,    23.99999999998754,    1.99999999999922,
  607,     27.32301981802408,    12.00000000000024,    2.00000000000006,    24.00000000000126,    2.00000000000006,
  608,     27.34999999999999,    12.00000000000248,    2.00000000000398,    24.00000000005272,    2.00000000000398,
  609,     27.37698018197590,    12.00000000000517,    2.00000000000074,    24.00000000001920,    2.00000000000074,
  610,     27.42812499999997,    11.99999999999823,    1.99999999999906,    23.99999999998511,    1.99999999999906,
  611,     27.47926981802404,    11.99999999999894,    1.99999999999972,    23.99999999999456,    1.99999999999972,
  612,     27.50624999999999,    12.00000000000209,    1.99999999999936,    23.99999999999657,    1.99999999999936,
  613,     27.53323018197593,    12.00000000000128,    2.00000000000065,    24.00000000001034,    2.00000000000065,
  614,     27.58437499999996,    11.99999999999989,    2.00000000000100,    24.00000000001175,    2.00000000000100,
  615,     27.63551981802402,    12.00000000000180,    1.99999999999963,    23.99999999999921,    1.99999999999963,
  616,     27.66249999999997,    12.00000000000176,    1.99999999999846,    23.99999999998499,    1.99999999999846,
  617,     27.68948018197591,    12.00000000000061,    2.00000000000112,    24.00000000001463,    2.00000000000112,
  618,     27.74062499999994,    11.99999999999666,    1.99999999999994,    23.99999999999259,    1.99999999999994,
  619,     27.79176981802404,    12.00000000000347,    1.99999999999827,    23.99999999998619,    1.99999999999827,
  620,     27.81874999999999,    12.00000000000095,    1.99999999999991,    24.00000000000082,    1.99999999999991,
  621,     27.84573018197593,    11.99999999999873,    2.00000000000136,    24.00000000001380,    2.00000000000136,
  622,     27.89687499999996,    11.99999999999891,    2.00000000000019,    24.00000000000014,    2.00000000000019,
  623,     27.94801981802404,    12.00000000000296,    1.99999999999925,    23.99999999999692,    1.99999999999925,
  624,     27.97499999999998,    11.99999999999621,    2.00000000000105,    24.00000000000498,    2.00000000000105,
  625,     28.00198018197591,    11.99999999999670,    2.00000000000072,    24.00000000000210,    2.00000000000072,
  626,     28.05312499999996,    12.00000000000356,    1.99999999999983,    24.00000000000502,    1.99999999999983,
  627,     28.10426981802403,    11.99999999999889,    1.99999999999997,    23.99999999999747,    1.99999999999997,
  628,     28.13124999999997,    11.99999999999807,    2.00000000000096,    24.00000000000761,    2.00000000000096,
  629,     28.15823018197591,    12.00000000000121,    1.99999999999917,    23.99999999999250,    1.99999999999917,
  630,     28.20937499999999,    11.99999999999888,    1.99999999999982,    23.99999999999559,    1.99999999999982,
  631,     28.26051981802404,    11.99999999999758,    2.00000000000035,    23.99999999999932,    2.00000000000035,
  632,     28.28749999999999,    12.00000000000191,    1.99999999999882,    23.99999999998964,    1.99999999999882,
  633,     28.31448018197594,    12.00000000000358,    1.99999999999942,    24.00000000000027,    1.99999999999942,
  634,     28.36562500000000,    11.99999999999737,    2.00000000000015,    23.99999999999652,    2.00000000000015,
  635,     28.41676981802407,    11.99999999999733,    1.99999999999973,    23.99999999999145,    1.99999999999973,
  636,     28.44375000000002,    12.00000000000325,    1.99999999999927,    23.99999999999779,    1.99999999999927,
  637,     28.47073018197597,    12.00000000000239,    2.00000000000006,    24.00000000000544,    2.00000000000006,
  638,     28.52187500000002,    11.99999999999815,    2.00000000000075,    24.00000000000530,    2.00000000000075,
  639,     28.57301981802406,    12.00000000000393,    1.99999999999987,    24.00000000000626,    1.99999999999987,
  640,     28.60000000000001,    11.99999999999930,    1.99999999999818,    23.99999999997680,    1.99999999999818,
