 indi,                  x_v,                   v,                   H,                   q,                 eta
    0,     3.59999999999999,    11.99999999999986,    1.99999999999926,    23.99999999999079,    1.99999999999926,
    1,     3.63671010563602,    11.99999999999971,    2.00000000000008,    24.00000000000042,    2.00000000000008,
    2,     3.71168257554989,    12.00000000000019,    2.00000000000001,    24.00000000000055,    2.00000000000001,
    3,     3.80081742445009,    11.99999999999980,    2.00000000000000,    23.99999999999958,    2.00000000000000,
    4,     3.87578989436396,    11.99999999999992,    2.00000000000017,    24.00000000000187,    2.00000000000017,
    5,     3.91249999999999,    12.00000000000190,    1.99999999999955,    23.99999999999844,    1.99999999999955,
    6,     3.94921010563601,    11.99999999999978,    1.99999999999995,    23.99999999999899,    1.99999999999995,
    7,     4.02418257554989,    11.99999999999962,    1.99999999999999,    23.99999999999912,    1.99999999999999,
    8,     4.11331742445010,    12.00000000000127,    1.99999999999989,    24.00000000000116,    1.99999999999989,
    9,     4.18828989436392,    11.99999999998515,    2.00000000000396,    24.00000000001785,    2.00000000000396,
   10,     4.22499999999983,    12.00000000006716,    2.00000000001581,    24.00000000032400,    2.00000000001581,
   11,     4.26171010563602,    11.99999999999651,    1.99999999997874,    23.99999999973788,    1.99999999997874,
   12,     4.33668257554981,    11.99999999998002,    2.00000000002188,    24.00000000022263,    2.00000000002188,
   13,     4.42581742445038,    12.00000000007902,    1.99999999995391,    23.99999999960498,    1.99999999995391,
   14,     4.50078989436266,    11.99999999929565,    2.00000000027740,    24.00000000192008,    2.00000000027740,
   15,     4.53749999998835,    12.00000000286081,    2.00000000150176,    24.00000002374269,    2.00000000150176,
   16,     4.57421010563684,    11.99999999996297,    1.99999999819758,    23.99999997829696,    1.99999999819758,
   17,     4.64918257554723,    11.99999999898460,    2.00000000187001,    24.00000002040931,    2.00000000187001,
   18,     4.73831742445884,    12.00000000385991,    1.99999999640990,    23.99999996463860,    1.99999999640990,
   19,     4.81328989434597,    11.99999997170165,    2.00000001465113,    24.00000011921688,    2.00000001465113,
   20,     4.84999999937517,    12.00000010585558,    2.00000009205267,    24.00000131634325,    2.00000009205267,
   21,     4.88671010567890,    12.00000000234534,    1.99999989467149,    23.99999874074850,    1.99999989251005,
   22,     4.96168257548544,    11.99999995546659,    2.00000010997594,    24.00000123064440,    2.00000011540605,
   23,     5.05081742459786,    12.00000015938339,    1.99999979840168,    23.99999789958686,    1.99999978864391,
   24,     5.12578989500616,    11.99999898968979,    2.00000068360939,    24.00000618269156,    2.00000069990855,
   25,     5.16249997045220,    11.99999565191302,    2.00000304004556,    24.00002778435948,    2.00000312784719,
   26,     5.19921006338967,    12.00000286750283,    1.99999898893507,    23.99999360222364,    2.00000336692895,
   27,     5.27418250574546,    11.99995537749883,    2.00000671048191,    23.99999128048114,    2.00004718649759,
   28,     5.36331598133399,    11.99958719543209,    2.00006884802449,    24.00000053873722,    2.00050499631057,
   29,     5.43828346887680,    11.99869957619094,    2.00021747092517,    24.00000852067958,    2.00160966745298,
   30,     5.47498848515739,    11.99793614493230,    2.00034178446131,    23.99997299800673,    2.00250709763968,
   31,     5.51169090642635,    11.99699645104472,    2.00050200120695,    24.00001540878764,    2.00365653317565,
   32,     5.58663708040885,    11.99444338275140,    2.00092507741753,    23.99998255421206,    2.00680401872253,
   33,     5.67571591615478,    11.99026552194742,    2.00162583279124,    24.00002521075611,    2.01190690735629,
   34,     5.75061419754059,    11.98591836395349,    2.00235003140729,    24.00000401250746,    2.01719208146608,
   35,     5.78727782182154,    11.98361664545036,    2.00272466938705,    23.99988468432073,    2.02003761302675,
   36,     5.82393414186907,    11.98114352668989,    2.00314518893405,    23.99997001341716,    2.02306360932658,
   37,     5.89877205274896,    11.97573747468746,    2.00405649639479,    24.00005448526591,    2.02964280888201,
   38,     5.98770148645311,    11.96892035105320,    2.00519013439514,    23.99996100729309,    2.03796916648296,
   39,     6.06246141722349,    11.96293953306262,    2.00619384941686,    23.99997571217598,    2.04527232149270,
   40,     6.09905341963694,    11.95992694753181,    2.00671887254239,    24.00021111984036,    2.04893336819447,
   41,     6.13563621485846,    11.95693727362300,    2.00720574021951,    24.00003313106076,    2.05257708792911,
   42,     6.21032059081577,    11.95078644215288,    2.00822948352128,    23.99992168439783,    2.06007784107982,
   43,     6.29906272042010,    11.94344879952294,    2.00947370775250,    24.00004634252951,    2.06900657766861,
   44,     6.37366256542418,    11.93737102783873,    2.01049710905079,    24.00004994113642,    2.07642454526996,
   45,     6.41017667996840,    11.93442816057585,    2.01097110513299,    23.99979018720345,    2.07999465788249,
   46,     6.44668180543098,    11.93147166034669,    2.01148407474355,    23.99996523304133,    2.08357591668200,
   47,     6.52120754983678,    11.92558657157876,    2.01248480509357,    24.00006176713012,    2.09074447462275,
   48,     6.60976419462367,    11.91878083733115,    2.01362601940991,    23.99996721369425,    2.09902463168793,
   49,     6.68421186075291,    11.91317337462987,    2.01457128852597,    23.99993703576142,    2.10579459292690,
   50,     6.72065223642741,    11.91051510241751,    2.01503550081055,    24.00011076431149,    2.10904762980692,
   51,     6.75708452733750,    11.90792301840531,    2.01546882757340,    24.00004764473959,    2.11222704386802,
   52,     6.83146518920982,    11.90266024052639,    2.01635473031606,    23.99998527933024,    2.11858598653722,
   53,     6.91985453619329,    11.89664273583708,    2.01737484043217,    23.99998774088790,    2.12587320986343,
   54,     6.99416604967567,    11.89182194335097,    2.01819830192948,    24.00005485291865,    2.13176475253473,
   55,     7.03054156573313,    11.88948394004679,    2.01859486350044,    24.00005121104947,    2.13457525424916,
   56,     7.06691004971149,    11.88717891959072,    2.01897695517906,    23.99994030074394,    2.13732699747117,
   57,     7.14116371278346,    11.88269296315585,    2.01974185664070,    23.99997234729577,    2.14279480019861,
   58,     7.22940791329056,    11.87755244644506,    2.02062392143274,    24.00006660135885,    2.14903255475256,
   59,     7.30360215056662,    11.87338529796231,    2.02132368467756,    23.99995492007348,    2.15404256666496,
   60,     7.33992209542105,    11.87143149780192,    2.02164182987811,    23.99978249648893,    2.15640760737315,
   61,     7.37623604088075,    11.86951881026845,    2.02199142387363,    24.00006523986953,    2.15876287918723,
   62,     7.45038095231190,    11.86568040275571,    2.02264352783968,    24.00004167004795,    2.16338508841834,
   63,     7.53850200475943,    11.86134766187154,    2.02337124562675,    23.99990979341300,    2.16861758874434,
   64,     7.61259739189725,    11.85786293350918,    2.02397794530098,    24.00005305582461,    2.17283720630178,
   65,     7.64886993089725,    11.85622678541593,    2.02427690000865,    24.00028600298124,    2.17484792493274,
   66,     7.68513761093978,    11.85461136674514,    2.02452233002251,    23.99992542571418,    2.17676815413199,
   67,     7.75919197909490,    11.85141553306273,    2.02507242371129,    23.99997477794895,    2.18062591034595,
   68,     7.84720939715553,    11.84780344415928,    2.02569759834873,    24.00006698254122,    2.18499146674533,
   69,     7.92122200894865,    11.84494896469660,    2.02617389832124,    23.99992641921544,    2.18845707563790,
   70,     7.95745580432349,    11.84354647894312,    2.02640671604979,    23.99984212677816,    2.19010268330387,
   71,     7.99368528815241,    11.84221225905896,    2.02665442065760,    24.00007182518748,    2.19173030369706,
   72,     8.06766354829348,    11.83961447928110,    2.02709333627610,    24.00000361502874,    2.19488718574290,
   73,     8.15559617775490,    11.83665596217207,    2.02759712769123,    23.99996963036941,    2.19845159324846,
   74,     8.22954051177255,    11.83428110091309,    2.02801273366481,    24.00007276642059,    2.20130200568204,
   75,     8.26574194553206,    11.83320429607380,    2.02818937741581,    23.99997925408799,    2.20262546188690,
   76,     8.30194017315263,    11.83212109371503,    2.02837240477078,    23.99994791639780,    2.20392599296811,
   77,     8.37585715996453,    11.82998767730371,    2.02874292183011,    24.00000376566729,    2.20648924441485,
   78,     8.46372016202845,    11.82761640149816,    2.02915083534719,    24.00001770126612,    2.20935122245050,
   79,     8.53760978932832,    11.82575193110205,    2.02946683322753,    23.99997132214807,    2.21160612760652,
   80,     8.57378549728338,    11.82486270345699,    2.02962218325380,    24.00000365686684,    2.21267001579700,
   81,     8.60995848364989,    11.82400988571739,    2.02977118596533,    24.00003456859833,    2.21370111397001,
   82,     8.68382611542549,    11.82234485688710,    2.03005338407568,    23.99999118443342,    2.21570388719196,
   83,     8.77163451210224,    11.82050405763568,    2.03036913577606,    23.99998660793915,    2.21792661437394,
   84,     8.84548104236144,    11.81905228604063,    2.03062019341029,    24.00000623900616,    2.21966764604649,
   85,     8.88163682823048,    11.81838624887611,    2.03073297525615,    23.99998666990652,    2.22047268001564,
   86,     8.91779100695307,    11.81774593651812,    2.03084442919268,    24.00000350079222,    2.22125217503264,
   87,     8.99162480252660,    11.81649500329487,    2.03105988933925,    24.00000903376984,    2.22275768048618,
   88,     9.07940576139696,    11.81512799865646,    2.03129427300061,    24.00000183844006,    2.22439811797391,
   89,     9.15324611179804,    11.81409104912099,    2.03147234071074,    23.99999919692765,    2.22565337085281,
   90,     9.18940608348638,    11.81361342083168,    2.03155326976784,    23.99998497286387,    2.22622709202363,
   91,     9.22556970604840,    11.81315196796718,    2.03163324151828,    23.99999222522919,    2.22677729540789,
   92,     9.29944009026310,    11.81228923099308,    2.03178186644953,    23.99999506078874,    2.22781680330800,
   93,     9.38729463872291,    11.81138630200700,    2.03193854989211,    24.00001115471569,    2.22891262536129,
   94,     9.46122001733192,    11.81071131203987,    2.03205432994019,    24.00000706130423,    2.22971852474193,
   95,     9.49742839032744,    11.81041329082419,    2.03210465835906,    23.99999586542961,    2.23007379096979,
   96,     9.53364441834688,    11.81014160863275,    2.03215044368836,    23.99998451000539,    2.23040295339713,
   97,     9.60763257108440,    11.80964870999854,    2.03223716302999,    24.00000699078821,    2.23100174552686,
   98,     9.69564223690879,    11.80916526990718,    2.03231921373403,    23.99999347619302,    2.23157676982281,
   99,     9.76970767111699,    11.80886156502345,    2.03237091593175,    23.99998679501791,    2.23194618917737,
  100,     9.80598700952131,    11.80874287965272,    2.03239272684720,    24.00000314181482,    2.23209137171400,
  101,     9.84227517702816,    11.80864551523404,    2.03241209729424,    24.00003399782105,    2.23221298124690,
  102,     9.91641361804068,    11.80850250870349,    2.03243355760261,    23.99999676372354,    2.23237765637379,
  103,     10.00460551542728,    11.80844777264614,    2.03244179282489,    23.99998276151599,    2.23244162311353,
  104,     10.07882554028270,    11.80849764473230,    2.03243597060849,    24.00001537199950,    2.23238625670757,
  105,     10.11518070467548,    11.80855448609614,    2.03242607678420,    24.00001406666881,    2.23231991586097,
  106,     10.15154472115415,    11.80862598516353,    2.03241152711066,    23.99998757158488,    2.23222771629369,
  107,     10.22583767330389,    11.80884448265692,    2.03237473447631,    23.99999716991187,    2.23196629672670,
  108,     10.31421173472056,    11.80921784065166,    2.03231185096591,    24.00001336819446,    2.23152045723294,
  109,     10.38858342978494,    11.80962323491472,    2.03224066551308,    23.99999658238178,    2.23102903349869,
  110,     10.42501225623925,    11.80985318354165,    2.03220074598759,    23.99999244959726,    2.23075042942880,
  111,     10.46144946923625,    11.81010661410799,    2.03215740944331,    23.99999566217501,    2.23044664937961,
  112,     10.53589040241289,    11.81068844662363,    2.03205761309169,    23.99999937381562,    2.22974693901229,
  113,     10.62443777123570,    11.81149598460670,    2.03191876302098,    24.00000031046929,    2.22877493057721,
  114,     10.69895291765644,    11.81227393782647,    2.03178493194076,    24.00000019883241,    2.22783821635570,
  115,     10.73545120224862,    11.81268808346521,    2.03171365482440,    23.99999967935779,    2.22733940179967,
  116,     10.77195736939844,    11.81312444162380,    2.03163865793165,    24.00000028656018,    2.22681404507383,
  117,     10.84653759826278,    11.81408479678655,    2.03147348661921,    24.00000003334292,    2.22565753198379,
  118,     10.93524797997907,    11.81534907691226,    2.03125605639773,    23.99999937093130,    2.22413471994275,
  119,     11.00989815426503,    11.81651760330016,    2.03105524497597,    24.00000005553373,    2.22272742482134,
  120,     11.04646189407749,    11.81712528867095,    2.03095083794886,    24.00000050717290,    2.22199553961593,
  121,     11.08303310084904,    11.81775650822834,    2.03084236607924,    24.00000058891877,    2.22123515194771,
  122,     11.15774493256225,    11.81911984850563,    2.03060805919533,    24.00000001697101,    2.21959256297307,
  123,     11.24660978716713,    11.82087280347208,    2.03030690576079,    23.99999968500925,    2.21748036365370,
  124,     11.32138838112472,    11.82246082442018,    2.03003422106831,    24.00000005081239,    2.21556678257483,
  125,     11.35801454643773,    11.82327694624278,    2.02989410689011,    24.00000019730788,    2.21458324732839,
  126,     11.39464790343630,    11.82411875103060,    2.02974959709588,    24.00000027091823,    2.21356865196237,
  127,     11.46948588269521,    11.82591900676686,    2.02944058743586,    24.00000001606187,    2.21139855808152,
  128,     11.55849953093617,    11.82820400846169,    2.02904852216663,    23.99999986325456,    2.20864369652519,
  129,     11.63340246660155,    11.83025083274865,    2.02869747811152,    24.00000002982393,    2.20617560382139,
  130,     11.67008929771914,    11.83129559176404,    2.02851833904987,    24.00000008261326,    2.20491565138010,
  131,     11.70678320280708,    11.83236877167476,    2.02833435726369,    24.00000010740182,    2.20362129051400,
  132,     11.78174455212882,    11.83465036448593,    2.02794330765323,    24.00000000507512,    2.20086905077716,
  133,     11.87090456417860,    11.83752370929372,    2.02745105618901,    23.99999994707006,    2.19740225236014,
  134,     11.94593053780919,    11.84007966742856,    2.02701338906915,    24.00000001352311,    2.19431771225141,
  135,     11.98267764432609,    11.84137869799021,    2.02679102253804,    24.00000003955971,    2.19274978377332,
  136,     12.01943187067886,    11.84270952565707,    2.02656326135517,    24.00000003959751,    2.19114328522858,
  137,     12.09451663669621,    11.84552810198223,    2.02608104869066,    23.99999999915884,    2.18774026500306,
  138,     12.18382396140635,    11.84905940401623,    2.02547722693249,    23.99999998340516,    2.18347559336175,
  139,     12.25897452395440,    11.85218587298584,    2.02494293159187,    24.00000000741566,    2.17969877905214,
  140,     12.29578291631975,    11.85377012948438,    2.02467230021443,    24.00000003427620,    2.17778460477512,
  141,     12.33259863936892,    11.85539011189868,    2.02439563628756,    24.00000000901439,    2.17582697791416,
  142,     12.40780973472109,    11.85881166878079,    2.02381154729600,    23.99999999248713,    2.17169142837475,
  143,     12.49726872663043,    11.86308195124302,    2.02308304899065,    24.00000000434664,    2.16652836696833,
  144,     12.57254828564702,    11.86684880959862,    2.02244086805695,    24.00000000758521,    2.16197244242978,
  145,     12.60942036806796,    11.86875293577932,    2.02211640891081,    24.00000006474772,    2.15966892106616,
  146,     12.64630015230727,    11.87069688044210,    2.02178526081733,    23.99999998850804,    2.15731679124868,
  147,     12.72164330657591,    11.87479273488683,    2.02108790558038,    23.99999997775358,    2.15235971205353,
  148,     12.81126161859277,    11.87988613337368,    2.02022138593387,    24.00000002910079,    2.14619293443834,
  149,     12.88667729307738,    11.88436230419121,    2.01946048098276,    24.00000001499539,    2.14077128348780,
  150,     12.92361676930689,    11.88661900086852,    2.01907709483707,    24.00000015970872,    2.13803720459651,
  151,     12.96056445597388,    11.88891859845297,    2.01868654080767,    23.99999995945503,    2.13525046765477,
  152,     13.03604791951914,    11.89374952446114,    2.01786660222502,    23.99999994063980,    2.12939461604572,
  153,     13.12583600354836,    11.89972850110562,    2.01685274403142,    24.00000008068377,    2.12214380222274,
  154,     13.20139704223239,    11.90495479043946,    2.01596733956895,    24.00000003657090,    2.11580282009692,
  155,     13.23840856389689,    11.90757897472113,    2.01552309243650,    24.00000039856184,    2.11261804623710,
  156,     13.27542886777836,    11.91024497925135,    2.01507189309626,    23.99999989758023,    2.10938142568409,
  157,     13.35106240094531,    11.91581785404593,    2.01412946575198,    23.99999984836740,    2.10261392179641,
  158,     13.44103190068036,    11.92265673998349,    2.01297418236568,    24.00000020279489,    2.09430457498368,
  159,     13.51674789357284,    11.92857411770459,    2.01197560168729,    24.00000008774010,    2.08711107432974,
  160,     13.55383600647354,    11.93152144681778,    2.01147866905470,    24.00000087964264,    2.08352717303157,
  161,     13.59093332636879,    11.93449734058906,    2.01097701035018,    23.99999978200993,    2.07990679127565,
  162,     13.66672528021302,    11.94065329249984,    2.00994024894382,    23.99999965127895,    2.07241586950008,
  163,     13.75688451405772,    11.94806903273893,    2.00869281683722,    24.00000044113791,    2.06338661043487,
  164,     13.83276048347474,    11.95433863402634,    2.00763930931310,    24.00000015851157,    2.05574860612806,
  165,     13.86992677766288,    11.95740236852661,    2.00712495532498,    24.00000069473173,    2.05201518102523,
  166,     13.90710201066724,    11.96045079374187,    2.00661332244988,    23.99999990522864,    2.04829851861160,
  167,     13.98305162301514,    11.96659505786883,    2.00558299796106,    23.99999959154659,    2.04080533512501,
  168,     14.07339394146363,    11.97365291226311,    2.00440086480415,    24.00000025220492,    2.03219343249669,
  169,     14.14941802786493,    11.97925837142444,    2.00346290297966,    23.99999975235735,    2.02535030537889,
  170,     14.18665414121923,    11.98185060501129,    2.00302855953641,    23.99998895793626,    2.02218157775675,
  171,     14.22389700068334,    11.98432725845064,    2.00261581738054,    24.00000332843804,    2.01916099649513,
  172,     14.29997639462576,    11.98893403422043,    2.00184632291779,    24.00000351210815,    2.01352885768376,
  173,     14.39045471067159,    11.99347232567753,    2.00108795510321,    23.99999301077703,    2.00798332194657,
  174,     14.46657374343698,    11.99635997087380,    2.00060653931568,    23.99999620571503,    2.00445379738979,
  175,     14.50384872483344,    11.99743481170590,    2.00042801665041,    24.00000472527344,    2.00313674760137,
  176,     14.54112495414401,    11.99828953624224,    2.00028543662739,    24.00000382378413,    2.00208374180906,
  177,     14.61725451776411,    11.99942561413019,    2.00009537381340,    23.99999565923980,    2.00071105315141,
  178,     14.70776043070792,    11.99992608693773,    2.00001396234293,    24.00001972095862,    2.00008915047498,
  179,     14.78387774257560,    11.99997850571001,    2.00000298677079,    23.99999285260536,    2.00001016938382,
  180,     14.82114513917661,    12.00001900826095,    1.99999200956719,    23.99994213117628,    1.99999236789957,
  181,     14.85841020175512,    12.00001575295330,    1.99999623688559,    23.99998634847443,    1.99999630393742,
  182,     14.93450806735024,    11.99998856232219,    2.00000497137338,    24.00003678106810,    2.00000493184151,
  183,     15.02496656504033,    12.00000311701610,    1.99999547256449,    23.99995190479194,    1.99999549461124,
  184,     15.10103986737340,    12.00001163338200,    1.99999742681957,    23.99999238856893,    1.99999741803982,
  185,     15.13828418644407,    11.99997911208041,    2.00002107872219,    24.00021116838682,    2.00002107872219,
  186,     15.17552540285464,    11.99999119008383,    2.00000351668294,    24.00002458033200,    2.00000351668294,
  187,     15.25157315818711,    12.00001053670343,    1.99999285220350,    23.99993529977351,    1.99999285220350,
  188,     15.34196810133761,    11.99998878370868,    2.00000572621441,    24.00004628192605,    2.00000572621441,
  189,     15.41798390885854,    12.00000655539299,    2.00000119377582,    24.00002743610369,    2.00000119377582,
  190,     15.45519954630626,    12.00002166123266,    1.99997748589419,    23.99977315270797,    1.99997748589419,
  191,     15.49241132371075,    11.99999446641824,    1.99999901098383,    23.99997706464791,    1.99999901098383,
  192,     15.56839545507813,    11.99999418895330,    2.00000632365259,    24.00006426170092,    2.00000632365259,
  193,     15.65871075837485,    12.00001516105085,    1.99999472618150,    23.99996703619980,    1.99999472618150,
  194,     15.73465640538553,    11.99997613467637,    1.99999998253418,    23.99995205976327,    1.99999998253418,
  195,     15.77183587460361,    11.99998211739826,    2.00001421042827,    24.00013475968167,    2.00001421042827,
  196,     15.80901070007210,    12.00001827032733,    1.99999883028317,    24.00002250403132,    1.99999883028317,
  197,     15.88491753619324,    12.00000191612098,    1.99999773290960,    23.99997662715281,    1.99999773290960,
  198,     15.97513574249850,    11.99998576938209,    2.00000250579114,    24.00000160822222,    2.00000250579114,
  199,     16.05099535628881,    12.00003070650920,    1.99999908833414,    24.00005047300013,    1.99999908833414,
  200,     16.08813155473332,    12.00000991070823,    1.99999993939110,    24.00001909410908,    1.99999993939110,
  201,     16.12526206537193,    11.99997536809287,    2.00000147946632,    23.99996848974514,    2.00000147946632,
  202,     16.20107520949931,    12.00000055135763,    1.99999722365672,    23.99996778659439,    1.99999722365672,
  203,     16.29117692373552,    12.00001088793297,    2.00000209754393,    24.00004694641588,    2.00000209754393,
  204,     16.36693379740191,    11.99997636687180,    2.00000117407531,    23.99996682261964,    2.00000117407531,
  205,     16.40401825327251,    11.99999642479264,    1.99998573495204,    23.99982166906081,    1.99998573495204,
  206,     16.44109606177559,    12.00001930447068,    1.99999991562558,    24.00003759644669,    1.99999991562558,
  207,     16.51679779261710,    11.99999891651679,    2.00000554332069,    24.00006435287584,    2.00000554332069,
  208,     16.60676148202445,    11.99999323792353,    1.99999398239726,    23.99991426465491,    1.99999398239726,
  209,     16.68239772163462,    12.00000567495320,    2.00000101873469,    24.00002357472843,    2.00000101873469,
  210,     16.71942101163434,    12.00000654926724,    2.00002243642443,    24.00028233577454,    2.00002243642443,
  211,     16.75643658063666,    11.99999854727241,    1.99999667173664,    23.99995715538937,    1.99999667173664,
  212,     16.83200882412761,    11.99999778610747,    1.99999561720979,    23.99994297874208,    1.99999561720979,
  213,     16.92181199050821,    12.00000069795189,    2.00000706785930,    24.00008621022029,    2.00000706785930,
  214,     16.99730818274033,    12.00001535320953,    1.99999419488092,    23.99996104490097,    1.99999419488092,
  215,     17.03426184434880,    11.99998243419451,    1.99998154544346,    23.99974341403465,    1.99998154544346,
  216,     17.07120660391027,    11.99998180964562,    2.00000733970034,    24.00005169556183,    2.00000733970034,
  217,     17.14663020983188,    12.00000961111295,    2.00000032894677,    24.00002316959025,    2.00000032894677,
  218,     17.23625277322174,    12.00000245993342,    1.99999570370118,    23.99995336427038,    1.99999570370118,
  219,     17.31159301770908,    11.99997433199117,    2.00000970327272,    24.00006510300592,    2.00000970327272,
  220,     17.34846899915066,    12.00002519567520,    2.00000204257671,    24.00007490232234,    2.00000204257671,
  221,     17.38533579289732,    12.00002346411708,    1.99999171396485,    23.99994749561791,    1.99999171396485,
  222,     17.46059926716979,    11.99998736050390,    2.00000216985747,    24.00000075926997,    2.00000216985747,
  223,     17.55002921292935,    11.99999985787305,    2.00000111525839,    24.00001309884656,    2.00000111525839,
  224,     17.62520858487243,    12.00001498379318,    1.99999276682612,    23.99994316939145,    1.99999276682612,
  225,     17.66200637826425,    11.99998303418003,    2.00000872297338,    24.00007074389257,    2.00000872297338,
  226,     17.69879543536196,    11.99999052397570,    2.00000452590300,    24.00003535874448,    2.00000452590300,
  227,     17.77390348690883,    12.00000597376303,    1.99999837338158,    23.99999242809524,    1.99999837338158,
  228,     17.86315772954010,    11.99999938155309,    1.99999960537116,    23.99999402756035,    1.99999960537116,
  229,     17.93819923018483,    11.99999408197659,    2.00000211292134,    24.00001351899675,    2.00000211292134,
  230,     17.97493412987219,    12.00000312705523,    1.99999716341467,    23.99997221507760,    1.99999716341467,
  231,     18.01166389462648,    12.00000179573277,    1.99999804714997,    23.99998015726165,    1.99999804714997,
  232,     18.08666299894702,    12.00000085292292,    2.00000082946652,    24.00001165944477,    2.00000082946652,
  233,     18.17581236962024,    11.99999814018063,    2.00000065360177,    24.00000412358123,    2.00000065360177,
  234,     18.25078888429335,    12.00000596874690,    1.99999935909078,    24.00000424657932,    1.99999935909078,
  235,     18.28749963426699,    12.00000253822423,    2.00000199826547,    24.00002905563914,    2.00000199826547,
  236,     18.32420999018706,    11.99999506552609,    1.99999954721604,    23.99998469764694,    1.99999954721604,
  237,     18.39918257811165,    11.99999818339900,    1.99999930197000,    23.99998799043927,    1.99999930197000,
  238,     18.48831743188866,    12.00000327666412,    2.00000027559127,    24.00000986042433,    2.00000027559127,
  239,     18.56328990632956,    11.99999715123955,    1.99999999609850,    23.99999425566113,    1.99999999609850,
  240,     18.60000000456667,    11.99999516080421,    1.99999982144551,    23.99998817895547,    1.99999982144551,
  241,     18.63671011064402,    12.00000253201232,    2.00000054136708,    24.00001156043101,    2.00000054136708,
  242,     18.71168255470084,    12.00000298550997,    2.00000040491162,    24.00001082996054,    2.00000040491162,
  243,     18.80081741715301,    11.99999410244614,    1.99999912197484,    23.99997766859552,    1.99999912197484,
  244,     18.87578991707483,    12.00000320939316,    1.99999964026162,    24.00000210192456,    1.99999964026162,
  245,     18.91250002010417,    12.00000610267172,    2.00000119407515,    24.00002653425253,    2.00000119407515,
  246,     18.94921009976316,    12.00000028228668,    2.00000106657573,    24.00001336348236,    2.00000106657573,
  247,     19.02418256304327,    11.99999775132010,    1.99999944510099,    23.99998884385329,    1.99999944510099,
  248,     19.11331743497716,    12.00000324605282,    2.00000003573021,    24.00000692086825,    2.00000003573021,
  249,     19.18828987609923,    11.99999864306413,    2.00000120465859,    24.00001174202967,    2.00000120465859,
  250,     19.22499996543246,    11.99999894304622,    2.00000060179802,    24.00000510766806,    2.00000060179802,
  251,     19.26171008911590,    11.99999766135929,    1.99999790218636,    23.99997014895984,    1.99999790218636,
  252,     19.33668261341436,    12.00000015165900,    2.00000002496675,    24.00000060291906,    2.00000002496675,
  253,     19.42581740919242,    12.00000148635259,    2.00000125548144,    24.00001803848433,    2.00000125548144,
  254,     19.50078987990460,    11.99999952226002,    1.99999876677423,    23.99998424581141,    1.99999876677423,
  255,     19.53750000650246,    11.99999698137743,    1.99999891477980,    23.99998094011578,    1.99999891477980,
  256,     19.57421011659506,    12.00000067252892,    2.00000066144637,    24.00000928241471,    2.00000066144637,
  257,     19.64918255961669,    12.00000036262658,    2.00000018167040,    24.00000290529800,    2.00000018167040,
  258,     19.73831742917194,    11.99999888688347,    1.99999936240996,    23.99999012268711,    1.99999936240996,
  259,     19.81328990367654,    12.00000029832137,    2.00000041180406,    24.00000553829160,    2.00000041180406,
  260,     19.85000000208657,    12.00000145165030,    2.00000034736878,    24.00000707172645,    2.00000034736878,
  261,     19.88671010348126,    12.00000008734371,    2.00000001236061,    24.00000032301469,    2.00000001236061,
  262,     19.96168257667529,    11.99999990872069,    1.99999993950173,    23.99999909146219,    1.99999993950173,
  263,     20.05081742421968,    12.00000008637234,    2.00000006528415,    24.00000095615448,    2.00000006528415,
  264,     20.12578989392803,    11.99999996098653,    1.99999994591509,    23.99999927295419,    1.99999994591509,
  265,     20.16250000024752,    11.99999986563764,    1.99999999269686,    23.99999964363761,    1.99999999269686,
  266,     20.19921010598289,    12.00000003904672,    2.00000001047029,    24.00000020373689,    2.00000001047029,
  267,     20.27418257541430,    11.99999999905685,    2.00000000537203,    24.00000006257811,    2.00000000537203,
  268,     20.36331742449438,    11.99999999602679,    1.99999999380294,    23.99999991768884,    1.99999999380294,
  269,     20.43828989437685,    12.00000000496924,    2.00000000644090,    24.00000008722932,    2.00000000644090,
  270,     20.47499999996231,    12.00000000444190,    1.99999999598242,    23.99999996067286,    1.99999999598242,
  271,     20.51171010563335,    11.99999999488975,    1.99999999881694,    23.99999997558277,    1.99999999881694,
  272,     20.58668257555768,    12.00000000155827,    2.00000000027902,    24.00000000646484,    2.00000000027902,
  273,     20.67581742444592,    11.99999999963161,    2.00000000004742,    23.99999999983224,    2.00000000004742,
  274,     20.75078989436545,    11.99999999979681,    1.99999999981118,    23.99999999732778,    1.99999999981118,
  275,     20.78750000000136,    12.00000000078215,    2.00000000037670,    24.00000000608474,    2.00000000037670,
  276,     20.82421010563370,    12.00000000006284,    2.00000000002089,    24.00000000037633,    2.00000000002089,
  277,     20.89918257555025,    11.99999999990755,    1.99999999993931,    23.99999999908680,    1.99999999993931,
  278,     20.98831742445006,    12.00000000004320,    2.00000000004007,    24.00000000056722,    2.00000000004007,
  279,     21.06328989436383,    11.99999999998825,    1.99999999996609,    23.99999999956957,    1.99999999996609,
  280,     21.10000000000016,    11.99999999993040,    2.00000000001466,    24.00000000003667,    2.00000000001466,
  281,     21.13671010563608,    12.00000000002623,    2.00000000000681,    24.00000000013413,    2.00000000000681,
  282,     21.21168257554982,    11.99999999999375,    1.99999999999985,    23.99999999998571,    1.99999999999985,
  283,     21.30081742445011,    12.00000000000148,    1.99999999999872,    23.99999999998754,    1.99999999999872,
  284,     21.37578989436393,    12.00000000000087,    2.00000000000260,    24.00000000003292,    2.00000000000260,
  285,     21.41249999999996,    11.99999999999843,    1.99999999999548,    23.99999999994257,    1.99999999999548,
  286,     21.44921010563603,    11.99999999999817,    1.99999999999907,    23.99999999998515,    1.99999999999907,
  287,     21.52418257554989,    12.00000000000117,    2.00000000000097,    24.00000000001403,    2.00000000000097,
  288,     21.61331742445007,    11.99999999999921,    2.00000000000016,    24.00000000000039,    2.00000000000016,
  289,     21.68828989436395,    12.00000000000022,    1.99999999999929,    23.99999999999189,    1.99999999999929,
  290,     21.72500000000000,    12.00000000000062,    1.99999999999826,    23.99999999998038,    1.99999999999826,
  291,     21.76171010563602,    12.00000000000014,    2.00000000000055,    24.00000000000686,    2.00000000000055,
  292,     21.83668257554987,    11.99999999999959,    2.00000000000018,    24.00000000000133,    2.00000000000018,
  293,     21.92581742445008,    11.99999999999958,    1.99999999999965,    23.99999999999499,    1.99999999999965,
  294,     22.00078989436395,    12.00000000000141,    2.00000000000045,    24.00000000000828,    2.00000000000045,
  295,     22.03749999999997,    12.00000000000070,    2.00000000000017,    24.00000000000346,    2.00000000000017,
  296,     22.07421010563599,    11.99999999999870,    1.99999999999979,    23.99999999999488,    1.99999999999979,
  297,     22.14918257554989,    11.99999999999901,    1.99999999999959,    23.99999999999306,    1.99999999999959,
  298,     22.23831742445009,    12.00000000000113,    2.00000000000024,    24.00000000000512,    2.00000000000024,
  299,     22.31328989436396,    11.99999999999970,    1.99999999999998,    23.99999999999912,    1.99999999999998,
  300,     22.34999999999999,    11.99999999999977,    1.99999999999915,    23.99999999998932,    1.99999999999915,
  301,     22.38671010563601,    12.00000000000150,    2.00000000000109,    24.00000000001604,    2.00000000000109,
  302,     22.46168257554987,    11.99999999999733,    1.99999999999951,    23.99999999998883,    1.99999999999951,
  303,     22.55081742445011,    12.00000000000185,    1.99999999999938,    23.99999999999627,    1.99999999999938,
  304,     22.62578989436396,    12.00000000000000,    2.00000000000134,    24.00000000001603,    2.00000000000134,
  305,     22.66249999999997,    11.99999999999785,    1.99999999999964,    23.99999999999135,    1.99999999999964,
  306,     22.69921010563600,    11.99999999999858,    1.99999999999944,    23.99999999999043,    1.99999999999944,
  307,     22.77418257554989,    12.00000000000190,    1.99999999999990,    24.00000000000259,    1.99999999999990,
  308,     22.86331742445009,    11.99999999999896,    2.00000000000004,    23.99999999999843,    2.00000000000004,
  309,     22.93828989436397,    12.00000000000037,    1.99999999999977,    23.99999999999794,    1.99999999999977,
  310,     22.97500000000000,    12.00000000000045,    2.00000000000006,    24.00000000000161,    2.00000000000006,
  311,     23.01171010563602,    11.99999999999918,    1.99999999999991,    23.99999999999732,    1.99999999999991,
  312,     23.08668257554989,    12.00000000000075,    2.00000000000034,    24.00000000000560,    2.00000000000034,
  313,     23.17581742445009,    12.00000000000088,    1.99999999999944,    23.99999999999500,    1.99999999999944,
  314,     23.25078989436399,    11.99999999999883,    1.99999999999969,    23.99999999999390,    1.99999999999969,
  315,     23.28750000000000,    11.99999999999924,    2.00000000000212,    24.00000000002387,    2.00000000000212,
  316,     23.32421010563601,    11.99999999999896,    1.99999999999998,    23.99999999999770,    1.99999999999998,
  317,     23.39918257554990,    11.99999999999936,    2.00000000000026,    24.00000000000184,    2.00000000000026,
  318,     23.48831742445008,    12.00000000000195,    2.00000000000031,    24.00000000000757,    2.00000000000031,
  319,     23.56328989436397,    11.99999999999902,    1.99999999999948,    23.99999999999185,    1.99999999999948,
  320,     23.59999999999999,    11.99999999999770,    1.99999999999993,    23.99999999999461,    1.99999999999993,
  321,     23.63671010563602,    11.99999999999999,    1.99999999999975,    23.99999999999694,    1.99999999999975,
  322,     23.71168257554989,    12.00000000000109,    2.00000000000047,    24.00000000000785,    2.00000000000047,
  323,     23.80081742445009,    12.00000000000008,    1.99999999999950,    23.99999999999418,    1.99999999999950,
  324,     23.87578989436399,    11.99999999999909,    1.99999999999954,    23.99999999999272,    1.99999999999954,
  325,     23.91250000000001,    11.99999999999844,    2.00000000000157,    24.00000000001572,    2.00000000000157,
  326,     23.94921010563602,    12.00000000000180,    2.00000000000018,    24.00000000000571,    2.00000000000018,
  327,     24.02418257554990,    11.99999999999991,    1.99999999999986,    23.99999999999813,    1.99999999999986,
  328,     24.11331742445009,    11.99999999999741,    2.00000000000046,    24.00000000000039,    2.00000000000046,
  329,     24.18828989436396,    12.00000000000376,    1.99999999999990,    24.00000000000628,    1.99999999999990,
  330,     24.22499999999999,    12.00000000000264,    1.99999999999927,    23.99999999999656,    1.99999999999927,
  331,     24.26171010563603,    11.99999999999656,    1.99999999999918,    23.99999999998325,    1.99999999999918,
  332,     24.33668257554992,    12.00000000000029,    2.00000000000031,    24.00000000000425,    2.00000000000031,
  333,     24.42581742445009,    12.00000000000264,    2.00000000000069,    24.00000000001362,    2.00000000000069,
  334,     24.50078989436397,    11.99999999999818,    1.99999999999919,    23.99999999998662,    1.99999999999919,
  335,     24.53750000000001,    11.99999999999712,    1.99999999999776,    23.99999999996738,    1.99999999999776,
  336,     24.57421010563605,    12.00000000000068,    2.00000000000017,    24.00000000000335,    2.00000000000017,
  337,     24.64918257554989,    12.00000000000083,    2.00000000000109,    24.00000000001477,    2.00000000000109,
  338,     24.73831742445008,    11.99999999999928,    1.99999999999923,    23.99999999998929,    1.99999999999923,
  339,     24.81328989436400,    11.99999999999875,    1.99999999999933,    23.99999999998945,    1.99999999999933,
  340,     24.85000000000002,    12.00000000000175,    2.00000000000029,    24.00000000000692,    2.00000000000029,
  341,     24.88671010563603,    12.00000000000185,    2.00000000000126,    24.00000000001881,    2.00000000000126,
  342,     24.96168257554988,    11.99999999999862,    1.99999999999964,    23.99999999999289,    1.99999999999964,
  343,     25.05081742445012,    12.00000000000212,    1.99999999999941,    23.99999999999717,    1.99999999999941,
  344,     25.12578989436398,    11.99999999999720,    2.00000000000090,    24.00000000000516,    2.00000000000090,
  345,     25.16249999999999,    11.99999999999928,    2.00000000000010,    23.99999999999981,    2.00000000000010,
  346,     25.19921010563602,    11.99999999999963,    1.99999999999897,    23.99999999998695,    1.99999999999897,
  347,     25.27418257554991,    11.99999999999995,    2.00000000000073,    24.00000000000862,    2.00000000000073,
  348,     25.36331742445008,    12.00000000000010,    1.99999999999978,    23.99999999999753,    1.99999999999978,
  349,     25.43828989436400,    11.99999999999994,    1.99999999999850,    23.99999999998191,    1.99999999999850,
  350,     25.47500000000003,    11.99999999999784,    2.00000000000113,    24.00000000000920,    2.00000000000113,
  351,     25.51171010563602,    12.00000000000093,    2.00000000000231,    24.00000000002952,    2.00000000000231,
  352,     25.58668257554985,    11.99999999999870,    1.99999999999964,    23.99999999999310,    1.99999999999964,
  353,     25.67581742445010,    12.00000000000166,    1.99999999999926,    23.99999999999439,    1.99999999999926,
  354,     25.75078989436395,    11.99999999999817,    2.00000000000150,    24.00000000001437,    2.00000000000150,
  355,     25.78749999999995,    12.00000000000115,    2.00000000000022,    24.00000000000492,    2.00000000000022,
  356,     25.82421010563599,    11.99999999999983,    1.99999999999814,    23.99999999997737,    1.99999999999814,
  357,     25.89918257554990,    11.99999999999992,    2.00000000000094,    24.00000000001117,    2.00000000000094,
  358,     25.98831742445003,    12.00000000000031,    2.00000000000031,    24.00000000000436,    2.00000000000031,
  359,     26.06328989436397,    11.99999999999992,    1.99999999999735,    23.99999999996799,    1.99999999999735,
  360,     26.10000000000002,    11.99999999999894,    2.00000000000043,    24.00000000000308,    2.00000000000043,
  361,     26.13671010563603,    12.00000000000158,    2.00000000000076,    24.00000000001227,    2.00000000000076,
  362,     26.21168257554988,    11.99999999999896,    2.00000000000036,    24.00000000000222,    2.00000000000036,
  363,     26.30081742445007,    12.00000000000032,    1.99999999999994,    23.99999999999997,    1.99999999999994,
  364,     26.37578989436395,    12.00000000000248,    2.00000000000020,    24.00000000000734,    2.00000000000020,
  365,     26.41249999999998,    11.99999999999776,    2.00000000000005,    23.99999999999609,    2.00000000000005,
  366,     26.44921010563601,    11.99999999999546,    1.99999999999927,    23.99999999998214,    1.99999999999927,
  367,     26.52418257554990,    12.00000000000249,    2.00000000000008,    24.00000000000596,    2.00000000000008,
  368,     26.61331742445008,    11.99999999999999,    2.00000000000016,    24.00000000000185,    2.00000000000016,
  369,     26.68828989436397,    11.99999999999823,    1.99999999999962,    23.99999999999195,    1.99999999999962,
  370,     26.72500000000000,    11.99999999999855,    2.00000000000081,    24.00000000000681,    2.00000000000081,
  371,     26.76171010563601,    12.00000000000211,    2.00000000000074,    24.00000000001310,    2.00000000000074,
  372,     26.83668257554988,    11.99999999999974,    1.99999999999975,    23.99999999999647,    1.99999999999975,
  373,     26.92581742445009,    11.99999999999891,    1.99999999999988,    23.99999999999635,    1.99999999999988,
  374,     27.00078989436397,    11.99999999999833,    2.00000000000006,    23.99999999999742,    2.00000000000006,
  375,     27.03750000000000,    12.00000000000316,    1.99999999999941,    23.99999999999924,    1.99999999999941,
  376,     27.07421010563602,    12.00000000000228,    1.99999999999985,    24.00000000000272,    1.99999999999985,
  377,     27.14918257554989,    11.99999999999804,    2.00000000000025,    23.99999999999902,    2.00000000000025,
  378,     27.23831742445009,    12.00000000000170,    1.99999999999977,    24.00000000000060,    1.99999999999977,
  379,     27.31328989436399,    11.99999999999934,    1.99999999999900,    23.99999999998669,    1.99999999999900,
  380,     27.35000000000002,    11.99999999999648,    1.99999999999921,    23.99999999998343,    1.99999999999921,
  381,     27.38671010563603,    12.00000000000078,    2.00000000000113,    24.00000000001518,    2.00000000000113,
  382,     27.46168257554988,    11.99999999999983,    1.99999999999954,    23.99999999999416,    1.99999999999954,
  383,     27.55081742445013,    12.00000000000089,    1.99999999999945,    23.99999999999523,    1.99999999999945,
  384,     27.62578989436399,    11.99999999999802,    2.00000000000109,    24.00000000000907,    2.00000000000109,
  385,     27.66250000000000,    11.99999999999855,    1.99999999999930,    23.99999999998867,    1.99999999999930,
  386,     27.69921010563603,    11.99999999999921,    1.99999999999971,    23.99999999999497,    1.99999999999971,
  387,     27.77418257554991,    12.00000000000271,    2.00000000000075,    24.00000000001441,    2.00000000000075,
  388,     27.86331742445008,    11.99999999999830,    2.00000000000021,    23.99999999999907,    2.00000000000021,
  389,     27.93828989436397,    11.99999999999932,    1.99999999999888,    23.99999999998526,    1.99999999999888,
  390,     27.97500000000002,    11.99999999999938,    1.99999999999885,    23.99999999998500,    1.99999999999885,
  391,     28.01171010563603,    12.00000000000091,    2.00000000000064,    24.00000000000954,    2.00000000000064,
  392,     28.08668257554989,    12.00000000000143,    1.99999999999999,    24.00000000000269,    1.99999999999999,
  393,     28.17581742445011,    12.00000000000086,    1.99999999999996,    24.00000000000129,    1.99999999999996,
  394,     28.25078989436398,    11.99999999999780,    2.00000000000005,    23.99999999999623,    2.00000000000005,
  395,     28.28750000000001,    11.99999999999898,    1.99999999999786,    23.99999999997233,    1.99999999999786,
  396,     28.32421010563604,    12.00000000000003,    2.00000000000018,    24.00000000000219,    2.00000000000018,
  397,     28.39918257554991,    11.99999999999992,    2.00000000000033,    24.00000000000378,    2.00000000000033,
  398,     28.48831742445010,    12.00000000000090,    2.00000000000011,    24.00000000000318,    2.00000000000011,
  399,     28.56328989436397,    11.99999999999864,    2.00000000000019,    23.99999999999951,    2.00000000000019,
  400,     28.59999999999999,    12.00000000000003,    1.99999999999891,    23.99999999998698,    1.99999999999891,
