 indi,                  x_v,                   v,                   H,                   q,                 eta
    0,     0.07000000000000,    1.00000000000128,    1.85190085441076,    1.85190085441313,    1.85190085441076,
    1,     0.07349651111523,    1.02807487853684,    1.85188849111309,    1.90388003556486,    1.85188849111309,
    2,     0.08012405373827,    1.08128308567562,    1.85179712386350,    2.00231690813636,    1.85179712386350,
    3,     0.08674985212975,    1.13445686832967,    1.85161706375110,    2.10057969548886,    1.85161706375110,
    4,     0.09024403758021,    1.16248584323111,    1.85148644338450,    2.15232677936880,    1.85148644338450,
    5,     0.09373725219664,    1.19049564668678,    1.85133134894516,    2.20400191149398,    1.85133134894516,
    6,     0.10035588114175,    1.24352782743056,    1.85097042055448,    2.30173322571034,    1.85097042055448,
    7,     0.10696927653911,    1.29645651596589,    1.85052262279903,    2.39912211227010,    1.85052262279903,
    8,     0.11045551302051,    1.32432831654863,    1.85025170250027,    2.45034072236341,    1.85025170250027,
    9,     0.11393980735188,    1.35216165166381,    1.84995707207994,    2.50144101009075,    1.84995707207994,
   10,     0.12053886029124,    1.40480623038390,    1.84933405083554,    2.59795599667485,    1.84933405083554,
   11,     0.12712918771333,    1.45727758089309,    1.84862785187326,    2.69396392394945,    1.84862785187326,
   12,     0.13060184789185,    1.48487992198735,    1.84822231760500,    2.74438821078059,    1.84822231760500,
   13,     0.13407159358818,    1.51242425170504,    1.84779436806753,    2.79464901442931,    1.84779436806753,
   14,     0.14064039802265,    1.56446712267231,    1.84692251040690,    2.88944954565501,    1.84692251040690,
   15,     0.14719698022855,    1.61626587458452,    1.84597312743703,    2.98358337127654,    1.84597312743703,
   16,     0.15065042941616,    1.64348467778967,    1.84544181043978,    3.03295533921019,    1.84544181043978,
   17,     0.15409999013104,    1.67062552840811,    1.84488993771897,    3.08212022705656,    1.84488993771897,
   18,     0.16062785654904,    1.72184850907588,    1.84378862719865,    3.17472469879305,    1.84378862719865,
   19,     0.16713999669723,    1.77275477302067,    1.84261755201194,    3.26650906018082,    1.84261755201194,
   20,     0.17056858875284,    1.79947328633233,    1.84197265930124,    3.31458059456709,    1.84197265930124,
   21,     0.17399231587383,    1.82609334430770,    1.84130968547974,    3.36240336146385,    1.84130968547974,
   22,     0.18046852914568,    1.87627239444505,    1.84000494909277,    3.45235049162503,    1.84000494909277,
   23,     0.18692550144494,    1.92605977136730,    1.83864053044697,    3.54133155969934,    1.83864053044697,
   24,     0.19032357351283,    1.95215753205601,    1.83789797991882,    3.58786638464905,    1.83789797991882,
   25,     0.19371580065440,    1.97813557310049,    1.83714050870269,    3.63411299304872,    1.83714050870269,
   26,     0.20012960886810,    2.02703866418918,    1.83566574969431,    3.72096544915819,    1.83566574969431,
   27,     0.20652064637549,    2.07547196993528,    1.83414400901274,    3.80671447953067,    1.83414400901274,
   28,     0.20988251199241,    2.10082353973123,    1.83332389535949,    3.85148999532297,    1.83332389535949,
   29,     0.21323754776589,    2.12603311577833,    1.83249280418457,    3.89594038612190,    1.83249280418457,
   30,     0.21957814753111,    2.17341759897681,    1.83088981038450,    3.97928813567699,    1.83088981038450,
   31,     0.22589242604820,    2.22025002693329,    1.82925555777023,    4.06140470140721,    1.82925555777023,
   32,     0.22921236603248,    2.24472340404648,    1.82838278810866,    4.10421363602327,    1.82838278810866,
   33,     0.23252448448055,    2.26903118724412,    1.82750389859494,    4.14666334072213,    1.82750389859494,
   34,     0.23878100146409,    2.31464045278491,    1.82582421354383,    4.22612658434274,    1.82582421354383,
   35,     0.24500761818390,    2.35960994318317,    1.82413256319689,    4.30424133380359,    1.82413256319689,
   36,     0.24827986854625,    2.38306451807950,    1.82323771988031,    4.34489311827093,    1.82323771988031,
   37,     0.25154329644521,    2.40632816056732,    1.82234270816881,    4.38515457687111,    1.82234270816881,
   38,     0.25770475951704,    2.44988729606924,    1.82064949396814,    4.46038606586744,    1.82064949396814,
   39,     0.26383270463971,    2.49271178217275,    1.81896792596605,    4.53416278044992,    1.81896792596605,
   40,     0.26705144050388,    2.51499564623973,    1.81808844214940,    4.57248451648452,    1.81808844214940,
   41,     0.27026034046765,    2.53706095204392,    1.81721608068455,    4.61038795973105,    1.81721608068455,
   42,     0.27631564727553,    2.57827097487331,    1.81558666510877,    4.68107440101698,    1.81558666510877,
   43,     0.28233376617455,    2.61864202283716,    1.81399785418198,    4.75021101029736,    1.81399785418198,
   44,     0.28549308032596,    2.63958834862714,    1.81317963116494,    4.78604782839104,    1.81317963116494,
   45,     0.28864152825051,    2.66028545621084,    1.81237750037092,    4.82144150540050,    1.81237750037092,
   46,     0.29457939921393,    2.69881548613233,    1.81090690064820,    4.88730358741327,    1.81090690064820,
   47,     0.30047634179245,    2.73638960167960,    1.80951264916022,    4.95153159726972,    1.80951264916022,
   48,     0.30357021592390,    2.75581166935312,    1.80881231370974,    4.98474608179092,    1.80881231370974,
   49,     0.30665217072162,    2.77494978675038,    1.80813919722544,    5.01749547975572,    1.80813919722544,
   50,     0.31246108719815,    2.81042618833412,    1.80694507435735,    5.07828575785526,    1.80694507435735,
   51,     0.31822523965724,    2.84481266799312,    1.80587187651445,    5.13736719108081,    1.80587187651445,
   52,     0.32124750555144,    2.86249687717198,    1.80535998942254,    5.16783733189325,    1.80535998942254,
   53,     0.32425676823307,    2.87985685435405,    1.80488929094407,    5.19782279587548,    1.80488929094407,
   54,     0.32992488872616,    2.91184782204558,    1.80411905680404,    5.25332014626577,    1.80411905680404,
   55,     0.33554428079672,    2.94259136914868,    1.80352613933123,    5.30704045163013,    1.80352613933123,
   56,     0.33848856741032,    2.95828717987869,    1.80329185716332,    5.33465518262587,    1.80329185716332,
   57,     0.34141872519587,    2.97361076825264,    1.80311658919048,    5.36176690603178,    1.80311658919048,
   58,     0.34693377055203,    3.00160388310570,    1.80295784773411,    5.41176527683458,    1.80295784773411,
   59,     0.35239594785849,    3.02815908458167,    1.80304908252010,    5.45991945917988,    1.80304908252010,
   60,     0.35525560827481,    3.04156414629381,    1.80320710787827,    5.48457008766468,    1.80320710787827,
   61,     0.35809995725134,    3.05453803974222,    1.80344737517730,    5.50869861015231,    1.80344737517730,
   62,     0.36344905118523,    3.07790668363157,    1.80414368821204,    5.55298591617955,    1.80414368821204,
   63,     0.36874089704655,    3.09959946055148,    1.80518575594275,    5.59535279531537,    1.80518575594275,
   64,     0.37150890608169,    3.11033697017256,    1.80588701624804,    5.61691715059088,    1.80588701624804,
   65,     0.37426034247215,    3.12056837825887,    1.80670158528056,    5.63793583597668,    1.80670158528056,
   66,     0.37942978639253,    3.13851995284815,    1.80857702640790,    5.67625508364398,    1.80857702640790,
   67,     0.38453726877183,    3.15448749575274,    1.81092802377625,    5.71254980671040,    1.81092802377625,
   68,     0.38720607691168,    3.16207062692959,    1.81237664296108,    5.73086294764048,    1.81237664296108,
   69,     0.38985694148640,    3.16904869934974,    1.81398141739677,    5.74859545144583,    1.81398141739677,
   70,     0.39483189083297,    3.18054220880444,    1.81748014330290,    5.78057230943881,    1.81748014330290,
   71,     0.39973969647354,    3.18963630470937,    1.82163623651680,    5.81035707396812,    1.82163623651680,
   72,     0.40230101778675,    3.19341055551964,    1.82411745534966,    5.82515593642123,    1.82411745534966,
   73,     0.40484286931949,    3.19644353945216,    1.82681601997402,    5.83931426481365,    1.82681601997402,
   74,     0.40960686052542,    3.20005424883640,    1.83256831042491,    5.86431800805817,    1.83256831042491,
   75,     0.41429785798889,    3.20068119414198,    1.83924239824621,    5.88682855553524,    1.83924239824621,
   76,     0.41674235818363,    3.19972842581699,    1.84316995607696,    5.89764330207130,    1.84316995607696,
   77,     0.41916563993876,    3.19783872551660,    1.84740569141178,    5.90770546173637,    1.84740569141178,
   78,     0.42369989393905,    3.19153141252060,    1.85634120269755,    5.92457126076551,    1.85634120269755,
   79,     0.42815434531180,    3.18138390926197,    1.86659829623817,    5.93836578470792,    1.86659829623817,
   80,     0.43047118617093,    3.17436214309016,    1.87259610338574,    5.94429817988584,    1.87259610338574,
   81,     0.43276474172506,    3.16611207265036,    1.87904155323906,    5.94925614672187,    1.87904155323906,
   82,     0.43704716649735,    3.14687007356402,    1.89258235217160,    5.95571076580420,    1.89258235217160,
   83,     0.44124163065475,    3.12250295680024,    1.90806489458270,    5.95793827510122,    1.90806489458270,
   84,     0.44341785751285,    3.10740326309259,    1.91709987646353,    5.95720241179718,    1.91709987646353,
   85,     0.44556830154259,    3.09064183705763,    1.92679567593464,    5.95503532750533,    1.92679567593464,
   86,     0.44957228920660,    3.05397986803409,    1.94713881724013,    5.94652274811907,    1.94713881724013,
   87,     0.45347850186197,    3.01037316529616,    1.97034401549522,    5.93147075064869,    1.97034401549522,
   88,     0.45549854867596,    2.98435098476349,    1.98385955168460,    5.92053320670240,    1.98385955168460,
   89,     0.45748989184885,    2.95612526288493,    1.99830739466310,    5.90724697237337,    1.99830739466310,
   90,     0.46118417209233,    2.89631393387122,    2.02846489915017,    5.87507115177731,    2.02846489915017,
   91,     0.46477017805911,    2.82801111020833,    2.06238492534297,    5.83244748239609,    2.06238492534297,
   92,     0.46661728804507,    2.78858250273713,    2.08185069753390,    5.80541242845412,    2.08185069753390,
   93,     0.46843316082724,    2.74691544266266,    2.10230121267055,    5.77484366621319,    2.10230121267055,
   94,     0.47178903147110,    2.66245568296606,    2.14373666395458,    5.70760386372859,    2.14373666395458,
   95,     0.47503175840837,    2.57245424610353,    2.18784622431874,    5.62813430957031,    2.18784622431874,
   96,     0.47669727398382,    2.52361615475458,    2.21184071238710,    5.58183695352396,    2.21184071238710,
   97,     0.47833221353492,    2.47441634945348,    2.23605299752068,    5.53292609530963,    2.23605299752068,
   98,     0.48134990108098,    2.38169580938623,    2.28181309673274,    5.43458469029099,    2.28181309673274,
   99,     0.48426547714624,    2.29189472785417,    2.32637764456627,    5.33181265857924,    2.32637764456627,
  100,     0.48576453275318,    2.24638020548616,    2.34901519998805,    5.27678124763927,    2.34901519998805,
  101,     0.48723796021753,    2.20239763247496,    2.37098841912883,    5.22185928091489,    2.37098841912883,
  102,     0.48996424921492,    2.12358796738212,    2.41041922201586,    5.11873725621945,    2.41041922201586,
  103,     0.49260859437702,    2.05094272202821,    2.44688355874927,    5.01841802646730,    2.44688355874927,
  104,     0.49397263555815,    2.01506271620556,    2.46490254164059,    4.96693321074028,    2.46490254164059,
  105,     0.49531641404319,    1.98080015217574,    2.48213014274127,    4.91660376446188,    2.48213014274127,
  106,     0.49781087451838,    1.92004874065698,    2.51265535083858,    4.82442074208264,    2.51265535083858,
  107,     0.50024016968278,    1.86435870529751,    2.54059014930713,    4.73657136145384,    2.54059014930713,
  108,     0.50149691565578,    1.83684158325113,    2.55436041302498,    4.69195542525480,    2.55436041302498,
  109,     0.50273731210932,    1.81051211333203,    2.56750640649701,    4.64850145002042,    2.56750640649701,
  110,     0.50504569182032,    1.76360954585300,    2.59083331500640,    4.56921836605926,    2.59083331500640,
  111,     0.50730061904791,    1.72027140374532,    2.61224380833786,    4.49376832309440,    2.61224380833786,
  112,     0.50846965342929,    1.69870751142423,    2.62283386894144,    4.45542759438870,    2.62283386894144,
  113,     0.50962506761402,    1.67797007799588,    2.63296665581282,    4.41803926481478,    2.63296665581282,
  114,     0.51177930641531,    1.64075342401857,    2.65101504026924,    4.34966200444647,    2.65101504026924,
  115,     0.51388843977811,    1.60602514847496,    2.66766216180654,    4.28433251949637,    2.66766216180654,
  116,     0.51498365909478,    1.58861558043609,    2.67592654465223,    4.25101860093703,    2.67592654465223,
  117,     0.51606726466630,    1.57178848182807,    2.68385336532624,    4.21844980653527,    2.68385336532624,
  118,     0.51809057016501,    1.54137384496961,    2.69801891741218,    4.15865579253234,    2.69801891741218,
  119,     0.52007511727583,    1.51273383175325,    2.71113718871527,    4.10122894789398,    2.71113718871527,
  120,     0.52110701256641,    1.49827937527987,    2.71766767451334,    4.07182542558816,    2.71766767451334,
  121,     0.52212887253309,    1.48424556353978,    2.72394253702081,    4.04299962591043,    2.72394253702081,
  122,     0.52403927287596,    1.45871954017840,    2.73518112685572,    3.98986215567162,    2.73518112685572,
  123,     0.52591606841888,    1.43449022881294,    2.74561579628931,    3.93855903185148,    2.74561579628931,
  124,     0.52689310214188,    1.42218946105457,    2.75081879843083,    3.91218550439912,    2.75081879843083,
  125,     0.52786142047609,    1.41019940699151,    2.75582327143906,    3.88626034315677,    2.75582327143906,
  126,     0.52967383117437,    1.38826951725295,    2.76479646197885,    3.83828264957403,    2.76479646197885,
  127,     0.53145706102540,    1.36730647380709,    2.77313684613101,    3.79172796246791,    2.77313684613101,
  128,     0.53238645914364,    1.35660797746039,    2.77729758995101,    3.76770406630906,    2.77729758995101,
  129,     0.53330830193798,    1.34614294470082,    2.78130034956134,    3.74402784265593,    2.78130034956134,
  130,     0.53503572254724,    1.32690723165303,    2.78847692273620,    3.70005019407625,    2.78847692273620,
  131,     0.53673793070911,    1.30840247632915,    2.79514397896920,    3.65717330377981,    2.79514397896920,
  132,     0.53762614901840,    1.29891366288143,    2.79846738822763,    3.63496752569698,    2.79846738822763,
  133,     0.53850787147418,    1.28960218827856,    2.80166221956828,    3.61302972917263,    2.80166221956828,
  134,     0.54016209981780,    1.27240910104320,    2.80738210816172,    3.57213854453083,    2.80738210816172,
  135,     0.54179479589175,    1.25577247654752,    2.81268299199973,    3.53208988660657,    2.81268299199973,
  136,     0.54264780363236,    1.24720416140501,    2.81531915955879,    3.51127777148498,    2.81531915955879,
  137,     0.54349531115363,    1.23877093865934,    2.81784843776133,    3.49066875424536,    2.81784843776133,
  138,     0.54508738340981,    1.22313328275308,    2.82236218071762,    3.45212511921929,    2.82236218071762,
  139,     0.54666142051620,    1.20791872769431,    2.82652404536803,    3.41421132867833,    2.82652404536803,
  140,     0.54748487800510,    1.20005044604817,    2.82858416230930,    3.39444368566405,    2.82858416230930,
  141,     0.54830379041517,    1.19228438526613,    2.83055357208363,    3.37482482565457,    2.83055357208363,
  142,     0.54984425942501,    1.17782564974738,    2.83404721187505,    3.33801349874148,    2.83404721187505,
  143,     0.55137007468994,    1.16368440318505,    2.83723876222231,    3.30165049571016,    2.83723876222231,
  144,     0.55216944680434,    1.15634215001936,    2.83880538387601,    3.28263032107772,    2.83880538387601,
  145,     0.55296520352328,    1.14907563471186,    2.84029324401872,    3.26371176213860,    2.84029324401872,
  146,     0.55446431765270,    1.13549432534696,    2.84290421588528,    3.22810160464268,    2.84290421588528,
  147,     0.55595208735957,    1.12214374683702,    2.84524943364644,    3.19277886015792,    2.84524943364644,
  148,     0.55673271696628,    1.11518529351636,    2.84638295439635,    3.17424441045847,    2.84638295439635,
  149,     0.55751064517809,    1.10828045987123,    2.84744621796531,    3.15576900390519,    2.84744621796531,
  150,     0.55897846437606,    1.09532606463258,    2.84927389886992,    3.12088396670952,    2.84927389886992,
  151,     0.56043820461730,    1.08252833901914,    2.85086131307166,    3.08613816201339,    2.85086131307166,
  152,     0.56120536018305,    1.07583288114516,    2.85160422588284,    3.06784959021725,    2.85160422588284,
  153,     0.56197071901959,    1.06917177524297,    2.85228255744068,    3.04958000543339,    2.85228255744068,
  154,     0.56341719010039,    1.05662765979460,    2.85339478199845,    3.01497585097314,    2.85339478199845,
  155,     0.56485882239078,    1.04417439167960,    2.85428295730427,    2.98036917062464,    2.85428295730427,
  156,     0.56561772914648,    1.03763483049785,    2.85466256139711,    2.96209730302385,    2.85466256139711,
  157,     0.56637573867767,    1.03111204715246,    2.85498088038655,    2.94380518015650,    2.85498088038655,
  158,     0.56781074484887,    1.01878256563871,    2.85541839680715,    2.90905048027115,    2.85541839680715,
  159,     0.56924413940067,    1.00648289083149,    2.85563975271932,    2.87415255349028,    2.85563975271932,
  160,     0.57000000000000,    0.99999999999442,    2.85566985937071,    2.85566985935479,    2.85566985937071,
  161,     0.57075586059933,    0.99351710916211,    2.85563975272156,    2.83712695193231,    2.85563975272156,
  162,     0.57218925515113,    0.98121743436601,    2.85541839680877,    2.80178631335822,    2.85541839680877,
  163,     0.57362426132233,    0.96888795285200,    2.85498088038595,    2.76615658062874,    2.85498088038595,
  164,     0.57438227085352,    0.96236516950637,    2.85466256139593,    2.74722781978128,    2.85466256139593,
  165,     0.57514117760922,    0.95582560831251,    2.85428295730548,    2.72819674396254,    2.85428295730548,
  166,     0.57658280989961,    0.94337234020861,    2.85339478199902,    2.69181371303344,    2.85339478199902,
  167,     0.57802928098041,    0.93082822476005,    2.85228255743855,    2.65498510945458,    2.85228255743855,
  168,     0.57879463981695,    0.92416711884057,    2.85160422588719,    2.63535886151175,    2.85160422588719,
  169,     0.57956179538270,    0.91747166098546,    2.85086131307310,    2.61558446414438,    2.85086131307310,
  170,     0.58102153562394,    0.90467393536738,    2.84927389886743,    2.57766383102797,    2.84927389886743,
  171,     0.58248935482191,    0.89171954012040,    2.84744621796527,    2.53912343200155,    2.84744621796527,
  172,     0.58326728303372,    0.88481470648757,    2.84638295440046,    2.51852149834907,    2.84638295440046,
  173,     0.58404791264043,    0.87785625316717,    2.84524943364601,    2.49772000714650,    2.84524943364601,
  174,     0.58553568234730,    0.86450567465304,    2.84290421588412,    2.45770682712689,    2.84290421588412,
  175,     0.58703479647671,    0.85092436528726,    2.84029324402029,    2.41687472589765,    2.84029324402029,
  176,     0.58783055319566,    0.84365784997639,    2.83880538387626,    2.39498044666245,    2.83880538387626,
  177,     0.58862992531006,    0.83631559681801,    2.83723876222075,    2.37282702874184,    2.83723876222075,
  178,     0.59015574057499,    0.82217435025867,    2.83404721187543,    2.33008092502609,    2.83404721187543,
  179,     0.59169620958483,    0.80771561472745,    2.83055357208354,    2.28628231849443,    2.83055357208354,
  180,     0.59251512199490,    0.79994955395181,    2.82858416230607,    2.26272463895190,    2.82858416230607,
  181,     0.59333857948380,    0.79208127230147,    2.82652404536574,    2.23883676204400,    2.82652404536574,
  182,     0.59491261659019,    0.77686671725267,    2.82236218071959,    2.19259924223371,    2.82236218071959,
  183,     0.59650468884637,    0.76122906133154,    2.81784843776516,    2.14502812125452,    2.81784843776516,
  184,     0.59735219636764,    0.75279583859624,    2.81531915955523,    2.11936054763344,    2.81531915955523,
  185,     0.59820520410825,    0.74422752345204,    2.81268299199857,    2.09327609739078,    2.81268299199857,
  186,     0.59983790018220,    0.72759089895925,    2.80738210816176,    2.04262567179954,    2.80738210816176,
  187,     0.60149212852582,    0.71039781172534,    2.80166221956595,    1.99029470997322,    2.80166221956595,
  188,     0.60237385098160,    0.70108633710962,    2.79846738822899,    1.96196725073418,    2.79846738822899,
  189,     0.60326206929089,    0.69159752366700,    2.79514397896832,    1.93311465414721,    2.79514397896832,
  190,     0.60496427745276,    0.67309276835271,    2.78847692273767,    1.87690365141314,    2.78847692273767,
  191,     0.60669169806201,    0.65385705529532,    2.78130034956377,    1.81857285645760,    2.78130034956377,
  192,     0.60761354085636,    0.64339202253866,    2.77729758994795,    1.78689111358836,    2.77729758994795,
  193,     0.60854293897460,    0.63269352619604,    2.77313684612968,    1.75454572980195,    2.77313684612968,
  194,     0.61032616882563,    0.61173048274619,    2.76479646197971,    1.69131027438181,    2.76479646197971,
  195,     0.61213857952391,    0.58980059300602,    2.75582327143918,    1.62538619971461,    2.75582327143918,
  196,     0.61310689785812,    0.57781053895447,    2.75081879842579,    1.58945209248449,    2.75081879842579,
  197,     0.61408393158112,    0.56550977118209,    2.74561579629064,    1.55267256071425,    2.74561579629064,
  198,     0.61596072712403,    0.54128045982789,    2.73518112685612,    1.48050009805725,    2.73518112685612,
  199,     0.61787112746691,    0.51575443645534,    2.72394253701640,    1.40488544811561,    2.72394253701640,
  200,     0.61889298743359,    0.50172062471900,    2.71766767451529,    1.36350992343643,    2.71766767451529,
  201,     0.61992488272417,    0.48726616824833,    2.71113718871846,    1.32104542954240,    2.71113718871846,
  202,     0.62190942983499,    0.45862615502813,    2.69801891741131,    1.23738204228550,    2.69801891741131,
  203,     0.62393273533370,    0.42821151817796,    2.68385336532710,    1.14925692413375,    2.68385336532710,
  204,     0.62501634090522,    0.41138441954942,    2.67592654465420,    1.10083448832946,    2.67592654465420,
  205,     0.62611156022189,    0.39397485152837,    2.66766216180579,    1.05099180412528,    2.66766216180579,
  206,     0.62822069358469,    0.35924657597908,    2.65101504026975,    0.95236807608596,    2.65101504026975,
  207,     0.63037493238598,    0.32202992199989,    2.63296665581130,    0.84789404679922,    2.63296665581130,
  208,     0.63153034657071,    0.30129248858240,    2.62283386893962,    0.79024014351102,    2.62283386893962,
  209,     0.63269938095209,    0.27972859625525,    2.61224380833958,    0.73071929358331,    2.61224380833958,
  210,     0.63495430817968,    0.23639045414843,    2.59083331500674,    0.61244826395732,    2.59083331500674,
  211,     0.63726268789068,    0.18948788666534,    2.56750640649744,    0.48651136296691,    2.56750640649744,
  212,     0.63850308434422,    0.16315841674899,    2.55436041302464,    0.41676540079539,    2.55436041302464,
  213,     0.63975983031722,    0.13564129470612,    2.54059014930530,    0.34460893716938,    2.54059014930530,
  214,     0.64218912548162,    0.07995125934168,    2.51265535083872,    0.20088995959116,    2.51265535083872,
  215,     0.64468358595681,    0.01919984781994,    2.48213014274053,    0.04765652100990,    2.48213014274053,
  216,     0.64602736444185,    -0.01506271619423,    2.46490254164342,    -0.03712812743120,    2.46490254164342,
  217,     0.64739140562297,    -0.05094272202914,    2.44688355875007,    -0.12465090897107,    2.44688355875007,
  218,     0.65003575078508,    -0.12358796738060,    2.41041922201529,    -0.29789881218400,    2.41041922201529,
  219,     0.65276203978247,    -0.20239763247631,    2.37098841912894,    -0.47988244266045,    2.37098841912894,
  220,     0.65423546724682,    -0.24638020549408,    2.34901519998605,    -0.57875084768129,    2.34901519998605,
  221,     0.65573452285376,    -0.29189472784959,    2.32637764456641,    -0.67905736943608,    2.32637764456641,
  222,     0.65865009891902,    -0.38169580938838,    2.28181309673294,    -0.87095849683047,    2.28181309673294,
  223,     0.66166778646507,    -0.47441634945335,    2.23605299752147,    -1.06082010026836,    2.23605299752147,
  224,     0.66330272601618,    -0.52361615475732,    2.21184071238609,    -1.15815552875530,    2.21184071238609,
  225,     0.66496824159163,    -0.57245424610106,    2.18784622431893,    -1.25244186092754,    2.18784622431893,
  226,     0.66821096852890,    -0.66245568296707,    2.14373666395471,    -1.42013053582167,    2.14373666395471,
  227,     0.67156683917276,    -0.74691544266203,    2.10230121266997,    -1.57024124087031,    2.10230121266997,
  228,     0.67338271195493,    -0.78858250273387,    2.08185069753345,    -1.64171103337918,    2.08185069753345,
  229,     0.67522982194089,    -0.82801111020919,    2.06238492534276,    -1.70767763171177,    2.06238492534276,
  230,     0.67881582790767,    -0.89631393387210,    2.02846489915084,    -1.81814135347935,    2.02846489915084,
  231,     0.68251010815115,    -0.95612526288488,    1.99830739466287,    -1.91063218304684,    1.99830739466287,
  232,     0.68450145132404,    -0.98435098476183,    1.98385955168282,    -1.95281410332814,    1.98385955168282,
  233,     0.68652149813803,    -1.01037316529412,    1.97034401549481,    -1.99078271965382,    1.97034401549481,
  234,     0.69042771079340,    -1.05397986803694,    1.94713881724107,    -2.05224511364534,    1.94713881724107,
  235,     0.69443169845741,    -1.09064183705551,    1.92679567593382,    -2.10144397563108,    1.92679567593382,
  236,     0.69658214248715,    -1.10740326309453,    1.91709987646307,    -2.12300265887333,    1.91709987646307,
  237,     0.69875836934525,    -1.12250295679936,    1.90806489458338,    -2.14180848593491,    1.90806489458338,
  238,     0.70295283350265,    -1.14687007356532,    1.89258235217179,    -2.17054606146370,    1.89258235217179,
  239,     0.70723525827494,    -1.16611207264845,    1.87904155323917,    -2.19117304024029,    1.87904155323917,
  240,     0.70952881382907,    -1.17436214309495,    1.87259610338571,    -2.19910597312329,    1.87259610338571,
  241,     0.71184565468820,    -1.18138390926087,    1.86659829623721,    -2.20516919222839,    1.86659829623721,
  242,     0.71630010606095,    -1.19153141252059,    1.85634120269756,    -2.21188885537040,    1.85634120269756,
  243,     0.72083436006124,    -1.19783872551547,    1.84740569141180,    -2.21289407891075,    1.84740569141180,
  244,     0.72325764181637,    -1.19972842581755,    1.84316995607707,    -2.21130338991853,    1.84316995607707,
  245,     0.72570214201110,    -1.20068119414258,    1.83924239824651,    -2.20834375904428,    1.83924239824651,
  246,     0.73039313947458,    -1.20005424883675,    1.83256831042454,    -2.19918138720854,    1.83256831042454,
  247,     0.73515713068051,    -1.19644353945294,    1.82681601997436,    -2.18568222486745,    1.82681601997436,
  248,     0.73769898221325,    -1.19341055551761,    1.82411745534946,    -2.17692102571798,    1.82411745534946,
  249,     0.74026030352646,    -1.18963630470964,    1.82163623651610,    -2.16708460093419,    1.82163623651610,
  250,     0.74516810916703,    -1.18054220880452,    1.81748014330358,    -2.14561202283396,    1.81748014330358,
  251,     0.75014305851359,    -1.16904869935005,    1.81398141739658,    -2.12063261665264,    1.81398141739658,
  252,     0.75279392308832,    -1.16207062693489,    1.81237664296049,    -2.10610966172726,    1.81237664296049,
  253,     0.75546273122817,    -1.15448749575064,    1.81092802377676,    -2.09069375915469,    1.81092802377676,
  254,     0.76057021360747,    -1.13851995284777,    1.80857702640755,    -2.05910103082708,    1.80857702640755,
  255,     0.76573965752785,    -1.12056837826196,    1.80670158528098,    -2.02453266542163,    1.80670158528098,
  256,     0.76849109391831,    -1.11033697016567,    1.80588701624815,    -2.00514311808249,    1.80588701624815,
  257,     0.77125910295345,    -1.09959946055277,    1.80518575594267,    -1.98498128343210,    1.80518575594267,
  258,     0.77655094881477,    -1.07790668363235,    1.80414368821204,    -1.94469853975687,    1.80414368821204,
  259,     0.78190004274865,    -1.05453803974170,    1.80344737517793,    -1.90180385979745,    1.80344737517793,
  260,     0.78474439172519,    -1.04156414629083,    1.80320710787868,    -1.87815587190321,    1.80320710787868,
  261,     0.78760405214151,    -1.02815908458065,    1.80304908251936,    -1.85382129413709,    1.80304908251936,
  262,     0.79306622944796,    -1.00160388310680,    1.80295784773430,    -1.80584958136855,    1.80295784773430,
  263,     0.79858127480413,    -0.97361076825174,    1.80311658919034,    -1.75553372764907,    1.80311658919034,
  264,     0.80151143258968,    -0.95828717988210,    1.80329185716232,    -1.72807146830443,    1.80329185716232,
  265,     0.80445571920328,    -0.94259136914769,    1.80352613933160,    -1.69998817296622,    1.80352613933160,
  266,     0.81007511127384,    -0.91184782204584,    1.80411905680401,    -1.64508203265814,    1.80411905680401,
  267,     0.81574323176693,    -0.87985685435422,    1.80488929094408,    -1.58804421398768,    1.80488929094408,
  268,     0.81875249444856,    -0.86249687717204,    1.80535998942395,    -1.55711735304951,    1.80535998942395,
  269,     0.82177476034276,    -0.84481266799318,    1.80587187651339,    -1.52562343805112,    1.80587187651339,
  270,     0.82753891280185,    -0.81042618833483,    1.80694507435739,    -1.46439560914185,    1.80694507435739,
  271,     0.83334782927838,    -0.77494978674975,    1.80813919722688,    -1.40121708530483,    1.80813919722688,
  272,     0.83642978407610,    -0.75581166934830,    1.80881231370850,    -1.36712145436179,    1.80881231370850,
  273,     0.83952365820755,    -0.73638960168236,    1.80951264916003,    -1.33250629895414,    1.80951264916003,
  274,     0.84542060078607,    -0.69881548613109,    1.81090690064852,    -1.26548978611484,    1.81090690064852,
  275,     0.85135847174949,    -0.66028545621096,    1.81237750036993,    -1.19668650465825,    1.81237750036993,
  276,     0.85450691967404,    -0.63958834862653,    1.81317963116467,    -1.15968856605987,    1.81317963116467,
  277,     0.85766623382544,    -0.61864202283800,    1.81399785418222,    -1.12221530193508,    1.81399785418222,
  278,     0.86368435272447,    -0.57827097487264,    1.81558666510866,    -1.04990107079815,    1.81558666510866,
  279,     0.86973965953235,    -0.53706095204368,    1.81721608068414,    -0.97595579836131,    1.81721608068414,
  280,     0.87294855949612,    -0.51499564624114,    1.81808844214945,    -0.93630763218830,    1.81808844214945,
  281,     0.87616729536029,    -0.49271178217233,    1.81896792596624,    -0.89622692851713,    1.81896792596624,
  282,     0.88229524048295,    -0.44988729606932,    1.82064949396847,    -0.81908707793145,    1.82064949396847,
  283,     0.88845670355479,    -0.40632816056801,    1.82234270816852,    -0.74046916053464,    1.82234270816852,
  284,     0.89172013145375,    -0.38306451807680,    1.82323771988064,    -0.69841767850552,    1.82323771988064,
  285,     0.89499238181610,    -0.35960994318396,    1.82413256319674,    -0.65597620741119,    1.82413256319674,
  286,     0.90121899853591,    -0.31464045278472,    1.82582421354356,    -0.57447815725465,    1.82582421354356,
  287,     0.90747551551945,    -0.26903118724438,    1.82750389859588,    -0.49165554353298,    1.82750389859588,
  288,     0.91078763396752,    -0.24472340404613,    1.82838278810810,    -0.44744805980518,    1.82838278810810,
  289,     0.91410757395180,    -0.22025002693312,    1.82925555776978,    -0.40289358586636,    1.82925555776978,
  290,     0.92042185246889,    -0.17341759897715,    1.83088981038497,    -0.31750851490869,    1.83088981038497,
  291,     0.92676245223410,    -0.12603311577912,    1.83249280418452,    -0.23095477775420,    1.83249280418452,
  292,     0.93011748800759,    -0.10082353973060,    1.83332389535752,    -0.18484220460263,    1.83332389535752,
  293,     0.93347935362451,    -0.07547196993469,    1.83414400901311,    -0.13842646150412,    1.83414400901311,
  294,     0.93987039113190,    -0.02703866419037,    1.83566574969415,    -0.04963394977174,    1.83566574969415,
  295,     0.94628419934560,    0.02186442690217,    1.83714050870237,    0.04016802436153,    1.83714050870237,
  296,     0.94967642648717,    0.04784246794163,    1.83789797991941,    0.08792957518428,    1.83789797991941,
  297,     0.95307449855505,    0.07394022863066,    1.83864053044823,    0.13594950119095,    1.83864053044823,
  298,     0.95953147085431,    0.12372760555655,    1.84000494909201,    0.22765940656335,    1.84000494909201,
  299,     0.96600768412617,    0.17390665569145,    1.84130968547863,    0.32021600949386,    1.84130968547863,
  300,     0.96943141124715,    0.20052671367009,    1.84197265930221,    0.36936472404003,    1.84197265930221,
  301,     0.97286000330277,    0.22724522697978,    1.84261755201198,    0.41872604384389,    1.84261755201198,
  302,     0.97937214345096,    0.27815149092286,    1.84378862719871,    0.51285255560192,    1.84378862719871,
  303,     0.98590000986896,    0.32937447159295,    1.84488993771902,    0.60765964838336,    1.84488993771902,
  304,     0.98934957058384,    0.35651532221302,    1.84544181044013,    0.65792828167443,    1.84544181044013,
  305,     0.99280301977145,    0.38373412541459,    1.84597312743695,    0.70836288359586,    1.84597312743695,
  306,     0.99935960197735,    0.43553287732659,    1.84692251040684,    0.80439547515674,    1.84692251040684,
  307,     1.00592840641182,    0.48757574829509,    1.84779436806779,    0.90093972170611,    1.84779436806779,
  308,     1.00939815210815,    0.51512007801276,    1.84822231760563,    0.95205642442994,    1.84822231760563,
  309,     1.01287081228667,    0.54272241910621,    1.84862785187345,    1.00329177979587,    1.84862785187345,
  310,     1.01946113970875,    0.59519376961585,    1.84933405083546,    1.10071210499571,    1.84933405083546,
  311,     1.02606019264812,    0.64783834833880,    1.84995707207959,    1.19847313407373,    1.84995707207959,
  312,     1.02954448697949,    0.67567168344874,    1.85025170249942,    1.25016268263169,    1.85025170249942,
  313,     1.03303072346089,    0.70354348403348,    1.85052262279964,    1.30192313332724,    1.85052262279964,
  314,     1.03964411885825,    0.75647217256884,    1.85097042055471,    1.40020761539768,    1.85097042055471,
  315,     1.04626274780336,    0.80950435331633,    1.85133134894453,    1.49866078640160,    1.85133134894453,
  316,     1.04975596241979,    0.83751415675986,    1.85148644338413,    1.55064610738317,    1.85148644338413,
  317,     1.05325014787025,    0.86554313167088,    1.85161706375137,    1.60265443201460,    1.85161706375137,
  318,     1.05987594626173,    0.91871691432464,    1.85179712386337,    1.70127733959100,    1.85179712386337,
  319,     1.06650348888477,    0.97192512146215,    1.85188849111298,    1.79989694665934,    1.85188849111298,
  320,     1.07000000000000,    1.00000000000128,    1.85190085441367,    1.85190085441604,    1.85190085441367,
