 indi,                  x_v,                   v,                   H,                   q,                 eta
    0,     0.07000000000000,    1.00000000000043,    1.85190026448357,    1.85190026448437,    1.85190026448357,
    1,     0.08398436921749,    1.11226704747997,    1.85170451533916,    2.05958991408162,    1.85170451533916,
    2,     0.11045551183975,    1.32432877574896,    1.85024964508308,    2.45033884730282,    1.85024964508308,
    3,     0.13681498352225,    1.53417545897510,    1.84744130068358,    2.83429910540578,    1.84744130068358,
    4,     0.15065043116942,    1.64348420783911,    1.84544054729373,    3.03295239598320,    1.84544054729373,
    5,     0.16442366155020,    1.75154524998955,    1.84311689219744,    3.22830263770393,    1.84311689219744,
    6,     0.19032357061186,    1.95215846068489,    1.83789553997303,    3.58786332821337,    1.83789553997303,
    7,     0.21588738757504,    2.14587696773850,    1.83182965025484,    3.93088105530234,    1.83182965025484,
    8,     0.22921236703881,    2.24472305185549,    1.82837880918138,    4.10420406049354,    1.82837880918138,
    9,     0.24241220119036,    2.34091833043490,    1.82484373856840,    4.27181015779412,    1.82484373856840,
   10,     0.26705143624848,    2.51499603218986,    1.81808430452856,    4.57247481207601,    1.81808430452856,
   11,     0.29112501676106,    2.67648026497454,    1.81175947040845,    4.84913846742894,    1.81175947040845,
   12,     0.30357021049219,    2.75581097735508,    1.80879884247871,    4.98470770592999,    1.80879884247871,
   13,     0.31582470588839,    2.83059851032867,    1.80631549150078,    5.11295393942572,    1.80631549150078,
   14,     0.33848855746520,    2.95828573230007,    1.80328015100215,    5.33461794204956,    1.80328015100215,
   15,     0.36033958742204,    3.06447578013845,    1.80371461528762,    5.52743975283066,    1.80371461528762,
   16,     0.37150885754440,    3.11032364898356,    1.80582449441385,    5.61669863088919,    1.80582449441385,
   17,     0.38241309460341,    3.14810938198536,    1.80994170762021,    5.69789447060577,    1.80994170762021,
   18,     0.40230098367444,    3.19340043209158,    1.82405479857872,    5.82493738194001,    1.82405479857872,
   19,     0.42106750484326,    3.19554548934150,    1.85107926208415,    5.91520798636660,    1.85107926208415,
   20,     0.43047096063831,    3.17435702797015,    1.87265615079586,    5.94447921325037,    1.87265615079586,
   21,     0.43950280213841,    3.13370232649451,    1.90108609369312,    5.95743791467248,    1.90108609369312,
   22,     0.45549877522534,    2.98427496538741,    1.98421879161930,    5.92145446568073,    1.98421879161930,
   23,     0.46984682761147,    2.71155187077094,    2.11867853901603,    5.74490675603116,    2.11867853901603,
   24,     0.47669522936939,    2.52304323637042,    2.21220404280211,    5.58148644766316,    2.21220404280211,
   25,     0.48306002814560,    2.33108857949257,    2.30888770731959,    5.38222176586346,    2.30888770731959,
   26,     0.49397225127324,    2.01425277189716,    2.46377610868102,    4.96266785624475,    2.46377610868102,
   27,     0.50370854487338,    1.78906098807784,    2.57756315237088,    4.61141768021368,    2.57756315237088,
   28,     0.50847142089675,    1.69902514699914,    2.62291939294710,    4.45640600716885,    2.62291939294710,
   29,     0.51301465708727,    1.62107114582620,    2.66125617544805,    4.31408559767062,    2.66125617544805,
   30,     0.52110699314698,    1.49871714975992,    2.71796597526691,    4.07346221959647,    2.71796597526691,
   31,     0.52862117823158,    1.40094417468810,    2.75956504138251,    3.86599656939774,    2.75956504138251,
   32,     0.53238621697330,    1.35657090726561,    2.77735134161249,    3.76767402928661,    2.77735134161249,
   33,     0.53603019137363,    1.31602775953908,    2.79238677065050,    3.67485850554573,    2.79238677065050,
   34,     0.54264761853286,    1.24723409330125,    2.81533427052573,    3.51138088623908,    2.81533427052573,
   35,     0.54894846741171,    1.18614727838418,    2.83202568304705,    3.35919955626036,    2.83202568304705,
   36,     0.55216928982704,    1.15622414029523,    2.83878295526882,    3.28226938194046,    2.83878295526882,
   37,     0.55533225976019,    1.12753780938516,    2.84424625961457,    3.20699519691774,    2.84424625961457,
   38,     0.56120534058002,    1.07565905298804,    2.85158246575470,    3.06733049463100,    2.85158246575470,
   39,     0.56697500919739,    1.02586805475283,    2.85518647481968,    2.92904459487986,    2.85518647481968,
   40,     0.57000000000000,    1.00000000000053,    2.85567437560847,    2.85567437561000,    2.85567437560847,
   41,     0.57302499080261,    0.97413194524648,    2.85518647481915,    2.78132835475703,    2.85518647481915,
   42,     0.57879465941998,    0.92434094701257,    2.85158246575519,    2.63583443688059,    2.85158246575519,
   43,     0.58466774023981,    0.87246219061487,    2.84424625961471,    2.48149732231161,    2.84424625961471,
   44,     0.58783071017296,    0.84377585970409,    2.83878295526833,    2.39529652859486,    2.83878295526833,
   45,     0.59105153258829,    0.81385272161560,    2.83202568304721,    2.30485180983325,    2.83202568304721,
   46,     0.59735238146714,    0.75276590669868,    2.81533427052571,    2.11928765481215,    2.81533427052571,
   47,     0.60396980862637,    0.68397224046063,    2.79238677065030,    1.90991503575432,    2.79238677065030,
   48,     0.60761378302671,    0.64342909273622,    2.77735134161178,    1.78702865394298,    2.77735134161178,
   49,     0.61137882176842,    0.59905582531156,    2.75956504138268,    1.65313351336644,    2.75956504138268,
   50,     0.61889300685302,    0.50128285024010,    2.71796597526701,    1.36246973093745,    2.71796597526701,
   51,     0.62698534291273,    0.37892885417408,    2.66125617544806,    1.00842675322624,    2.66125617544806,
   52,     0.63152857910325,    0.30097485299997,    2.62291939294740,    0.78943277872311,    2.62291939294740,
   53,     0.63629145512662,    0.21093901192192,    2.57756315237084,    0.54370862452747,    2.57756315237084,
   54,     0.64602774872676,    -0.01425277189697,    2.46377610868090,    -0.03511563888224,    2.46377610868090,
   55,     0.65693997185440,    -0.33108857949216,    2.30888770731968,    -0.76444635122338,    2.30888770731968,
   56,     0.66330477063061,    -0.52304323637150,    2.21220404280220,    -1.15707836206137,    2.21220404280220,
   57,     0.67015317238853,    -0.71155187077078,    2.11867853901595,    -1.50754967799870,    2.11867853901595,
   58,     0.68450122477466,    -0.98427496538747,    1.98421879161930,    -1.95301688244225,    1.98421879161930,
   59,     0.70049719786159,    -1.13370232649451,    1.90108609369324,    -2.15526572728638,    1.90108609369324,
   60,     0.70952903936169,    -1.17435702797023,    1.87265615079566,    -2.19916691165857,    1.87265615079566,
   61,     0.71893249515674,    -1.19554548934137,    1.85107926208406,    -2.21304946219796,    1.85107926208406,
   62,     0.73769901632556,    -1.19340043209172,    1.82405479857878,    -2.17682778478290,    1.82405479857878,
   63,     0.75758690539659,    -1.14810938198519,    1.80994170762014,    -2.07801105536498,    1.80994170762014,
   64,     0.76849114245560,    -1.11032364898297,    1.80582449441380,    -2.00504964206035,    1.80582449441380,
   65,     0.77966041257796,    -1.06447578013864,    1.80371461528759,    -1.92001052225572,    1.80371461528759,
   66,     0.80151144253480,    -0.95828573230009,    1.80328015100215,    -1.72805764004532,    1.80328015100215,
   67,     0.82417529411161,    -0.83059851032883,    1.80631549150091,    -1.50032295642455,    1.80631549150091,
   68,     0.83642978950781,    -0.75581097735470,    1.80879884247870,    -1.36711002097187,    1.80879884247870,
   69,     0.84887498323893,    -0.67648026497465,    1.81175947040833,    -1.22561952661215,    1.81175947040833,
   70,     0.87294856375152,    -0.51499603218984,    1.81808430452854,    -0.93630620301882,    1.81808430452854,
   71,     0.89758779880964,    -0.34091833043505,    1.82484373856839,    -0.62212268065759,    1.82484373856839,
   72,     0.91078763296119,    -0.24472305185526,    1.82837880918170,    -0.44744644213043,    1.82837880918170,
   73,     0.92411261242496,    -0.14587696773846,    1.83182965025483,    -0.26722175479257,    1.83182965025483,
   74,     0.94967642938814,    0.04784153931507,    1.83789553997294,    0.08792775173262,    1.83789553997294,
   75,     0.97557633844979,    0.24845475001042,    1.84311689219757,    0.45793114669094,    1.84311689219757,
   76,     0.98934956883058,    0.35651579216053,    1.84544054729368,    0.65792869860357,    1.84544054729368,
   77,     1.00318501647775,    0.46582454102494,    1.84744130068356,    0.86058349596144,    1.84744130068356,
   78,     1.02954448816025,    0.67567122425112,    1.85024964508310,    1.25016044286349,    1.85024964508310,
   79,     1.05601563078250,    0.88773295251974,    1.85170451533921,    1.64381911659620,    1.85170451533921,
   80,     1.07000000000000,    1.00000000000043,    1.85190026448373,    1.85190026448453,    1.85190026448373,
