 indi,                  x_v,                   v,                   H,                   q,                 eta
    0,     -0.00000000000821,    -0.00000000020986,    10.00000000020895,    -0.00000000209856,    10.00000000020895,
    1,     0.00499999999168,    -0.00000000021294,    10.00000000021644,    -0.00000000212944,    10.00000000021644,
    2,     0.00999999999157,    -0.00000000020969,    10.00000000022123,    -0.00000000209693,    10.00000000022123,
    3,     0.01499999999146,    -0.00000000021249,    10.00000000022085,    -0.00000000212488,    10.00000000022085,
    4,     0.01999999999135,    -0.00000000020723,    10.00000000022160,    -0.00000000207231,    10.00000000022160,
    5,     0.02499999999124,    -0.00000000020275,    10.00000000022063,    -0.00000000202752,    10.00000000022063,
    6,     0.02999999999113,    -0.00000000020340,    10.00000000021717,    -0.00000000203405,    10.00000000021717,
    7,     0.03499999999102,    -0.00000000019700,    10.00000000021873,    -0.00000000197004,    10.00000000021873,
    8,     0.03999999999091,    -0.00000000020284,    10.00000000022531,    -0.00000000202841,    10.00000000022531,
    9,     0.04499999999080,    -0.00000000019561,    10.00000000022383,    -0.00000000195609,    10.00000000022383,
   10,     0.04999999999068,    -0.00000000019629,    10.00000000022501,    -0.00000000196289,    10.00000000022501,
   11,     0.05499999999057,    -0.00000000019778,    10.00000000023102,    -0.00000000197783,    10.00000000023102,
   12,     0.05999999999045,    -0.00000000019424,    10.00000000022886,    -0.00000000194243,    10.00000000022886,
   13,     0.06499999999034,    -0.00000000019522,    10.00000000023086,    -0.00000000195224,    10.00000000023086,
   14,     0.06999999999022,    -0.00000000019660,    10.00000000023774,    -0.00000000196600,    10.00000000023774,
   15,     0.07499999999011,    -0.00000000018674,    10.00000000023244,    -0.00000000186742,    10.00000000023244,
   16,     0.07999999998999,    -0.00000000020037,    10.00000000023712,    -0.00000000200375,    10.00000000023712,
   17,     0.08499999998985,    -0.00000000024667,    10.00000000030093,    -0.00000000246670,    10.00000000030093,
   18,     0.08999999998969,    -0.00000000026687,    10.00000000042985,    -0.00000000266871,    10.00000000042985,
   19,     0.09499999998962,    0.00000000014263,    9.99999999975972,    0.00000000142625,    9.99999999975972,
   20,     0.09999999998993,    0.00000000132470,    9.99999999810763,    0.00000001324702,    9.99999999810763,
   21,     0.10499999999035,    0.00000000020978,    10.00000000110861,    0.00000000209785,    10.00000000110861,
   22,     0.10999999998882,    -0.00000001000168,    10.00000000891540,    -0.00000010001684,    10.00000000891540,
   23,     0.11499999997994,    -0.00000002533498,    10.00000002272919,    -0.00000025334982,    10.00000002272919,
   24,     0.11999999996609,    -0.00000000326507,    10.00000004754862,    -0.00000003265075,    10.00000004754862,
   25,     0.12500000000798,    0.00000018529739,    9.99999977001047,    0.00000185297388,    9.99999977001047,
   26,     0.13000000019608,    0.00000054830237,    9.99999920992908,    0.00000548302330,    9.99999920992908,
   27,     0.13500000035894,    0.00000000965812,    10.00000040629355,    0.00000009658125,    10.00000040629355,
   28,     0.13999999978979,    -0.00000327825356,    10.00000272755030,    -0.00003278254451,    10.00000272755030,
   29,     0.14499999693044,    -0.00000829400856,    10.00000785259913,    -0.00008294015071,    10.00000785259913,
   30,     0.14999999193720,    -0.00000612580412,    10.00001683779201,    -0.00006125814438,    10.00001683779201,
   31,     0.15499999776157,    0.00003325059884,    9.99995514798711,    0.00033250449707,    9.99995514798711,
   32,     0.16000003678985,    0.00013140711400,    9.99985664656332,    0.00131405230235,    9.99985664656332,
   33,     0.16500011519210,    0.00017747198045,    9.99986184378519,    0.00177469528561,    9.99986184378519,
   34,     0.17000017494811,    -0.00008115307603,    9.99985242379555,    -0.00081151878403,    9.99985242379555,
   35,     0.17499991167439,    -0.00106028141491,    10.00124774986273,    -0.01060413711513,    10.00124774986273,
   36,     0.17999892756179,    -0.00289673505813,    10.00303413851910,    -0.02897613967668,    10.00303413851910,
   37,     0.18499715832082,    -0.00412857557992,    10.00370099484273,    -0.04130103563608,    10.00370099484273,
   38,     0.18999522794657,    -0.00225286202466,    10.00451512547122,    -0.02253879220133,    10.00451512547122,
   39,     0.19499596372581,    0.00620217321475,    9.99207568315732,    0.06197258416187,    9.99207568315732,
   40,     0.20000317530896,    0.02387824807950,    9.97895213814804,    0.23827989472813,    9.97895213814804,
   41,     0.20502149847895,    0.05014989225571,    9.94835487019190,    0.49890892486168,    9.94835487019190,
   42,     0.21005518243859,    0.08310355405310,    9.91751229884127,    0.82418051939904,    9.91751229884127,
   43,     0.21510674625688,    0.12002869207056,    9.87899614204968,    1.18576298590029,    9.87899614204968,
   44,     0.22017781881625,    0.15859611505544,    9.84083692323258,    1.56071850491882,    9.84083692323258,
   45,     0.22526904899274,    0.19797465988637,    9.80110338233715,    1.94037010862935,    9.80110338233715,
   46,     0.23038091870466,    0.23789790536055,    9.76142265281075,    2.32222200244266,    9.76142265281075,
   47,     0.23551382824113,    0.27830082266794,    9.72098574761122,    2.70535833070357,    9.72098574761122,
   48,     0.24066811905481,    0.31906778076901,    9.68058398382345,    3.08876244826656,    9.68058398382345,
   49,     0.24584408245814,    0.36013192879776,    9.63974386286189,    3.47157955044882,    9.63974386286189,
   50,     0.25104202493773,    0.40146398021592,    9.59887443402383,    3.85360233587601,    9.59887443402383,
   51,     0.25626223377691,    0.44302228020899,    9.55773538525212,    4.23428972400854,    9.55773538525212,
   52,     0.26150494807553,    0.48476619236758,    9.51663190678571,    4.61334141361629,    9.51663190678571,
   53,     0.26677039242924,    0.52668136981261,    9.47537441506394,    4.99050317641324,    9.47537441506394,
   54,     0.27205882096472,    0.56875189803046,    9.43408603095585,    5.36565433628879,    9.43408603095585,
   55,     0.27737048475659,    0.61096102350886,    9.39269819151849,    5.73857250059994,    9.39269819151849,
   56,     0.28270559550996,    0.65330401458262,    9.35134336562379,    6.10927016250254,    9.35134336562379,
   57,     0.28806436380342,    0.69577777052252,    9.30992302841740,    6.47763748844851,    9.30992302841740,
   58,     0.29344703565098,    0.73837476826901,    9.26847304772874,    6.84360663882431,    9.26847304772874,
   59,     0.29885386592730,    0.78110676148206,    9.22694654634083,    7.20723033518041,    9.22694654634083,
   60,     0.30428507656407,    0.82398950475573,    9.18545230373036,    7.56871629470813,    9.18545230373036,
   61,     0.30974090361863,    0.86702378734947,    9.14384126839882,    7.92792788744951,    9.14384126839882,
   62,     0.31522162607463,    0.91022301994059,    9.10220129122809,    8.28503314740875,    9.10220129122809,
   63,     0.32072754538414,    0.95363497955862,    9.06037100066598,    8.64028671401362,    9.06037100066598,
   64,     0.32625893684878,    0.99728445900017,    9.01857034018421,    8.99408004266561,    9.01857034018421,
   65,     0.33181610820205,    1.04116484077019,    8.97647428198097,    9.34598941647644,    8.97647428198097,
   66,     0.33739941339945,    1.08531281397181,    8.93435117869663,    9.69656581876361,    8.93435117869663,
   67,     0.34300923287520,    1.12980236388801,    8.89184799181691,    10.04603088048756,    8.89184799181691,
   68,     0.34864592639810,    1.17464124968387,    8.84936672908183,    10.39483119355955,    8.84936672908183,
   69,     0.35430989591373,    1.21979581162785,    8.80639731393866,    10.74200655907317,    8.80639731393866,
   70,     0.36000157829574,    1.26531575289285,    8.76340925442885,    11.08847977867582,    8.76340925442885,
   71,     0.36572142169944,    1.31127634353722,    8.71991794132895,    11.43422211405046,    8.71991794132895,
   72,     0.37146986134205,    1.35764312649771,    8.67643438279161,    11.77950150230541,    8.67643438279161,
   73,     0.37724737341527,    1.40435669486732,    8.63238911456385,    12.12295344573756,    8.63238911456385,
   74,     0.38305444151374,    1.45147501972701,    8.58834366566121,    12.46576629153799,    8.58834366566121,
   75,     0.38889153989930,    1.49905045806604,    8.54380262211135,    12.80759123430185,    8.54380262211135,
   76,     0.39475914989950,    1.54701123702980,    8.49924891073689,    13.14843357122330,    8.49924891073689,
   77,     0.40065778846272,    1.59531040520917,    8.45418673137541,    13.48705206014448,    8.45418673137541,
   78,     0.40658794467912,    1.64400868173266,    8.40914729852920,    13.82471116475074,    8.40914729852920,
   79,     0.41255009504406,    1.69310869284905,    8.36368392085600,    14.16062595064313,    8.36368392085600,
   80,     0.41854475192857,    1.74253904756229,    8.31818953915192,    14.49477007699640,    8.31818953915192,
   81,     0.42457244791067,    1.79231102110933,    8.27229828976960,    14.82653139465794,    8.27229828976960,
   82,     0.43063366261591,    1.84245631300145,    8.22644087746429,    15.15685792821727,    8.22644087746429,
   83,     0.43672888730367,    1.89291127887967,    8.18022276444338,    15.48443593456311,    8.18022276444338,
   84,     0.44285865909285,    1.94365967114326,    8.13397637265971,    15.80968184157084,    8.13397637265971,
   85,     0.44902350370400,    1.99477179382833,    8.08744786848296,    16.13261289210688,    8.08744786848296,
   86,     0.45522390828181,    2.04620710003912,    8.04093430180161,    16.45341685929458,    8.04093430180161,
   87,     0.46146040810131,    2.09787786716685,    7.99411141836661,    16.77066941225714,    7.99411141836661,
   88,     0.46773354516940,    2.14984853805646,    7.94729382972821,    17.08547802134630,    7.94729382972821,
   89,     0.47404382859816,    2.20216799253759,    7.90026867784047,    17.39771881478752,    7.90026867784047,
   90,     0.48039179115756,    2.25474020896303,    7.85321832857378,    17.70696713520073,    7.85321832857378,
   91,     0.48677801424729,    2.30755673282838,    7.80593754588882,    18.01264374005362,    7.80593754588882,
   92,     0.49320302178232,    2.36069013343155,    7.75869414580829,    18.31587271832276,    7.75869414580829,
   93,     0.49966734208969,    2.41407771164437,    7.71125613169959,    18.61557155631696,    7.71125613169959,
   94,     0.50617156880270,    2.46768668015384,    7.66378499339593,    18.91182014776604,    7.66378499339593,
   95,     0.51271628202040,    2.52161237280652,    7.61618418462374,    19.20506427352056,    7.61618418462374,
   96,     0.51930201598096,    2.57580905880361,    7.56859540455989,    19.49525660548474,    7.56859540455989,
   97,     0.52592938004436,    2.63018328123846,    7.52081801335374,    19.78112979996004,    7.52081801335374,
   98,     0.53259897854586,    2.68483402165701,    7.47305963643261,    20.06392475776607,    7.47305963643261,
   99,     0.53931137513455,    2.73978667225874,    7.42519608213322,    20.34345326473641,    7.42519608213322,
  100,     0.54606719640018,    2.79493694042748,    7.37729290177051,    20.61906845151186,    7.37729290177051,
  101,     0.55286711314167,    2.85035584003089,    7.32926476525797,    20.89101262678564,    7.32926476525797,
  102,     0.55971171512477,    2.90608678207009,    7.28127302273742,    21.16001128802075,    7.28127302273742,
  103,     0.56660166434747,    2.96201528850978,    7.23309102721351,    21.42452620578935,    7.23309102721351,
  104,     0.57353767691523,    3.01821993159836,    7.18490686910053,    21.68562911899718,    7.18490686910053,
  105,     0.58052042344822,    3.07480131862069,    7.13658607108821,    21.94358426183210,    7.13658607108821,
  106,     0.58755062175680,    3.13164308739713,    7.08823102780329,    22.19780970009402,    7.08823102780329,
  107,     0.59462909779520,    3.18880209214428,    7.03963029851166,    22.44798782381623,    7.03963029851166,
  108,     0.60175658968531,    3.24638729053545,    6.99107435154865,    22.69573492205587,    6.99107435154865,
  109,     0.60893392511685,    3.30428648145302,    6.94216920076256,    22.93891584203924,    6.94216920076256,
  110,     0.61616202474104,    3.36258229188974,    6.89325508670794,    23.17913748804301,    6.89325508670794,
  111,     0.62344177361612,    3.42141185372268,    6.84400262868600,    23.41615172069550,    6.84400262868600,
  112,     0.63077411469231,    3.48064670189164,    6.79471082216186,    23.64998781346507,    6.79471082216186,
  113,     0.63816013882942,    3.54036822256339,    6.74495072543423,    23.87960921108326,    6.74495072543423,
  114,     0.64560082601308,    3.60068677151988,    6.69523405188695,    24.10744068285879,    6.69523405188695,
  115,     0.65309729092172,    3.66145236444317,    6.64494253760013,    24.33014056588504,    6.64494253760013,
  116,     0.66065072778077,    3.72279218557047,    6.59465775644894,    24.55054036221977,    6.59465775644894,
  117,     0.66826226800188,    3.78478904575251,    6.54385753001866,    24.76712029657974,    6.54385753001866,
  118,     0.67593315595297,    3.84727686281765,    6.49300352652609,    24.98038223779724,    6.49300352652609,
  119,     0.68366473115273,    3.91041427522374,    6.44161728272100,    25.18939217788013,    6.44161728272100,
  120,     0.69145819452576,    3.97418867502079,    6.39025059462696,    25.39606154371133,    6.39025059462696,
  121,     0.69931496209448,    4.03843996348211,    6.33828128427200,    25.59676843819473,    6.33828128427200,
  122,     0.70723640257276,    4.10337766308046,    6.28635910318687,    25.79530552611952,    6.28635910318687,
  123,     0.71522384747321,    4.16888391018598,    6.23391709487337,    25.98847667425094,    6.23391709487337,
  124,     0.72327881794197,    4.23489717057218,    6.18143959206257,    26.17776103848861,    6.18143959206257,
  125,     0.73140274400379,    4.30162061412072,    6.12856503276234,    26.36276167990995,    6.12856503276234,
  126,     0.73959706602354,    4.36881238509583,    6.07564525610693,    26.54335424232871,    6.07564525610693,
  127,     0.74786342801018,    4.43656645698239,    6.02232807793844,    26.71845874352494,    6.02232807793844,
  128,     0.75620323968491,    4.50494710874903,    5.96904736689087,    26.89024267746105,    5.96904736689087,
  129,     0.76461815282587,    4.57370272553915,    5.91535747503721,    27.05508660611608,    5.91535747503721,
  130,     0.77310978118233,    4.64309612838360,    5.86171973035965,    27.21652818570264,    5.86171973035965,
  131,     0.78167965481276,    4.71294572201182,    5.80777476983770,    27.37172725591477,    5.80777476983770,
  132,     0.79032956787772,    4.78322812387852,    5.75380926616169,    27.52178230133743,    5.75380926616169,
  133,     0.79906111256263,    4.85414376639557,    5.69966898288507,    27.66701266378971,    5.69966898288507,
  134,     0.80787603105007,    4.92536413003911,    5.64546754490112,    27.80598334295591,    5.64546754490112,
  135,     0.81677618010780,    4.99719143204758,    5.59113056546502,    27.93994975720114,    5.59113056546502,
  136,     0.82576318855285,    5.06943768704442,    5.53677613321372,    28.06834159444172,    5.53677613321372,
  137,     0.83483912757109,    5.14208892097326,    5.48223760468029,    28.19015324916948,    5.48223760468029,
  138,     0.84400571749738,    5.21536696721346,    5.42774513370253,    28.30768267676578,    5.42774513370253,
  139,     0.85326505939156,    5.28892528170883,    5.37300673232423,    28.41743114538135,    5.37300673232423,
  140,     0.86261920189943,    5.36320544095809,    5.31832947291629,    28.52329356595241,    5.31832947291629,
  141,     0.87207021292512,    5.43786589282185,    5.26336292344057,    28.62146172292060,    5.26336292344057,
  142,     0.88162053811344,    5.51319211704991,    5.20842299758753,    28.71503661256102,    5.20842299758753,
  143,     0.89127234056520,    5.58915884997690,    5.15315264812051,    28.80178872852463,    5.15315264812051,
  144,     0.90102837351590,    5.66567970522372,    5.09786343864138,    28.88286142431246,    5.09786343864138,
  145,     0.91089108942528,    5.74310364212867,    5.04219932242298,    28.95787329294611,    5.04219932242298,
  146,     0.92086341161954,    5.82099981695328,    4.98648905983797,    29.02635190455636,    4.98648905983797,
  147,     0.93094819023424,    5.89994295541255,    4.93039332808627,    29.08903938345561,    4.93039332808627,
  148,     0.94114839636590,    5.97930428870124,    4.87424504148991,    29.14459428076139,    4.87424504148991,
  149,     0.95146722217627,    6.05968063262334,    4.81781357290584,    29.19441159932736,    4.81781357290584,
  150,     0.96190754401004,    6.14035512100212,    4.76132797925564,    29.23624464019307,    4.76132797925564,
  151,     0.97247260479244,    6.22176111615314,    4.70494099561435,    29.27301894030819,    4.70494099561435,
  152,     0.98316483897580,    6.30303631884552,    4.64847438501861,    29.29950287599539,    4.64847438501861,
  153,     0.99398666479530,    6.38417373556985,    4.59327653025142,    29.32427538464053,    4.59327653025142,
  154,     1.00493891527827,    6.46374132936281,    4.53793125332382,    29.33201379191635,    4.53793125332382,
  155,     1.01602053737280,    6.54068145154496,    4.48719174348345,    29.34929180612788,    4.48719174348345,
  156,     1.02722738286558,    6.61215924142141,    4.43646092746532,    29.33458612074485,    4.43646092746532,
  157,     1.03855010955001,    6.67658458110917,    4.39619130127692,    29.35154305771169,    4.39619130127692,
  158,     1.04997622519648,    6.73150426288017,    4.35666156317217,    29.32688588441966,    4.35666156317217,
  159,     1.06149418050199,    6.78134376324646,    4.32535565531966,    29.33172359702474,    4.32535565531966,
  160,     1.07309695598524,    6.82985940390563,    4.29394067341011,    29.32701108810295,    4.29394067341011,
  161,     1.08479186957677,    6.88331083311608,    4.25695688282623,    29.30195742766580,    4.25695688282623,
  162,     1.09658971917918,    6.94189395091411,    4.21961961780108,    29.29215189997181,    4.21961961780108,
  163,     1.10849769426499,    7.00426741888294,    4.17874804847514,    29.26906880765509,    4.17874804847514,
  164,     1.12052261747997,    7.06537801227639,    4.13711790302356,    29.23030186621767,    4.13711790302356,
  165,     1.13265568937855,    7.11805443895378,    4.10594756496961,    29.22635829094338,    4.10594756496961,
  166,     1.14487886483788,    7.15437618536239,    4.07694190549718,    29.16797607779498,    4.07694190549718,
  167,     1.15715183792437,    7.17374521792213,    4.06969700456864,    29.19496942491627,    4.06969700456864,
  168,     1.16945082888085,    7.18896086763598,    4.05950924806225,    29.18365312612592,    4.05950924806225,
  169,     1.18177896327428,    7.19625597803333,    4.05359455906291,    29.17070407817985,    4.05359455906291,
  170,     1.19412031998368,    7.19799084519114,    4.04995876701159,    29.15156612835104,    4.04995876701159,
  171,     1.20647130674103,    7.21018417443078,    4.04585940997416,    29.17139148976753,    4.04585940997416,
  172,     1.21883698241314,    7.21597243471377,    4.04278900530557,    29.17265402164892,    4.04278900530557,
  173,     1.23119598552081,    7.20639545720190,    4.04674185836103,    29.16242214456167,    4.04674185836103,
  174,     1.24354822751942,    7.20726904443586,    4.04635321939007,    29.16315630096346,    4.04635321939007,
  175,     1.25591051639837,    7.20995890337800,    4.04536771213845,    29.16693495357054,    4.04536771213845,
  176,     1.26826786318766,    7.20742034672653,    4.04592720680315,    29.16069807168747,    4.04592720680315,
  177,     1.28062244205409,    7.20481541209146,    4.04930313513349,    29.17448163624009,    4.04930313513349,
  178,     1.29296350008246,    7.19391432805802,    4.05334782147104,    29.15943696948331,    4.05334782147104,
  179,     1.30529999089365,    7.19818614059494,    4.05307434520339,    29.17478357844392,    4.05307434520339,
  180,     1.31763612919423,    7.19158919528420,    4.05575635052215,    29.16733354912035,    4.05575635052215,
  181,     1.32995715338811,    7.19141507531800,    4.05788592658465,    29.18194202636160,    4.05788592658465,
  182,     1.34227950334691,    7.18410795071562,    4.06052704580031,    29.17126463382982,    4.06052704580031,
  183,     1.35458838016761,    7.18511651646339,    4.06061663365691,    29.17600364151420,    4.06061663365691,
  184,     1.36690631823106,    7.18720962238392,    4.06024055850061,    29.18180001124908,    4.06024055850061,
  185,     1.37921353701848,    7.18374240335289,    4.06246003908536,    29.18366644470417,    4.06246003908536,
  186,     1.39152194520875,    7.18021729342171,    4.06286862824600,    29.17227958543245,    4.06286862824600,
  187,     1.40382644657897,    7.18063148297892,    4.06343727801592,    29.17804564763129,    4.06343727801592,
  188,     1.41613165208634,    7.18422161872461,    4.06254896019052,    29.18625206692790,    4.06254896019052,
  189,     1.42843916712124,    7.18217204701621,    4.06322451376614,    29.18277752352223,    4.06322451376614,
  190,     1.44074265017348,    7.18107273617080,    4.06278192502566,    29.17513251480928,    4.06278192502566,
  191,     1.45305203814562,    7.18000100511632,    4.06287404360934,    29.17143971677604,    4.06287404360934,
  192,     1.46535577379526,    7.18812943887765,    4.06333737070660,    29.20779497446781,    4.06333737070660,
  193,     1.47766409179450,    7.18083922561179,    4.06265251045323,    29.17325450709277,    4.06265251045323,
  194,     1.48997023512684,    7.18202260807901,    4.06185429454609,    29.17232937415283,    4.06185429454609,
  195,     1.50228022171211,    7.18061589171164,    4.06315040435748,    29.17592236394392,    4.06315040435748,
  196,     1.51458169125110,    7.18822119811546,    4.06246508236817,    29.20189762168271,    4.06246508236817,
  197,     1.52689578224013,    7.18148517836766,    4.06181348460311,    29.16985333697117,    4.06181348460311,
  198,     1.53920124837017,    7.18352331313219,    4.06321573844093,    29.18820498337608,    4.06321573844093,
  199,     1.55150855565310,    7.18376524016697,    4.06348318654731,    29.19110926952149,    4.06348318654731,
  200,     1.56381068149471,    7.18315806044920,    4.06299636733408,    29.18514510559164,    4.06299636733408,
  201,     1.57335306255131,    7.18130525829042,    4.06130842712582,    29.16549556325785,    4.06130842712582,
  202,     1.57735450674198,    7.18094608409547,    4.06173304017651,    29.16708596949669,    4.06173304017651,
  203,     1.57858550653844,    7.18116873051952,    4.06183053743573,    29.16869044410274,    4.06183053743573,
  204,     1.57981645091422,    7.18190089883542,    4.06188038988260,    29.17202242305979,    4.06188038988260,
  205,     1.58104735154160,    7.18256190474888,    4.06238544887174,    29.17833496747233,    4.06238544887174,
  206,     1.58227805884694,    7.18393607224188,    4.06291751043841,    29.18773966178165,    4.06291751043841,
  207,     1.58350865993032,    7.18416734038767,    4.06329878062302,    29.19141839398894,    4.06329878062302,
  208,     1.58473911344413,    7.18433688591856,    4.06394395449978,    29.19674245461853,    4.06394395449978,
  209,     1.58596936154547,    7.18488273036111,    4.06433990477348,    29.20180559212451,    4.06433990477348,
  210,     1.58719953758891,    7.18497494400976,    4.06448388914448,    29.20321490383444,    4.06448388914448,
  211,     1.58842970999993,    7.18571479941070,    4.06455205336091,    29.20671184281060,    4.06455205336091,
  212,     1.58965983330776,    7.18603899645611,    4.06471958269119,    29.20923343087770,    4.06471958269119,
  213,     1.59088993592239,    7.18630654453207,    4.06467822441456,    29.21002372552729,    4.06467822441456,
  214,     1.59212005265336,    7.18628084267922,    4.06469699618558,    29.21005415498417,    4.06469699618558,
  215,     1.59335012571088,    7.18599140093958,    4.06483602136010,    29.20987669572315,    4.06483602136010,
  216,     1.59458017649371,    7.18547348070600,    4.06495016856429,    29.20859163661012,    4.06495016856429,
  217,     1.59581026168310,    7.18494283135901,    4.06452762496916,    29.20339862188280,    4.06452762496916,
  218,     1.59704048702731,    7.18452230405409,    4.06406881353576,    29.19839303605834,    4.06406881353576,
  219,     1.59827084553058,    7.18424893223395,    4.06363933344323,    29.19419654227340,    4.06363933344323,
  220,     1.59950133536875,    7.18421049417124,    4.06315392050404,    29.19055303511817,    4.06315392050404,
  221,     1.60073194299076,    7.18377713353727,    4.06296475890012,    29.18743332935442,    4.06296475890012,
  222,     1.60196259225993,    7.18298744913088,    4.06278035866868,    29.18290032489259,    4.06278035866868,
  223,     1.60319330361240,    7.18215468023843,    4.06264864972668,    29.17857101379876,    4.06264864972668,
  224,     1.60442404065642,    7.18165643152871,    4.06251627425337,    29.17559612918178,    4.06251627425337,
  225,     1.60565487503278,    7.18117896212029,    4.06210130275922,    29.17067641737597,    4.06210130275922,
  226,     1.60688582073930,    7.18090536707730,    4.06174510464456,    29.16700722164205,    4.06174510464456,
  227,     1.60811686708408,    7.18123125143663,    4.06141475855506,    29.16595858918156,    4.06141475855506,
  228,     1.60934801696038,    7.18131084050807,    4.06112573375090,    29.16420625645166,    4.06112573375090,
  229,     1.61057913859680,    7.18108748710104,    4.06149601397283,    29.16595820485106,    4.06149601397283,
  230,     1.61181016391972,    7.18079476149713,    4.06182171019751,    29.16710805872159,    4.06182171019751,
  231,     1.61304111647037,    7.18080326677887,    4.06196033514322,    29.16813804412265,    4.06196033514322,
  232,     1.61427202941945,    7.18076978434921,    4.06201913829470,    29.16842429171484,    4.06201913829470,
  233,     1.61550298806448,    7.18085286395019,    4.06180251005481,    29.16720618712712,    4.06180251005481,
  234,     1.61673399057782,    7.18143967670879,    4.06161099555004,    29.16821435479972,    4.06161099555004,
  235,     1.61796500109033,    7.18208356776784,    4.06184327337275,    29.17249782853878,    4.06184327337275,
  236,     1.61919592703724,    7.18239195540874,    4.06210738427310,    29.17564739880953,    4.06210738427310,
  237,     1.62042674214101,    7.18266552082963,    4.06260482190742,    29.18033157907063,    4.06260482190742,
  238,     1.62165740202618,    7.18221171950092,    4.06310288911357,    29.18206518772950,    4.06310288911357,
  239,     1.62288803121520,    7.18190066877355,    4.06283603586557,    29.17888484310024,    4.06283603586557,
  240,     1.62411873690417,    7.18180244153115,    4.06262734332883,    29.17698697335020,    4.06262734332883,
  241,     1.62534951268835,    7.18191628892747,    4.06228559018686,    29.17499505043833,    4.06228559018686,
  242,     1.62658040530933,    7.18231317035509,    4.06191578547758,    29.17395124290886,    4.06191578547758,
  243,     1.62781133391474,    7.18241767857130,    4.06201642447719,    29.17509857781195,    4.06201642447719,
  244,     1.62904223681354,    7.18224206872766,    4.06218683925977,    29.17560920796336,    4.06218683925977,
  245,     1.63027307879287,    7.18160388097459,    4.06224735209555,    29.17345134928811,    4.06224735209555,
  246,     1.63150392836839,    7.18096802232922,    4.06223257819627,    29.17076224329142,    4.06223257819627,
  247,     1.63273482699590,    7.18060517066668,    4.06190303722854,    29.16692195186992,    4.06190303722854,
  248,     1.63396582861031,    7.18058980067007,    4.06148660275841,    29.16386927532513,    4.06148660275841,
  249,     1.63519695369536,    7.18076746225971,    4.06124148960389,    29.16283074492677,    4.06124148960389,
  250,     1.63642812986543,    7.18102564229240,    4.06104269053223,    29.16245169515608,    4.06104269053223,
  251,     1.63765930463048,    7.18106796461769,    4.06131134746709,    29.16455281163422,    4.06131134746709,
  252,     1.63889038877607,    7.18088193682303,    4.06166864446924,    29.16636300242966,    4.06166864446924,
  253,     1.64012138030429,    7.18071693555691,    4.06180575535271,    29.16667737640378,    4.06180575535271,
  254,     1.64135234796518,    7.18052409694149,    4.06187859447244,    29.16641712646021,    4.06187859447244,
  255,     1.64258333911865,    7.18079055243508,    4.06166256413828,    29.16594816774343,    4.06166256413828,
  256,     1.64381439395468,    7.18122140979081,    4.06149386951260,    29.16648673147798,    4.06149386951260,
  257,     1.64504542000212,    7.18187963817413,    4.06176969224492,    29.17114104768659,    4.06176969224492,
  258,     1.64627637500998,    7.18246802798147,    4.06199421451723,    29.17514357561574,    4.06199421451723,
  259,     1.64750723089118,    7.18241997520977,    4.06244375497920,    29.17817717392877,    4.06244375497920,
  260,     1.64873794758330,    7.18240345024333,    4.06282181573423,    29.18082542705337,    4.06282181573423,
  261,     1.64996863447664,    7.18216917982645,    4.06280313701750,    29.17973947438932,    4.06280313701750,
  262,     1.65119930238321,    7.18238100664860,    4.06279423927409,    29.18053617808355,    4.06279423927409,
  263,     1.65243002788669,    7.18276539040111,    4.06256602671973,    29.18045865294179,    4.06256602671973,
  264,     1.65366080084233,    7.18306061799751,    4.06239122635311,    29.18040243291566,    4.06239122635311,
  265,     1.65489159670100,    7.18298837219414,    4.06245116006951,    29.18053944538591,    4.06245116006951,
  266,     1.65612236889809,    7.18273006979639,    4.06255874587370,    29.18026286430133,    4.06255874587370,
  267,     1.65735312285405,    7.18214004407699,    4.06251260904900,    29.17753448901853,    4.06251260904900,
  268,     1.65858389972046,    7.18157883350533,    4.06248429654286,    29.17505123550000,    4.06248429654286,
  269,     1.65981471859862,    7.18124865716094,    4.06214071247750,    29.17124253667787,    4.06214071247750,
  270,     1.66104565592253,    7.18114179042025,    4.06176948851179,    29.16814261700588,    4.06176948851179,
  271,     1.66227670807292,    7.18113248944848,    4.06134363205035,    29.16504670693143,    4.06134363205035,
  272,     1.66350789527638,    7.18085333827013,    4.06091002840593,    29.16079933389335,    4.06091002840593,
  273,     1.66473913196294,    7.18067077686100,    4.06099328322463,    29.16065579387987,    4.06099328322463,
  274,     1.66597034702295,    7.18007719619631,    4.06108764549145,    29.15892279514773,    4.06108764549145,
  275,     1.66720154634778,    7.17962288618307,    4.06105102412323,    29.15681487475237,    4.06105102412323,
  276,     1.66843276375762,    7.17911477284572,    4.06096054386582,    29.15410183241067,    4.06096054386582,
  277,     1.66966405974528,    7.17913384212184,    4.06059439498067,    29.15155064013597,    4.06059439498067,
  278,     1.67089545741660,    7.17944224677063,    4.06021186528925,    29.15005659649702,    4.06021186528925,
  279,     1.67212689556887,    7.17991745483272,    4.06042183976870,    29.15349364133926,    4.06042183976870,
  280,     1.67335825572543,    7.18053361751639,    4.06070401258292,    29.15802167313535,    4.06070401258292,
  281,     1.67458946559862,    7.18074981797342,    4.06136325925441,    29.16363348461503,    4.06136325925441,
  282,     1.67582048321052,    7.18075665843477,    4.06190888668224,    29.16757928399889,    4.06190888668224,
  283,     1.67705142027010,    7.18092759392518,    4.06207198532811,    29.16944480795310,    4.06207198532811,
  284,     1.67828228105027,    7.18149608817341,    4.06230572217216,    29.17343265274385,    4.06230572217216,
  285,     1.67951309863169,    7.18221806422403,    4.06239309634408,    29.17699308054147,    4.06239309634408,
  286,     1.68074388428993,    7.18299151432368,    4.06244265407563,    29.18049111165181,    4.06244265407563,
  287,     1.68197463402783,    7.18364076734349,    4.06274188606444,    29.18527823992652,    4.06274188606444,
  288,     1.68320527621608,    7.18391477343865,    4.06314222286344,    29.18926744141104,    4.06314222286344,
  289,     1.68443578291172,    7.18370037822719,    4.06354603973259,    29.19129722257061,    4.06354603973259,
  290,     1.68566618104650,    7.18349656403689,    4.06393511194156,    29.19326391310103,    4.06393511194156,
  291,     1.68689652850779,    7.18357032953424,    4.06381963600037,    29.19273416175086,    4.06381963600037,
  292,     1.68812692018077,    7.18379819646386,    4.06366848886464,    29.19257436133280,    4.06366848886464,
  293,     1.68935740649748,    7.18379093517495,    4.06320481222860,    29.18921389784709,    4.06320481222860,
  294,     1.69058803168991,    7.18364338967056,    4.06273800960666,    29.18526104667419,    4.06273800960666,
  295,     1.69181875090008,    7.18321891831399,    4.06260046930179,    29.18254854863990,    4.06260046930179,
  296,     1.69304950927937,    7.18237492514898,    4.06246480580047,    29.17814535548152,    4.06246480580047,
  297,     1.69428028940040,    7.18169111497022,    4.06246967052253,    29.17540233762764,    4.06246967052253,
  298,     1.69551106611822,    7.18113183384985,    4.06242316070330,    29.17279628189542,    4.06242316070330,
  299,     1.69674194186472,    7.18096226802691,    4.06193154234543,    29.16857714089090,    4.06193154234543,
  300,     1.69797294909430,    7.18075236169416,    4.06148247077955,    29.16449984402965,    4.06148247077955,
  301,     1.69920409886430,    7.18058592163213,    4.06102142174164,    29.16051324840447,    4.06102142174164,
  302,     1.70043538380764,    7.18034017933683,    4.06058544581045,    29.15638482818310,    4.06058544581045,
  303,     1.70166672478448,    7.17976059486989,    4.06063201287116,    29.15436571627955,    4.06063201287116,
  304,     1.70289805463551,    7.17899407605776,    4.06065677817926,    29.15143095545271,    4.06065677817926,
  305,     1.70412940096141,    7.17855758056975,    4.06054720607747,    29.14887192744873,    4.06054720607747,
  306,     1.70536077689886,    7.17849005359332,    4.06042546201571,    29.14772379243687,    4.06042546201571,
  307,     1.70659222301287,    7.17848606045737,    4.06013263053836,    29.14560549192773,    4.06013263053836,
  308,     1.70782375063735,    7.17885064531942,    4.05990474405437,    29.14544979179010,    4.05990474405437,
  309,     1.70905525045539,    7.17963444478849,    4.06023428218828,    29.15099790631007,    4.06023428218828,
  310,     1.71028666271472,    7.18015558897477,    4.06063356382311,    29.15598077806303,    4.06063356382311,
  311,     1.71151788290458,    7.18027802573930,    4.06128000623875,    29.16111958517048,    4.06128000623875,
  312,     1.71274894065634,    7.18039450263571,    4.06178841261785,    29.16524318883063,    4.06178841261785,
  313,     1.71397992006783,    7.18065417187506,    4.06185175043643,    29.16675271730934,    4.06185175043643,
  314,     1.71521087196733,    7.18135877939730,    4.06192938871916,    29.17017227697024,    4.06192938871916,
  315,     1.71644177805418,    7.18215620127172,    4.06218041733960,    29.17521427508015,    4.06218041733960,
  316,     1.71767260409513,    7.18299667780890,    4.06237620560080,    29.18003478884046,    4.06237620560080,
  317,     1.71890335771234,    7.18363570779097,    4.06279534153809,    29.18564168891984,    4.06279534153809,
  318,     1.72013396365261,    7.18368418681265,    4.06331652478245,    29.18958266509424,    4.06331652478245,
  319,     1.72136443954847,    7.18336836487703,    4.06358676315019,    29.19024060234612,    4.06358676315019,
  320,     1.72259484381016,    7.18315368762177,    4.06372130377454,    29.19033466867520,    4.06372130377454,
  321,     1.72382532577926,    7.18329657930861,    4.06327759250361,    29.18772803101252,    4.06327759250361,
  322,     1.72505591122262,    7.18349666570158,    4.06298107306411,    29.18641099116465,    4.06298107306411,
  323,     1.72628654024577,    7.18366829038285,    4.06289947046025,    29.18652209295858,    4.06289947046025,
  324,     1.72751720766435,    7.18347734383642,    4.06268693572349,    29.18421955786988,    4.06268693572349,
  325,     1.72874794672511,    7.18295831709024,    4.06259801322933,    29.18147218811990,    4.06259801322933,
  326,     1.72997868673942,    7.18219076254548,    4.06272011188727,    29.17923085840447,    4.06272011188727,
  327,     1.73120935815566,    7.18167935110523,    4.06280042266267,    29.17772990309806,    4.06280042266267,
  328,     1.73244004318348,    7.18151359750297,    4.06269104864282,    29.17627100828201,    4.06269104864282,
  329,     1.73367085682161,    7.18194598350808,    4.06208035266343,    29.17364167349817,    4.06208035266343,
  330,     1.73490183598732,    7.18205935555815,    4.06162278257955,    29.17081590437354,    4.06162278257955,
  331,     1.73613286551909,    7.18222055604250,    4.06157050746826,    29.17109518855451,    4.06157050746826,
  332,     1.73736393777619,    7.18217298726008,    4.06160460717983,    29.17114689461806,    4.06160460717983,
  333,     1.73859489580647,    7.18118023216318,    4.06197416400661,    29.16976857012185,    4.06197416400661,
  334,     1.73982579489767,    7.18064471903005,    4.06236068726608,    29.17036881581243,    4.06236068726608,
  335,     1.74105655310405,    7.18054440110570,    4.06252006336834,    29.17110569539908,    4.06252006336834,
  336,     1.74228732120269,    7.18162732763373,    4.06264209546581,    29.17638149519240,    4.06264209546581,
  337,     1.74351808395986,    7.18215462136280,    4.06224606805146,    29.17567937076868,    4.06224606805146,
  338,     1.74474901358081,    7.18280935726627,    4.06193982201543,    29.17613936222493,    4.06193982201543,
  339,     1.74597991669258,    7.18449119207302,    4.06193200788825,    29.18291473347259,    4.06193200788825,
  340,     1.74721089625614,    7.18400376476798,    4.06060702626232,    29.17141616391186,    4.06060702626232,
  341,     1.74844229086518,    7.18314286979887,    4.06134050279604,    29.17318907448472,    4.06134050279604,
  342,     1.74967313796449,    7.18067462988999,    4.06078862996005,    29.15920189249984,    4.06078862996005,
  343,     1.75090475456132,    7.17406696155820,    4.06098173289751,    29.13375488147140,    4.06098173289751,
  344,     1.75213559768587,    7.17153600586815,    4.05847250217218,    29.10548167815361,    4.05847250217218,
  345,     1.75337038017958,    7.15750358524683,    4.04520518656269,    28.95357062588155,    4.04520518656269,
  346,     1.75460767034954,    7.15029840213749,    3.99495717110052,    28.56513587712780,    3.99495717110052,
  347,     1.75588091281926,    7.08286780213784,    3.90204869681089,    27.63769507701576,    3.90204869681089,
  348,     1.75717086226687,    6.98089827399367,    3.62468102961775,    25.30352954343612,    3.62468102961775,
  349,     1.75869642771138,    6.57650295603878,    3.18001442216462,    20.91337424761159,    3.18001442216462,
  350,     1.76033037298811,    5.83131288749837,    2.97975572461738,    17.37588795855840,    2.97975572461738,
  351,     1.76239680856052,    5.23013002755519,    2.26526911369626,    11.84765201203617,    2.26526911369626,
  352,     1.76526018365089,    3.77210049228590,    2.21519692210795,    8.35594540039362,    2.21519692210795,
  353,     1.76783746735370,    3.35000898818219,    1.93587127925716,    6.48518618547524,    1.93587127925716,
  354,     1.77211808998368,    2.35382265478730,    1.39731739016666,    3.28903732890256,    1.39731739016666,
  355,     1.77557269608950,    1.06045179509289,    1.35835250575854,    1.44046735310057,    1.35835250575854,
  356,     1.78044325001550,    0.82769530051685,    1.01112598168783,    0.83690422327351,    1.01112598168783,
  357,     1.78506478543219,    0.14494490621686,    1.04708542708922,    0.15176969903049,    1.04708542708922,
  358,     1.79004806690093,    0.10937571182660,    0.99044887428057,    0.10833105065229,    0.99044887428057,
  359,     1.79500578612606,    0.01351941341334,    1.00447262915928,    0.01357988073599,    1.00447262915928,
  360,     1.80000420527529,    0.00985340757616,    0.99868093162957,    0.00984041025788,    0.99868093162957,
  361,     1.80500049221255,    0.00116122382066,    1.00038545121431,    0.00116167141580,    1.00038545121431,
  362,     1.81000035737174,    0.00084047163219,    0.99988187677413,    0.00084037235297,    0.99988187677413,
  363,     1.81500003935140,    0.00009881650520,    1.00003272380061,    0.00009881973885,    1.00003272380061,
  364,     1.82000003018260,    0.00007221265043,    0.99998971171825,    0.00007221190748,    0.99998971171825,
  365,     1.82500000166165,    0.00000683910460,    1.00000293450188,    0.00000683912467,    1.00000293450188,
  366,     1.83000000083798,    0.00000535351431,    0.99999883474193,    0.00000535350807,    0.99999883474193,
  367,     1.83499999992265,    0.00000003652008,    1.00000009166142,    0.00000003652008,    1.00000009166142,
  368,     1.83999999992136,    -0.00000000957472,    0.99999995439291,    -0.00000000957472,    0.99999995439291,
  369,     1.84499999992153,    0.00000000009027,    1.00000000000011,    0.00000000009027,    1.00000000000011,
  370,     1.84999999992136,    0.00000000002173,    1.00000000004663,    0.00000000002173,    1.00000000004663,
  371,     1.85499999992122,    0.00000000002513,    1.00000000003055,    0.00000000002513,    1.00000000003055,
  372,     1.85999999992106,    0.00000000003965,    1.00000000003726,    0.00000000003965,    1.00000000003726,
  373,     1.86499999992087,    0.00000000002631,    1.00000000003402,    0.00000000002631,    1.00000000003402,
  374,     1.86999999992072,    0.00000000002502,    1.00000000002942,    0.00000000002502,    1.00000000002942,
  375,     1.87499999992056,    0.00000000003486,    1.00000000003364,    0.00000000003486,    1.00000000003364,
  376,     1.87999999992038,    0.00000000004092,    1.00000000003597,    0.00000000004092,    1.00000000003597,
  377,     1.88499999992022,    0.00000000003308,    1.00000000003086,    0.00000000003308,    1.00000000003086,
  378,     1.88999999992007,    0.00000000004737,    1.00000000002458,    0.00000000004737,    1.00000000002458,
  379,     1.89499999991995,    0.00000000005076,    1.00000000002867,    0.00000000005076,    1.00000000002867,
  380,     1.89999999991978,    0.00000000004102,    1.00000000003350,    0.00000000004102,    1.00000000003350,
  381,     1.90499999991963,    0.00000000002902,    1.00000000003025,    0.00000000002902,    1.00000000003025,
  382,     1.90999999991948,    0.00000000003675,    1.00000000003031,    0.00000000003675,    1.00000000003031,
  383,     1.91499999991933,    0.00000000004955,    1.00000000002889,    0.00000000004955,    1.00000000002889,
  384,     1.91999999991919,    0.00000000004372,    1.00000000002861,    0.00000000004372,    1.00000000002861,
  385,     1.92499999991905,    0.00000000003096,    1.00000000002790,    0.00000000003096,    1.00000000002790,
  386,     1.92999999991891,    0.00000000004531,    1.00000000002732,    0.00000000004531,    1.00000000002732,
  387,     1.93499999991878,    0.00000000004138,    1.00000000002581,    0.00000000004138,    1.00000000002581,
  388,     1.93999999991866,    0.00000000006302,    1.00000000002671,    0.00000000006302,    1.00000000002671,
  389,     1.94499999991851,    0.00000000004716,    1.00000000002787,    0.00000000004716,    1.00000000002787,
  390,     1.94999999991838,    0.00000000004894,    1.00000000002609,    0.00000000004894,    1.00000000002609,
  391,     1.95499999991824,    0.00000000007034,    1.00000000002698,    0.00000000007034,    1.00000000002698,
  392,     1.95999999991811,    0.00000000002948,    1.00000000002316,    0.00000000002948,    1.00000000002316,
  393,     1.96499999991800,    0.00000000005422,    1.00000000002418,    0.00000000005422,    1.00000000002418,
  394,     1.96999999991787,    0.00000000004926,    1.00000000002874,    0.00000000004926,    1.00000000002874,
  395,     1.97499999991773,    0.00000000006927,    1.00000000002643,    0.00000000006927,    1.00000000002643,
  396,     1.97999999991760,    0.00000000005034,    1.00000000002189,    0.00000000005034,    1.00000000002189,
  397,     1.98499999991749,    0.00000000005894,    1.00000000002420,    0.00000000005894,    1.00000000002420,
  398,     1.98999999991736,    0.00000000003973,    1.00000000002256,    0.00000000003973,    1.00000000002256,
  399,     1.99499999991726,    0.00000000007539,    1.00000000002238,    0.00000000007539,    1.00000000002238,
  400,     1.99999999991713,    0.00000000007427,    1.00000000002789,    0.00000000007427,    1.00000000002789,
