 indi,                  x_v,                   v,                   H,                   q,                 eta
    0,     0.45246335319775,    1.50821117732583,    1.01444679830102,    1.53000000000000,    1.01444679830102,
    1,     0.76496335319775,    1.50821117732583,    1.01444679830102,    1.53000000000000,    1.01444679830102,
    2,     1.07746335319775,    1.50821117732586,    1.01444679830096,    1.52999999999994,    1.01444679830096,
    3,     1.38996335319775,    1.50821117732571,    1.01444679830114,    1.53000000000006,    1.01444679830114,
    4,     1.70246335319767,    1.50821117732285,    1.01444679830469,    1.53000000000251,    1.01444679830469,
    5,     2.01496335319809,    1.50821117734234,    1.01444679829137,    1.53000000000219,    1.01444679829137,
    6,     2.32746335320362,    1.50821117738733,    1.01444679836695,    1.53000000016182,    1.01444679836695,
    7,     2.63996335316128,    1.50821117633956,    1.01444679841774,    1.52999999917552,    1.01444679841774,
    8,     2.95246335313171,    1.50821119366639,    1.01444676950404,    1.52999997314470,    1.01444676950404,
    9,     3.26496335521230,    1.50821117580099,    1.01444684246214,    1.53000006505743,    1.01444684246214,
   10,     3.57746332592408,    1.50820939228680,    1.01444890456720,    1.53000136586331,    1.01444890456720,
   11,     3.88996331905930,    1.50821527273260,    1.01444277642620,    1.52999808871925,    1.01444277642620,
   12,     4.20246580384805,    1.50829855293237,    1.01436445045663,    1.52996443276978,    1.01436445045663,
   13,     4.51496217911246,    1.50795384164760,    1.01462307728495,    1.53000476721615,    1.01462307728495,
   14,     4.82735728300092,    1.50535072911497,    1.01547401259041,    1.52864454525028,    1.01547401259041,
   15,     5.13962458906693,    1.50567520234476,    1.01441310303978,    1.52737665418059,    1.01524586461969,
   16,     5.45237956532652,    1.51803907123621,    1.01248276429573,    1.53698839515416,    1.01414828745555,
   17,     5.76911314295982,    1.54425857267655,    0.98562437580547,    1.52205889177657,    1.00729924931116,
   18,     6.09288657654426,    1.59640401219624,    0.95925146247989,    1.53135288340801,    1.00093568633147,
   19,     6.42176100019922,    1.66853244438405,    0.91961406595374,    1.53440590535574,    0.98871933482067,
   20,     6.75398602098005,    1.73946000256613,    0.87934792875775,    1.52959055041347,    0.97587424264004,
   21,     7.08847091631774,    1.81198863260950,    0.84315919314374,    1.52779487345665,    0.96107985924758,
   22,     7.42337936166977,    1.88927630350270,    0.80767683016367,    1.52592469611640,    0.94699184848906,
   23,     7.75815754473774,    1.96660598631090,    0.77844514804322,    1.53089488815647,    0.93244299204200,
   24,     8.09260963054313,    2.04208426659260,    0.74899257853339,    1.52950596041765,    0.91767324820558,
   25,     8.42680702736011,    2.11648503395061,    0.72378055953273,    1.53187072211542,    0.90178611628472,
   26,     8.76081196972024,    2.19033333889083,    0.69858134756594,    1.53012601550096,    0.88591179139772,
   27,     9.09471509824484,    2.26408889637001,    0.67652970104211,    1.53172338419397,    0.86888046661301,
   28,     9.42862171499401,    2.33818524484160,    0.65448275102743,    1.53030191145567,    0.85185383833745,
   29,     9.76263428970279,    2.41311854332380,    0.63463165515043,    1.53144141522378,    0.83327964841217,
   30,     10.09688052548611,    2.48930744266518,    0.61478715309643,    1.53039423585788,    0.81471205230989,
   31,     10.43147294010508,    2.56736956974675,    0.59640645658563,    1.53119578783843,    0.79399057774343,
   32,     10.76656529446511,    2.64774082023364,    0.57803684332189,    1.53049174566236,    0.77328018642403,
   33,     11.10228284840331,    2.73122903607200,    0.56055848373881,    1.53101360720394,    0.74954727804212,
   34,     11.43882057259453,    2.81831835491637,    0.54309724428255,    1.53062093206600,    0.72583148978701,
   35,     11.77631764501528,    2.91007286655495,    0.52607035184790,    1.53090305681158,    0.69785572268517,
   36,     12.11503027478783,    3.00701282114111,    0.50906032621171,    1.53075092765290,    0.66989682238180,
   37,     12.45509747288484,    3.11042254967485,    0.49218433993589,    1.53090126953341,    0.63602383661820,
   38,     12.79682894609256,    3.22045807917937,    0.47525580372033,    1.53054139276802,    0.60209830091488,
   39,     13.14028332406374,    3.33795192449801,    0.45873298721311,    1.53122865749872,    0.56100722138561,
   40,     13.48555233202554,    3.45930283704361,    0.44166786962310,    1.52786291441821,    0.51937384077355,
   41,     13.83225940754436,    3.58127992877916,    0.42805471911988,    1.53298377400324,    0.47678351914614,
   42,     14.17836176664140,    3.67959418099042,    0.41372025250432,    1.52232263367277,    0.43347188140637,
   43,     14.52252900580659,    3.74689846746879,    0.40805941605010,    1.52895720063434,    0.41793523458657,
   44,     14.85923171219621,    3.78723564242700,    0.40400743179302,    1.53007134549191,    0.40400743996390,
   45,     15.18735067850010,    3.77354039445792,    0.40474614428852,    1.52732592497381,    0.40474614837396,
   46,     15.50694163086352,    3.76631385066928,    0.40589578942528,    1.52873093364079,    0.40589578942528,
   47,     15.82036581698342,    3.77895513110376,    0.40701259692041,    1.53808234155626,    0.40701259692041,
   48,     16.13236541847946,    3.77544064914483,    0.40721570755874,    1.53741873528752,    0.40721570755874,
   49,     16.44407336939033,    3.77442364087108,    0.40655538632779,    1.53451226147907,    0.40655538632779,
   50,     16.75617586392989,    3.77156811797571,    0.40594115323525,    1.53103471131637,    0.40594115323525,
   51,     17.06864671946830,    3.77048591487501,    0.40579640204724,    1.53004961822608,    0.40579640204724,
   52,     17.38115206542100,    3.77048481384557,    0.40576604748831,    1.52993472002883,    0.40576604748831,
   53,     17.69365226966335,    3.77050831253033,    0.40578087816389,    1.53000017418279,    0.40578087816389,
   54,     18.00615216889670,    3.77050735712261,    0.40578110269854,    1.53000063310616,    0.40578110269854,
   55,     18.31865217659927,    3.77050723508827,    0.40578093950709,    1.52999996827240,    0.40578093950709,
   56,     18.63115217788853,    3.77050726171073,    0.40578094675256,    1.53000000639439,    0.40578094675256,
   57,     18.94365217771805,    3.77050725930330,    0.40578094546246,    1.53000000055316,    0.40578094546246,
   58,     19.25615217770767,    3.77050725898364,    0.40578094529822,    1.52999999980416,    0.40578094529822,
   59,     19.56865217770931,    3.77050725902934,    0.40578094534394,    1.52999999999510,    0.40578094534394,
   60,     19.88115217770936,    3.77050725903157,    0.40578094534553,    1.53000000000200,    0.40578094534553,
   61,     20.19365217770935,    3.77050725903121,    0.40578094534504,    1.53000000000002,    0.40578094534504,
   62,     20.50615217770935,    3.77050725903119,    0.40578094534503,    1.52999999999998,    0.40578094534503,
   63,     20.81865217770935,    3.77050725903120,    0.40578094534504,    1.53000000000000,    0.40578094534504,
   64,     21.13115217770935,    3.77050725903120,    0.40578094534504,    1.53000000000000,    0.40578094534504,
   65,     21.44365217770935,    3.77050725903120,    0.40578094534504,    1.53000000000000,    0.40578094534504,
   66,     21.75615217770935,    3.77050725903119,    0.40578094534504,    1.53000000000000,    0.40578094534504,
   67,     22.06865217770935,    3.77050725903120,    0.40578094534504,    1.53000000000000,    0.40578094534504,
   68,     22.38115217770935,    3.77050725903119,    0.40578094534504,    1.53000000000000,    0.40578094534504,
   69,     22.69365217770935,    3.77050725903120,    0.40578094534504,    1.53000000000000,    0.40578094534504,
   70,     23.00615217770935,    3.77050725903119,    0.40578094534504,    1.53000000000000,    0.40578094534504,
   71,     23.31865217770935,    3.77050725903120,    0.40578094534504,    1.53000000000000,    0.40578094534504,
   72,     23.63115217770935,    3.77050725903119,    0.40578094534504,    1.53000000000000,    0.40578094534504,
   73,     23.94365217770935,    3.77050725903120,    0.40578094534504,    1.53000000000000,    0.40578094534504,
   74,     24.25615217770935,    3.77050725903119,    0.40578094534504,    1.53000000000000,    0.40578094534504,
   75,     24.56865217770935,    3.77050725903120,    0.40578094534504,    1.53000000000000,    0.40578094534504,
   76,     24.88115217770935,    3.77050725903119,    0.40578094534504,    1.53000000000000,    0.40578094534504,
   77,     25.19365217770935,    3.77050725903120,    0.40578094534504,    1.53000000000000,    0.40578094534504,
   78,     25.50615217770935,    3.77050725903119,    0.40578094534504,    1.53000000000000,    0.40578094534504,
   79,     25.81865217770935,    3.77050725903120,    0.40578094534504,    1.53000000000000,    0.40578094534504,
   80,     26.13115217770935,    3.77050725903120,    0.40578094534504,    1.53000000000000,    0.40578094534504,
