 indi,                  x_v,                   v,                   H,                   q,                 eta
    0,     0.45246335319775,    1.50821117732583,    1.01444679830102,    1.53000000000000,    1.01444679830102,
    1,     0.53058835319775,    1.50821117732583,    1.01444679830102,    1.53000000000000,    1.01444679830102,
    2,     0.60871335319775,    1.50821117732582,    1.01444679830102,    1.52999999999999,    1.01444679830102,
    3,     0.68683835319775,    1.50821117732583,    1.01444679830102,    1.53000000000000,    1.01444679830102,
    4,     0.76496335319775,    1.50821117732584,    1.01444679830102,    1.53000000000001,    1.01444679830102,
    5,     0.84308835319775,    1.50821117732582,    1.01444679830102,    1.52999999999999,    1.01444679830102,
    6,     0.92121335319775,    1.50821117732585,    1.01444679830102,    1.53000000000002,    1.01444679830102,
    7,     0.99933835319775,    1.50821117732583,    1.01444679830102,    1.53000000000000,    1.01444679830102,
    8,     1.07746335319775,    1.50821117732582,    1.01444679830101,    1.52999999999998,    1.01444679830101,
    9,     1.15558835319775,    1.50821117732584,    1.01444679830102,    1.53000000000001,    1.01444679830102,
   10,     1.23371335319775,    1.50821117732585,    1.01444679830102,    1.53000000000002,    1.01444679830102,
   11,     1.31183835319775,    1.50821117732582,    1.01444679830102,    1.52999999999999,    1.01444679830102,
   12,     1.38996335319775,    1.50821117732586,    1.01444679830102,    1.53000000000003,    1.01444679830102,
   13,     1.46808835319775,    1.50821117732581,    1.01444679830102,    1.52999999999999,    1.01444679830102,
   14,     1.54621335319775,    1.50821117732589,    1.01444679830101,    1.53000000000005,    1.01444679830101,
   15,     1.62433835319775,    1.50821117732581,    1.01444679830102,    1.52999999999998,    1.01444679830102,
   16,     1.70246335319775,    1.50821117732588,    1.01444679830101,    1.53000000000004,    1.01444679830101,
   17,     1.78058835319775,    1.50821117732579,    1.01444679830101,    1.52999999999995,    1.01444679830101,
   18,     1.85871335319775,    1.50821117732583,    1.01444679830104,    1.53000000000003,    1.01444679830104,
   19,     1.93683835319775,    1.50821117732584,    1.01444679830102,    1.53000000000001,    1.01444679830102,
   20,     2.01496335319775,    1.50821117732585,    1.01444679830102,    1.53000000000002,    1.01444679830102,
   21,     2.09308835319775,    1.50821117732580,    1.01444679830103,    1.52999999999999,    1.01444679830103,
   22,     2.17121335319775,    1.50821117732584,    1.01444679830101,    1.53000000000000,    1.01444679830101,
   23,     2.24933835319775,    1.50821117732591,    1.01444679830102,    1.53000000000008,    1.01444679830102,
   24,     2.32746335319775,    1.50821117732570,    1.01444679830103,    1.52999999999988,    1.01444679830103,
   25,     2.40558835319775,    1.50821117732585,    1.01444679830101,    1.53000000000000,    1.01444679830101,
   26,     2.48371335319775,    1.50821117732582,    1.01444679830100,    1.52999999999996,    1.01444679830100,
   27,     2.56183835319775,    1.50821117732582,    1.01444679830103,    1.53000000000000,    1.01444679830103,
   28,     2.63996335319775,    1.50821117732589,    1.01444679830104,    1.53000000000009,    1.01444679830104,
   29,     2.71808835319775,    1.50821117732584,    1.01444679830103,    1.53000000000001,    1.01444679830103,
   30,     2.79621335319775,    1.50821117732580,    1.01444679830100,    1.52999999999994,    1.01444679830100,
   31,     2.87433835319775,    1.50821117732584,    1.01444679830102,    1.53000000000000,    1.01444679830102,
   32,     2.95246335319775,    1.50821117732578,    1.01444679830101,    1.52999999999993,    1.01444679830101,
   33,     3.03058835319775,    1.50821117732587,    1.01444679830103,    1.53000000000005,    1.01444679830103,
   34,     3.10871335319775,    1.50821117732574,    1.01444679830103,    1.52999999999992,    1.01444679830103,
   35,     3.18683835319775,    1.50821117732585,    1.01444679830101,    1.53000000000001,    1.01444679830101,
   36,     3.26496335319775,    1.50821117732583,    1.01444679830104,    1.53000000000003,    1.01444679830104,
   37,     3.34308835319775,    1.50821117732579,    1.01444679830100,    1.52999999999994,    1.01444679830100,
   38,     3.42121335319775,    1.50821117732582,    1.01444679830101,    1.52999999999998,    1.01444679830101,
   39,     3.49933835319775,    1.50821117732581,    1.01444679830103,    1.52999999999999,    1.01444679830103,
   40,     3.57746335319775,    1.50821117732579,    1.01444679830103,    1.52999999999997,    1.01444679830103,
   41,     3.65558835319775,    1.50821117732580,    1.01444679830103,    1.52999999999999,    1.01444679830103,
   42,     3.73371335319775,    1.50821117732581,    1.01444679830108,    1.53000000000007,    1.01444679830108,
   43,     3.81183835319775,    1.50821117732579,    1.01444679830096,    1.52999999999987,    1.01444679830096,
   44,     3.88996335319776,    1.50821117732854,    1.01444679829858,    1.52999999999907,    1.01444679829858,
   45,     3.96808835319780,    1.50821117732434,    1.01444679830445,    1.53000000000366,    1.01444679830445,
   46,     4.04621335319723,    1.50821117722911,    1.01444679838094,    1.53000000002243,    1.01444679838094,
   47,     4.12433835319641,    1.50821117744209,    1.01444679817393,    1.52999999992626,    1.01444679817393,
   48,     4.20246335321680,    1.50821118009666,    1.01444679621943,    1.52999999967139,    1.01444679621943,
   49,     4.28058835323268,    1.50821117371305,    1.01444680164948,    1.53000000138520,    1.01444680164948,
   50,     4.35871335270106,    1.50821111152311,    1.01444684115632,    1.52999999788149,    1.01444684115632,
   51,     4.43683835196299,    1.50821122253709,    1.01444674221547,    1.52999996127556,    1.01444674221547,
   52,     4.51496336133963,    1.50821240698538,    1.01444622133041,    1.53000037722996,    1.01444622133041,
   53,     4.59308839686618,    1.50821244348854,    1.01444684220139,    1.53000135066580,    1.01444684220139,
   54,     4.67121335457804,    1.50819930745334,    1.01444722764871,    1.52998860618775,    1.01444722764871,
   55,     4.74933747572836,    1.50814843484859,    1.01446981856100,    1.52997106906390,    1.01446981856100,
   56,     4.82745980904860,    1.50805845859743,    1.01449385687843,    1.52991604206064,    1.01449385687843,
   57,     4.90557998452032,    1.50796532641017,    1.01452421853438,    1.52986734435321,    1.01452421853438,
   58,     4.98369788545243,    1.50788648178480,    1.01455695873830,    1.52983672308218,    1.01455695873830,
   59,     5.06181438142836,    1.50786590749188,    1.01455430910134,    1.52981185399289,    1.01455431277514,
   60,     5.13993132787919,    1.50790834312161,    1.01455204136663,    1.52985148770780,    1.01455204871423,
   61,     5.21805092034829,    1.50800786819029,    1.01447842358526,    1.52984144487585,    1.01452377594006,
   62,     5.29617645785670,    1.50835162452390,    1.01440437092213,    1.53007848080454,    1.01449506828413,
   63,     5.37434450491481,    1.50945663681904,    1.01337036125973,    1.52963861735920,    1.01425063563016,
   64,     5.45259259585559,    1.51187593305301,    1.01233906390869,    1.53053106681296,    1.01400891528757,
   65,     5.53101295896297,    1.51608269572571,    1.00892442390643,    1.52961286037957,    1.01320998480700,
   66,     5.60969963531407,    1.52223614599560,    1.00550795406330,    1.53062055276123,    1.01240922448557,
   67,     5.68875328136075,    1.53042799988831,    0.99951116812409,    1.52967987789818,    1.01096887557754,
   68,     5.76827581731419,    1.54048044117712,    0.99351340535875,    1.53048796900243,    1.00952754984338,
   69,     5.84830861371543,    1.55225235860702,    0.98554907910411,    1.52982088256232,    1.00754411395379,
   70,     5.92889402166190,    1.56549308682588,    0.97758054534788,    1.53039558555758,    1.00555647056262,
   71,     6.00999579020742,    1.57997124231177,    0.96835797347761,    1.52997775035793,    1.00313179804833,
   72,     6.09157728663594,    1.59547911828878,    0.95913054816944,    1.53027276131721,    1.00070227209614,
   73,     6.17357597887529,    1.61184852081075,    0.94925471599923,    1.53005480985598,    0.99794265476414,
   74,     6.25592728496407,    1.62890485986747,    0.93937781003906,    1.53015708002428,    0.99518196364219,
   75,     6.33857499802672,    1.64653770418150,    0.92929306146055,    1.53011606392906,    0.99218263392098,
   76,     6.42146042277817,    1.66460256181098,    0.91921202960627,    1.53012269933006,    0.98918702092399,
   77,     6.50454164828138,    1.68301930692683,    0.90919230562542,    1.53018820407690,    0.98600310875205,
   78,     6.58777554839727,    1.70161965927725,    0.89917056823883,    1.53004631595869,    0.98281718317437,
   79,     6.67113460036548,    1.72039524872818,    0.88935738117241,    1.53004621299035,    0.97946643209730,
   80,     6.75458928836485,    1.73925573071787,    0.87954471180292,    1.52975318042583,    0.97611619871714,
   81,     6.83812010484514,    1.75823110765903,    0.87006816506767,    1.52978091360579,    0.97266732653038,
   82,     6.92170569661967,    1.77729806341416,    0.86059576985968,    1.52953519515403,    0.96922260587088,
   83,     7.00533154439510,    1.79645127042733,    0.85152370508098,    1.52972084179171,    0.96572059383530,
   84,     7.08898285351952,    1.81562410869576,    0.84245240456881,    1.52957689616384,    0.96221934606625,
   85,     7.17265054694523,    1.83480474406972,    0.83377553821996,    1.52981531301527,    0.95865528031218,
   86,     7.25632556976176,    1.85395047437401,    0.82509858943849,    1.52969192129481,    0.95509113212549,
   87,     7.34000248446796,    1.87306209946872,    0.81680323380245,    1.52992317995886,    0.95146490572509,
   88,     7.42367584272935,    1.89211788739234,    0.80850794592982,    1.52979234659265,    0.94783874708810,
   89,     7.50734245101622,    1.91112243103054,    0.80057851861539,    1.53000356472708,    0.94415509343616,
   90,     7.59099913279519,    1.93006535489243,    0.79264916673658,    1.52986469530262,    0.94047151521983,
   91,     7.67464416010166,    1.94895153589944,    0.78506623129841,    1.53005603727182,    0.93673414529387,
   92,     7.75827585414753,    1.96777721609734,    0.77748333420632,    1.52991399094659,    0.93299681371399,
   93,     7.84189348629271,    1.98654689351730,    0.77022497145138,    1.53008802434620,    0.92920749015221,
   94,     7.92549639451466,    2.00526090853031,    0.76296661769562,    1.52994713297862,    0.92541817558961,
   95,     8.00908454747919,    2.02392354009445,    0.75600993809935,    1.53010631026461,    0.92157690420121,
   96,     8.09265798565720,    2.04253765690686,    0.74905325346850,    1.52996947723801,    0.91773562777823,
   97,     8.17621717043353,    2.06110763584306,    0.74237546411755,    1.53011573775523,    0.91384099706686,
   98,     8.25976263405948,    2.07963781336408,    0.73569766739451,    1.52998468831738,    0.90994635898339,
   99,     8.34329518890349,    2.09813294933732,    0.72927672389601,    1.53011952359098,    0.90599582346943,
  100,     8.42681571611483,    2.11659812085341,    0.72285577785341,    1.52999518105255,    0.90204528541138,
  101,     8.51032527980940,    2.13503868102470,    0.71667074231545,    1.53011975640218,    0.89803536884720,
  102,     8.59382501290993,    2.15345996047098,    0.71048571288054,    1.53000253517493,    0.89402545838607,
  103,     8.67731616156336,    2.17186804111381,    0.70451692124832,    1.53011778568312,    0.88995189021996,
  104,     8.76080004477377,    2.19026819848914,    0.69854814605176,    1.53000778941071,    0.88587833848950,
  105,     8.84427804186960,    2.20866731561053,    0.69277725711008,    1.53011448477735,    0.88173614009926,
  106,     8.92775161412513,    2.22707043828070,    0.68700639536142,    1.53001163401919,    0.87759396890201,
  107,     9.01122224015396,    2.24548527233964,    0.68141636889538,    1.53011042068572,    0.87337750255108,
  108,     9.09469149509917,    2.26391656019436,    0.67582638010365,    1.53001453373287,    0.86916107387446,
  109,     9.17816093381289,    2.28237281277769,    0.67040141459848,    1.53010596232727,    0.86486406348441,
  110,     9.26163222788233,    2.30085847209449,    0.66497649660952,    1.53001680596772,    0.86056710061056,
  111,     9.34510699332541,    2.31938280573654,    0.65970194564487,    1.53010134963964,    0.85618263047403,
  112,     9.42858698866312,    2.33795001720517,    0.65442745122867,    1.53001867085960,    0.85179821688595,
  113,     9.51207388194989,    2.35657005817939,    0.64928973051092,    1.53009673800539,    0.84731871235571,
  114,     9.59556951491294,    2.37524700173488,    0.64415207449981,    1.53002028361697,    0.84283927253211,
  115,     9.67907560302585,    2.39399139203456,    0.63913856673106,    1.53009222707146,    0.83825646512718,
  116,     9.76259407179324,    2.41280731637397,    0.63412513054855,    1.53002175448415,    0.83367372930850,
  117,     9.84612668284806,    2.43170579672984,    0.62922409577024,    1.53008788112660,    0.82897861102350,
  118,     9.92967544895460,    2.45069110325371,    0.62432314095938,    1.53002316710458,    0.82428357270594,
  119,     10.01324217945336,    2.46977464558023,    0.61952362115380,    1.53008373186372,    0.81946632658692,
  120,     10.09682898166724,    2.48896112244313,    0.61472418103618,    1.53002458762475,    0.81464916015584,
  121,     10.18043771796443,    2.50826212051674,    0.61001591723623,    1.53007981811592,    0.80969908429573,
  122,     10.26407059684063,    2.52768288688745,    0.60530774599419,    1.53002603084992,    0.80474910099351,
  123,     10.34772953629926,    2.54723519708130,    0.60068113648123,    1.53007613306779,    0.79965455383071,
  124,     10.43141685721867,    2.56692515454589,    0.59605462003643,    1.53002759765481,    0.79456009973607,
  125,     10.51513454178351,    2.58676436019350,    0.59150060990737,    1.53007269674111,    0.78930835644620,
  126,     10.59888503386083,    2.60676015717413,    0.58694668715159,    1.53002923845210,    0.78405670052960,
  127,     10.68267039051117,    2.62692388408582,    0.58245673499484,    1.53006950860460,    0.77863386592268,
  128,     10.76649318788610,    2.64726422555671,    0.57796687764370,    1.53003103874288,    0.77321112612135,
  129,     10.85035556411691,    2.66779213646321,    0.57353290579666,    1.53006657608723,    0.76760201071380,
  130,     10.93426023997147,    2.68851797431066,    0.56909902563992,    1.53003295959562,    0.76199298699655,
  131,     11.01820944807107,    2.70945214113225,    0.56471338738705,    1.53006389658188,    0.75618098006393,
  132,     11.10220606743395,    2.73060688152628,    0.56032784301679,    1.53003506405241,    0.75036906701393,
  133,     11.18625243247621,    2.75199184773256,    0.55598329097419,    1.53006148423650,    0.74433599272241,
  134,     11.27035159117859,    2.77362145277950,    0.55163882323736,    1.53003727431718,    0.73830300273665,
  135,     11.35450598977354,    2.79550453724413,    0.54732851890931,    1.53005935797407,    0.73202900303549,
  136,     11.43871885163218,    2.81765775951613,    0.54301828666155,    1.53003968897106,    0.72575507541462,
  137,     11.52299274603729,    2.84008890601750,    0.53873577772072,    1.53005750557934,    0.71921845308809,
  138,     11.60733107757016,    2.86281718557656,    0.53445333119723,    1.53004218144008,    0.71268189317890,
  139,     11.69173654191814,    2.88584912586400,    0.53019263289664,    1.53005594618430,    0.70585906410204,
  140,     11.77621272416080,    2.90920649656642,    0.52593197802309,    1.53004472721681,    0.69903627845222,
  141,     11.86076244608219,    2.93289440857199,    0.52168762935793,    1.53005473116504,    0.69190172555835,
  142,     11.94538946269194,    2.95693705305597,    0.51744329649959,    1.53004725627506,    0.68476718847130,
  143,     12.03009671266968,    2.98133792643354,    0.51321049024197,    1.53005389880193,    0.67729355392058,
  144,     12.11488809530542,    3.00612330324968,    0.50897766062251,    1.53004960643082,    0.66981989600802,
  145,     12.19976664129179,    3.03129480792524,    0.50475245663824,    1.53005350109501,    0.66197828425182,
  146,     12.28473634426941,    3.05688008650331,    0.50052717141147,    1.53005154304156,    0.65413659125312,
  147,     12.36980027829327,    3.08287851574985,    0.49630681480156,    1.53005361657196,    0.64589721076123,
  148,     12.45496244352646,    3.10931787140976,    0.49208628974415,    1.53005269497722,    0.63765766182185,
  149,     12.54022587131782,    3.13619467692455,    0.48786969954095,    1.53005435473310,    0.62899104916700,
  150,     12.62559442050666,    3.16353479049560,    0.48365280628750,    1.53005247921134,    0.62032413346191,
  151,     12.71107093553706,    3.19133085238460,    0.47944131853414,    1.53005587174594,    0.61120334175267,
  152,     12.79665889075182,    3.21960352661885,    0.47522931519015,    1.53004997913886,    0.60208203445281,
  153,     12.88236070944052,    3.24833978719364,    0.47102781613407,    1.53005839602324,    0.59248642145604,
  154,     12.96817908595814,    3.27754992539242,    0.46682545950631,    1.53004374997618,    0.58288995088759,
  155,     13.05411564880164,    3.30721216452358,    0.46264412294284,    1.53006227124190,    0.57281161679061,
  156,     13.14017167213217,    3.33731826601337,    0.45846137155938,    1.53003150956668,    0.56273186787366,
  157,     13.22634740027515,    3.36783242178176,    0.45431833793841,    1.53006802831898,    0.55218646912704,
  158,     13.31264165272668,    3.39871501382483,    0.45017297828422,    1.53000966011280,    0.54163874434720,
  159,     13.39905236681181,    3.42990730488821,    0.44609849911789,    1.53007650082413,    0.53068346946622,
  160,     13.48557424001590,    3.46131812778634,    0.44202022053514,    1.52997260218641,    0.51972439516882,
  161,     13.57220146771701,    3.49285115999731,    0.43806303657180,    1.53008898544176,    0.50848737924698,
  162,     13.65892196032639,    3.52433262318242,    0.43409976285153,    1.52991195593340,    0.49724427356821,
  163,     13.74572396456175,    3.55560534085351,    0.43033666871113,    1.53010735763441,    0.48597118813167,
  164,     13.83258444438854,    3.58636794675205,    0.42656428538717,    1.52981648034173,    0.47468881351157,
  165,     13.91948238527194,    3.61636806540379,    0.42311335931175,    1.53013364066073,    0.46381118230382,
  166,     14.00637770501165,    3.64512309877310,    0.41964999382953,    1.52967588590800,    0.45292111168926,
  167,     14.09323544113205,    3.67224340433236,    0.41668451902552,    1.53016697667887,    0.44313684596722,
  168,     14.17999094393124,    3.69704515096756,    0.41370840047850,    1.52949863590357,    0.43334193650216,
  169,     14.26658968314570,    3.71898065314170,    0.41145452892393,    1.53019143271563,    0.42563908262646,
  170,     14.35293815602729,    3.73733983102586,    0.40921159262769,    1.52936278444498,    0.41794716400908,
  171,     14.43895900374703,    3.75152496523432,    0.40787297460481,    1.53014564687433,    0.41332900969652,
  172,     14.52454490362242,    3.76153391570193,    0.40660230729517,    1.52944836909343,    0.40877880609719,
  173,     14.60960502044149,    3.76714925627740,    0.40613001105107,    1.52995236908299,    0.40727758830946,
  174,     14.69407572880621,    3.77004356760654,    0.40573589552394,    1.52964200306710,    0.40585455123868,
  175,     14.77788551930158,    3.77085729383056,    0.40570803327449,    1.52986709643876,    0.40576736436830,
  176,     14.86105462574664,    3.77081968283348,    0.40561117510614,    1.52948660266744,    0.40561118157903,
  177,     14.94356993241223,    3.77120628138572,    0.40566860290066,    1.52985998341992,    0.40566860613710,
  178,     15.02545229765675,    3.77121706833775,    0.40565572722417,    1.52981580237675,    0.40565572722417,
  179,     15.10674185617596,    3.77089723047607,    0.40565098631554,    1.52966818083717,    0.40565098631554,
  180,     15.18745564464341,    3.77109287001852,    0.40573642832934,    1.53006975197955,    0.40573642832934,
  181,     15.26761818602809,    3.77067966015126,    0.40576218573078,    1.52999922059357,    0.40576218573078,
  182,     15.34730273183430,    3.77044816317754,    0.40575495562783,    1.52987802714712,    0.40575495562783,
  183,     15.42655171078759,    3.77056397684126,    0.40581361764521,    1.53014620800466,    0.40581361764521,
  184,     15.50542985429875,    3.77080999739131,    0.40580930857862,    1.53022979782272,    0.40580930857862,
  185,     15.58402760169157,    3.77056105423673,    0.40578855585552,    1.53005052496378,    0.40578855585552,
  186,     15.66240863566953,    3.77067392105620,    0.40582594919001,    1.53023732309866,    0.40582594919001,
  187,     15.74063691120829,    3.77089014472161,    0.40584932310393,    1.53041321273453,    0.40584932310393,
  188,     15.81879463088402,    3.77043534570435,    0.40580837730384,    1.53007424936931,    0.40580837730384,
  189,     15.89692051327965,    3.77099191145596,    0.40586728023653,    1.53052223089659,    0.40586728023653,
  190,     15.97502195934188,    3.77108477135310,    0.40589494540160,    1.53066424737317,    0.40589494540160,
  191,     16.05313411617603,    3.77093208228802,    0.40587232228988,    1.53051696143565,    0.40587232228988,
  192,     16.13123678751555,    3.77129479548186,    0.40592758922045,    1.53087260456959,    0.40592758922045,
  193,     16.20933496872524,    3.77111852231896,    0.40590700678229,    1.53072343161573,    0.40590700678229,
  194,     16.28743826204643,    3.77101474274177,    0.40589239225540,    1.53062619516184,    0.40589239225540,
  195,     16.36554360951288,    3.77091168254758,    0.40586175261237,    1.53046882442521,    0.40586175261237,
  196,     16.44365715431793,    3.77069618377903,    0.40581441660930,    1.53020287203122,    0.40581441660930,
  197,     16.52177814074392,    3.77055668956603,    0.40579391221631,    1.53006895029237,    0.40579391221631,
  198,     16.59990216169011,    3.77051290263348,    0.40577967955294,    1.52999751738086,    0.40577967955294,
  199,     16.67802713859923,    3.77050645688428,    0.40578092137544,    1.52999958412656,    0.40578092137544,
  200,     16.75615217091993,    3.77050659455602,    0.40578075823938,    1.52999902488551,    0.40578075823938,
  201,     16.83427717871311,    3.77050723786520,    0.40578092682369,    1.52999992157637,    0.40578092682369,
  202,     16.91240217805176,    3.77050729219734,    0.40578095952010,    1.53000006690538,    0.40578095952010,
  203,     16.99052717767899,    3.77050726017215,    0.40578094625871,    1.53000000390798,    0.40578094625871,
  204,     17.06865217769994,    3.77050725784977,    0.40578094473719,    1.52999999722872,    0.40578094473719,
  205,     17.14677717771045,    3.77050725901941,    0.40578094532018,    1.52999999990150,    0.40578094532018,
  206,     17.22490217770951,    3.77050725906154,    0.40578094536311,    1.53000000008048,    0.40578094536311,
  207,     17.30302717770934,    3.77050725903042,    0.40578094534535,    1.53000000000088,    0.40578094534535,
  208,     17.38115217770939,    3.77050725903036,    0.40578094534469,    1.52999999999836,    0.40578094534469,
  209,     17.45927717770937,    3.77050725903140,    0.40578094534504,    1.53000000000010,    0.40578094534504,
  210,     17.53740217770939,    3.77050725903080,    0.40578094534502,    1.52999999999977,    0.40578094534502,
  211,     17.61552717770937,    3.77050725903130,    0.40578094534505,    1.53000000000011,    0.40578094534505,
  212,     17.69365217770938,    3.77050725903096,    0.40578094534500,    1.52999999999976,    0.40578094534500,
  213,     17.77177717770938,    3.77050725903125,    0.40578094534504,    1.53000000000002,    0.40578094534504,
  214,     17.84990217770938,    3.77050725903111,    0.40578094534504,    1.52999999999996,    0.40578094534504,
  215,     17.92802717770938,    3.77050725903125,    0.40578094534504,    1.53000000000002,    0.40578094534504,
  216,     18.00615217770938,    3.77050725903111,    0.40578094534504,    1.52999999999996,    0.40578094534504,
  217,     18.08427717770938,    3.77050725903125,    0.40578094534504,    1.53000000000002,    0.40578094534504,
  218,     18.16240217770938,    3.77050725903111,    0.40578094534504,    1.52999999999996,    0.40578094534504,
  219,     18.24052717770938,    3.77050725903125,    0.40578094534504,    1.53000000000002,    0.40578094534504,
  220,     18.31865217770938,    3.77050725903111,    0.40578094534504,    1.52999999999996,    0.40578094534504,
  221,     18.39677717770938,    3.77050725903125,    0.40578094534504,    1.53000000000002,    0.40578094534504,
  222,     18.47490217770938,    3.77050725903111,    0.40578094534504,    1.52999999999996,    0.40578094534504,
  223,     18.55302717770938,    3.77050725903125,    0.40578094534504,    1.53000000000002,    0.40578094534504,
  224,     18.63115217770938,    3.77050725903111,    0.40578094534504,    1.52999999999996,    0.40578094534504,
  225,     18.70927717770938,    3.77050725903125,    0.40578094534504,    1.53000000000002,    0.40578094534504,
  226,     18.78740217770938,    3.77050725903111,    0.40578094534504,    1.52999999999996,    0.40578094534504,
  227,     18.86552717770938,    3.77050725903125,    0.40578094534504,    1.53000000000002,    0.40578094534504,
  228,     18.94365217770938,    3.77050725903111,    0.40578094534504,    1.52999999999996,    0.40578094534504,
  229,     19.02177717770938,    3.77050725903125,    0.40578094534504,    1.53000000000002,    0.40578094534504,
  230,     19.09990217770938,    3.77050725903111,    0.40578094534504,    1.52999999999996,    0.40578094534504,
  231,     19.17802717770938,    3.77050725903125,    0.40578094534504,    1.53000000000002,    0.40578094534504,
  232,     19.25615217770938,    3.77050725903111,    0.40578094534504,    1.52999999999996,    0.40578094534504,
  233,     19.33427717770938,    3.77050725903125,    0.40578094534504,    1.53000000000002,    0.40578094534504,
  234,     19.41240217770938,    3.77050725903111,    0.40578094534504,    1.52999999999996,    0.40578094534504,
  235,     19.49052717770938,    3.77050725903125,    0.40578094534504,    1.53000000000002,    0.40578094534504,
  236,     19.56865217770938,    3.77050725903111,    0.40578094534504,    1.52999999999996,    0.40578094534504,
  237,     19.64677717770938,    3.77050725903125,    0.40578094534504,    1.53000000000002,    0.40578094534504,
  238,     19.72490217770938,    3.77050725903111,    0.40578094534504,    1.52999999999996,    0.40578094534504,
  239,     19.80302717770938,    3.77050725903125,    0.40578094534504,    1.53000000000002,    0.40578094534504,
  240,     19.88115217770938,    3.77050725903111,    0.40578094534504,    1.52999999999996,    0.40578094534504,
  241,     19.95927717770938,    3.77050725903125,    0.40578094534504,    1.53000000000002,    0.40578094534504,
  242,     20.03740217770938,    3.77050725903111,    0.40578094534504,    1.52999999999996,    0.40578094534504,
  243,     20.11552717770938,    3.77050725903125,    0.40578094534504,    1.53000000000002,    0.40578094534504,
  244,     20.19365217770938,    3.77050725903111,    0.40578094534504,    1.52999999999996,    0.40578094534504,
  245,     20.27177717770938,    3.77050725903125,    0.40578094534504,    1.53000000000002,    0.40578094534504,
  246,     20.34990217770938,    3.77050725903111,    0.40578094534504,    1.52999999999996,    0.40578094534504,
  247,     20.42802717770938,    3.77050725903125,    0.40578094534504,    1.53000000000002,    0.40578094534504,
  248,     20.50615217770938,    3.77050725903111,    0.40578094534504,    1.52999999999996,    0.40578094534504,
  249,     20.58427717770938,    3.77050725903125,    0.40578094534504,    1.53000000000002,    0.40578094534504,
  250,     20.66240217770938,    3.77050725903111,    0.40578094534504,    1.52999999999996,    0.40578094534504,
  251,     20.74052717770938,    3.77050725903125,    0.40578094534504,    1.53000000000002,    0.40578094534504,
  252,     20.81865217770938,    3.77050725903111,    0.40578094534504,    1.52999999999996,    0.40578094534504,
  253,     20.89677717770938,    3.77050725903125,    0.40578094534504,    1.53000000000002,    0.40578094534504,
  254,     20.97490217770938,    3.77050725903111,    0.40578094534504,    1.52999999999996,    0.40578094534504,
  255,     21.05302717770938,    3.77050725903125,    0.40578094534504,    1.53000000000002,    0.40578094534504,
  256,     21.13115217770938,    3.77050725903111,    0.40578094534504,    1.52999999999996,    0.40578094534504,
  257,     21.20927717770938,    3.77050725903125,    0.40578094534504,    1.53000000000002,    0.40578094534504,
  258,     21.28740217770938,    3.77050725903111,    0.40578094534504,    1.52999999999997,    0.40578094534504,
  259,     21.36552717770938,    3.77050725903122,    0.40578094534504,    1.53000000000001,    0.40578094534504,
  260,     21.44365217770938,    3.77050725903122,    0.40578094534504,    1.53000000000001,    0.40578094534504,
  261,     21.52177717770938,    3.77050725903122,    0.40578094534504,    1.53000000000001,    0.40578094534504,
  262,     21.59990217770938,    3.77050725903113,    0.40578094534504,    1.52999999999997,    0.40578094534504,
  263,     21.67802717770938,    3.77050725903124,    0.40578094534504,    1.53000000000002,    0.40578094534504,
  264,     21.75615217770938,    3.77050725903112,    0.40578094534504,    1.52999999999997,    0.40578094534504,
  265,     21.83427717770938,    3.77050725903124,    0.40578094534504,    1.53000000000002,    0.40578094534504,
  266,     21.91240217770938,    3.77050725903116,    0.40578094534503,    1.52999999999995,    0.40578094534503,
  267,     21.99052717770938,    3.77050725903109,    0.40578094534505,    1.52999999999999,    0.40578094534505,
  268,     22.06865217770937,    3.77050725903117,    0.40578094534505,    1.53000000000002,    0.40578094534505,
  269,     22.14677717770938,    3.77050725903123,    0.40578094534503,    1.52999999999998,    0.40578094534503,
  270,     22.22490217770937,    3.77050725903116,    0.40578094534506,    1.53000000000007,    0.40578094534506,
  271,     22.30302717770937,    3.77050725903116,    0.40578094534504,    1.53000000000000,    0.40578094534504,
  272,     22.38115217770937,    3.77050725903149,    0.40578094534505,    1.53000000000015,    0.40578094534505,
  273,     22.45927717770937,    3.77050725903111,    0.40578094534503,    1.52999999999993,    0.40578094534503,
  274,     22.53740217770937,    3.77050725903151,    0.40578094534503,    1.53000000000009,    0.40578094534503,
  275,     22.61552717770937,    3.77050725903119,    0.40578094534503,    1.52999999999996,    0.40578094534503,
  276,     22.69365217770937,    3.77050725903114,    0.40578094534501,    1.52999999999987,    0.40578094534501,
  277,     22.77177717770937,    3.77050725903114,    0.40578094534505,    1.53000000000001,    0.40578094534505,
  278,     22.84990217770937,    3.77050725903103,    0.40578094534502,    1.52999999999986,    0.40578094534502,
  279,     22.92802717770938,    3.77050725903125,    0.40578094534505,    1.53000000000009,    0.40578094534505,
  280,     23.00615217770937,    3.77050725903137,    0.40578094534504,    1.53000000000007,    0.40578094534504,
  281,     23.08427717770937,    3.77050725903120,    0.40578094534504,    1.53000000000000,    0.40578094534504,
  282,     23.16240217770937,    3.77050725903120,    0.40578094534504,    1.53000000000000,    0.40578094534504,
  283,     23.24052717770937,    3.77050725903120,    0.40578094534504,    1.53000000000000,    0.40578094534504,
  284,     23.31865217770937,    3.77050725903120,    0.40578094534504,    1.53000000000000,    0.40578094534504,
  285,     23.39677717770937,    3.77050725903120,    0.40578094534504,    1.53000000000000,    0.40578094534504,
  286,     23.47490217770937,    3.77050725903120,    0.40578094534504,    1.53000000000000,    0.40578094534504,
  287,     23.55302717770937,    3.77050725903120,    0.40578094534504,    1.53000000000000,    0.40578094534504,
  288,     23.63115217770937,    3.77050725903120,    0.40578094534504,    1.53000000000000,    0.40578094534504,
  289,     23.70927717770937,    3.77050725903120,    0.40578094534504,    1.53000000000000,    0.40578094534504,
  290,     23.78740217770937,    3.77050725903120,    0.40578094534504,    1.53000000000000,    0.40578094534504,
  291,     23.86552717770937,    3.77050725903120,    0.40578094534504,    1.53000000000000,    0.40578094534504,
  292,     23.94365217770937,    3.77050725903120,    0.40578094534504,    1.53000000000000,    0.40578094534504,
  293,     24.02177717770937,    3.77050725903120,    0.40578094534504,    1.53000000000000,    0.40578094534504,
  294,     24.09990217770937,    3.77050725903120,    0.40578094534504,    1.53000000000000,    0.40578094534504,
  295,     24.17802717770937,    3.77050725903120,    0.40578094534504,    1.53000000000000,    0.40578094534504,
  296,     24.25615217770937,    3.77050725903120,    0.40578094534504,    1.53000000000000,    0.40578094534504,
  297,     24.33427717770937,    3.77050725903120,    0.40578094534504,    1.53000000000000,    0.40578094534504,
  298,     24.41240217770937,    3.77050725903120,    0.40578094534504,    1.53000000000000,    0.40578094534504,
  299,     24.49052717770937,    3.77050725903120,    0.40578094534504,    1.53000000000000,    0.40578094534504,
  300,     24.56865217770937,    3.77050725903120,    0.40578094534504,    1.53000000000000,    0.40578094534504,
  301,     24.64677717770937,    3.77050725903120,    0.40578094534504,    1.53000000000000,    0.40578094534504,
  302,     24.72490217770937,    3.77050725903120,    0.40578094534504,    1.53000000000000,    0.40578094534504,
  303,     24.80302717770937,    3.77050725903120,    0.40578094534504,    1.53000000000000,    0.40578094534504,
  304,     24.88115217770937,    3.77050725903120,    0.40578094534504,    1.53000000000000,    0.40578094534504,
  305,     24.95927717770937,    3.77050725903120,    0.40578094534504,    1.53000000000000,    0.40578094534504,
  306,     25.03740217770937,    3.77050725903120,    0.40578094534504,    1.53000000000000,    0.40578094534504,
  307,     25.11552717770937,    3.77050725903120,    0.40578094534504,    1.53000000000000,    0.40578094534504,
  308,     25.19365217770937,    3.77050725903120,    0.40578094534504,    1.53000000000000,    0.40578094534504,
  309,     25.27177717770937,    3.77050725903120,    0.40578094534504,    1.53000000000000,    0.40578094534504,
  310,     25.34990217770937,    3.77050725903120,    0.40578094534504,    1.53000000000000,    0.40578094534504,
  311,     25.42802717770937,    3.77050725903120,    0.40578094534504,    1.53000000000000,    0.40578094534504,
  312,     25.50615217770937,    3.77050725903119,    0.40578094534504,    1.53000000000001,    0.40578094534504,
  313,     25.58427717770937,    3.77050725903122,    0.40578094534502,    1.52999999999996,    0.40578094534502,
  314,     25.66240217770937,    3.77050725903143,    0.40578094534504,    1.53000000000010,    0.40578094534504,
  315,     25.74052717770938,    3.77050725903122,    0.40578094534502,    1.52999999999994,    0.40578094534502,
  316,     25.81865217770938,    3.77050725903111,    0.40578094534509,    1.53000000000016,    0.40578094534509,
  317,     25.89677717770937,    3.77050725903104,    0.40578094534505,    1.52999999999999,    0.40578094534505,
  318,     25.97490217770938,    3.77050725903124,    0.40578094534499,    1.52999999999986,    0.40578094534499,
  319,     26.05302717770938,    3.77050725903146,    0.40578094534503,    1.53000000000009,    0.40578094534503,
  320,     26.13115217770938,    3.77050725903117,    0.40578094534504,    1.52999999999999,    0.40578094534504,
