 indi,                  x_v,                   v,                   H,                   q,                 eta
    0,     0.45246335319775,    1.50821117732583,    1.01444679830092,    1.52999999999986,    1.01444679830092,
    1,     0.47081840601576,    1.50821117732590,    1.01444679830103,    1.53000000000008,    1.01444679830103,
    2,     0.50830464097270,    1.50821117732583,    1.01444679830102,    1.52999999999999,    1.01444679830102,
    3,     0.55287206542280,    1.50821117732581,    1.01444679830102,    1.52999999999998,    1.01444679830102,
    4,     0.59035830037974,    1.50821117732582,    1.01444679830104,    1.53000000000001,    1.01444679830104,
    5,     0.60871335319775,    1.50821117732598,    1.01444679830096,    1.53000000000006,    1.01444679830096,
    6,     0.62706840601576,    1.50821117732574,    1.01444679830103,    1.52999999999993,    1.01444679830103,
    7,     0.66455464097270,    1.50821117732582,    1.01444679830103,    1.53000000000000,    1.01444679830103,
    8,     0.70912206542280,    1.50821117732583,    1.01444679830102,    1.53000000000001,    1.01444679830102,
    9,     0.74660830037974,    1.50821117732573,    1.01444679830103,    1.52999999999992,    1.01444679830103,
   10,     0.76496335319775,    1.50821117732612,    1.01444679830101,    1.53000000000028,    1.01444679830101,
   11,     0.78331840601576,    1.50821117732580,    1.01444679830099,    1.52999999999992,    1.01444679830099,
   12,     0.82080464097270,    1.50821117732581,    1.01444679830103,    1.52999999999999,    1.01444679830103,
   13,     0.86537206542280,    1.50821117732583,    1.01444679830102,    1.53000000000001,    1.01444679830102,
   14,     0.90285830037974,    1.50821117732591,    1.01444679830100,    1.53000000000006,    1.01444679830100,
   15,     0.92121335319775,    1.50821117732589,    1.01444679830105,    1.53000000000011,    1.01444679830105,
   16,     0.93956840601576,    1.50821117732568,    1.01444679830104,    1.52999999999988,    1.01444679830104,
   17,     0.97705464097270,    1.50821117732579,    1.01444679830103,    1.52999999999997,    1.01444679830103,
   18,     1.02162206542280,    1.50821117732590,    1.01444679830099,    1.53000000000003,    1.01444679830099,
   19,     1.05910830037974,    1.50821117732580,    1.01444679830100,    1.52999999999995,    1.01444679830100,
   20,     1.07746335319775,    1.50821117732589,    1.01444679830106,    1.53000000000012,    1.01444679830106,
   21,     1.09581840601576,    1.50821117732582,    1.01444679830101,    1.52999999999999,    1.01444679830101,
   22,     1.13330464097270,    1.50821117732573,    1.01444679830106,    1.52999999999995,    1.01444679830106,
   23,     1.17787206542280,    1.50821117732587,    1.01444679830100,    1.53000000000001,    1.01444679830100,
   24,     1.21535830037974,    1.50821117732576,    1.01444679830096,    1.52999999999983,    1.01444679830096,
   25,     1.23371335319775,    1.50821117732620,    1.01444679830114,    1.53000000000055,    1.01444679830114,
   26,     1.25206840601576,    1.50821117732567,    1.01444679830109,    1.52999999999993,    1.01444679830109,
   27,     1.28955464097270,    1.50821117732587,    1.01444679830098,    1.52999999999998,    1.01444679830098,
   28,     1.33412206542280,    1.50821117732587,    1.01444679830102,    1.53000000000004,    1.01444679830102,
   29,     1.37160830037974,    1.50821117732584,    1.01444679830103,    1.53000000000002,    1.01444679830103,
   30,     1.38996335319775,    1.50821117732572,    1.01444679830097,    1.52999999999982,    1.01444679830097,
   31,     1.40831840601576,    1.50821117732570,    1.01444679830103,    1.52999999999989,    1.01444679830103,
   32,     1.44580464097270,    1.50821117732590,    1.01444679830099,    1.53000000000003,    1.01444679830099,
   33,     1.49037206542280,    1.50821117732570,    1.01444679830103,    1.52999999999988,    1.01444679830103,
   34,     1.52785830037974,    1.50821117732584,    1.01444679830106,    1.53000000000007,    1.01444679830106,
   35,     1.54621335319775,    1.50821117732555,    1.01444679830097,    1.52999999999965,    1.01444679830097,
   36,     1.56456840601576,    1.50821117732593,    1.01444679830102,    1.53000000000010,    1.01444679830102,
   37,     1.60205464097270,    1.50821117732584,    1.01444679830101,    1.53000000000000,    1.01444679830101,
   38,     1.64662206542280,    1.50821117732577,    1.01444679830104,    1.52999999999996,    1.01444679830104,
   39,     1.68410830037973,    1.50821117732593,    1.01444679830099,    1.53000000000005,    1.01444679830099,
   40,     1.70246335319775,    1.50821117732576,    1.01444679830094,    1.52999999999982,    1.01444679830094,
   41,     1.72081840601576,    1.50821117732575,    1.01444679830108,    1.53000000000001,    1.01444679830108,
   42,     1.75830464097269,    1.50821117732577,    1.01444679830098,    1.52999999999987,    1.01444679830098,
   43,     1.80287206542280,    1.50821117732592,    1.01444679830104,    1.53000000000012,    1.01444679830104,
   44,     1.84035830037973,    1.50821117732567,    1.01444679830102,    1.52999999999984,    1.01444679830102,
   45,     1.85871335319775,    1.50821117732576,    1.01444679830089,    1.52999999999973,    1.01444679830089,
   46,     1.87706840601576,    1.50821117732585,    1.01444679830103,    1.53000000000004,    1.01444679830103,
   47,     1.91455464097269,    1.50821117732572,    1.01444679830104,    1.52999999999992,    1.01444679830104,
   48,     1.95912206542280,    1.50821117732590,    1.01444679830099,    1.53000000000003,    1.01444679830099,
   49,     1.99660830037974,    1.50821117732579,    1.01444679830102,    1.52999999999997,    1.01444679830102,
   50,     2.01496335319775,    1.50821117732642,    1.01444679830098,    1.53000000000054,    1.01444679830098,
   51,     2.03331840601576,    1.50821117732564,    1.01444679830104,    1.52999999999983,    1.01444679830104,
   52,     2.07080464097270,    1.50821117732580,    1.01444679830100,    1.52999999999995,    1.01444679830100,
   53,     2.11537206542280,    1.50821117732582,    1.01444679830100,    1.52999999999997,    1.01444679830100,
   54,     2.15285830037974,    1.50821117732574,    1.01444679830110,    1.53000000000002,    1.01444679830110,
   55,     2.17121335319775,    1.50821117732558,    1.01444679830096,    1.52999999999966,    1.01444679830096,
   56,     2.18956840601576,    1.50821117732607,    1.01444679830104,    1.53000000000028,    1.01444679830104,
   57,     2.22705464097269,    1.50821117732581,    1.01444679830100,    1.52999999999995,    1.01444679830100,
   58,     2.27162206542280,    1.50821117732568,    1.01444679830099,    1.52999999999980,    1.01444679830099,
   59,     2.30910830037974,    1.50821117732575,    1.01444679830110,    1.53000000000004,    1.01444679830110,
   60,     2.32746335319774,    1.50821117732538,    1.01444679830099,    1.52999999999950,    1.01444679830099,
   61,     2.34581840601576,    1.50821117732610,    1.01444679830100,    1.53000000000025,    1.01444679830100,
   62,     2.38330464097270,    1.50821117732577,    1.01444679830099,    1.52999999999989,    1.01444679830099,
   63,     2.42787206542280,    1.50821117732577,    1.01444679830102,    1.52999999999994,    1.01444679830102,
   64,     2.46535830037974,    1.50821117732583,    1.01444679830100,    1.52999999999997,    1.01444679830100,
   65,     2.48371335319775,    1.50821117732616,    1.01444679830090,    1.53000000000016,    1.01444679830090,
   66,     2.50206840601576,    1.50821117732576,    1.01444679830114,    1.53000000000011,    1.01444679830114,
   67,     2.53955464097269,    1.50821117732585,    1.01444679830105,    1.53000000000006,    1.01444679830105,
   68,     2.58412206542280,    1.50821117732582,    1.01444679830091,    1.52999999999983,    1.01444679830091,
   69,     2.62160830037974,    1.50821117732564,    1.01444679830104,    1.52999999999984,    1.01444679830104,
   70,     2.63996335319775,    1.50821117732587,    1.01444679830119,    1.53000000000030,    1.01444679830119,
   71,     2.65831840601576,    1.50821117732624,    1.01444679830095,    1.53000000000031,    1.01444679830095,
   72,     2.69580464097270,    1.50821117732565,    1.01444679830099,    1.52999999999977,    1.01444679830099,
   73,     2.74037206542280,    1.50821117732562,    1.01444679830105,    1.52999999999982,    1.01444679830105,
   74,     2.77785830037974,    1.50821117732605,    1.01444679830088,    1.53000000000001,    1.01444679830088,
   75,     2.79621335319775,    1.50821117732583,    1.01444679830100,    1.52999999999998,    1.01444679830100,
   76,     2.81456840601576,    1.50821117732596,    1.01444679830118,    1.53000000000037,    1.01444679830118,
   77,     2.85205464097270,    1.50821117732564,    1.01444679830100,    1.52999999999978,    1.01444679830100,
   78,     2.89662206542280,    1.50821117732588,    1.01444679830104,    1.53000000000007,    1.01444679830104,
   79,     2.93410830037974,    1.50821117732545,    1.01444679830098,    1.52999999999955,    1.01444679830098,
   80,     2.95246335319775,    1.50821117732626,    1.01444679830087,    1.53000000000022,    1.01444679830087,
   81,     2.97081840601576,    1.50821117732605,    1.01444679830110,    1.53000000000034,    1.01444679830110,
   82,     3.00830464097270,    1.50821117732578,    1.01444679830103,    1.52999999999996,    1.01444679830103,
   83,     3.05287206542280,    1.50821117732583,    1.01444679830103,    1.53000000000001,    1.01444679830103,
   84,     3.09035830037973,    1.50821117732588,    1.01444679830110,    1.53000000000018,    1.01444679830110,
   85,     3.10871335319774,    1.50821117732555,    1.01444679830100,    1.52999999999969,    1.01444679830100,
   86,     3.12706840601575,    1.50821117732579,    1.01444679830096,    1.52999999999987,    1.01444679830096,
   87,     3.16455464097269,    1.50821117732578,    1.01444679830106,    1.53000000000001,    1.01444679830106,
   88,     3.20912206542279,    1.50821117732582,    1.01444679830088,    1.52999999999979,    1.01444679830088,
   89,     3.24660830037974,    1.50821117732576,    1.01444679830111,    1.53000000000005,    1.01444679830111,
   90,     3.26496335319774,    1.50821117732604,    1.01444679830139,    1.53000000000077,    1.01444679830139,
   91,     3.28331840601575,    1.50821117732560,    1.01444679830094,    1.52999999999964,    1.01444679830094,
   92,     3.32080464097270,    1.50821117732612,    1.01444679830097,    1.53000000000022,    1.01444679830097,
   93,     3.36537206542280,    1.50821117732557,    1.01444679830108,    1.52999999999982,    1.01444679830108,
   94,     3.40285830037973,    1.50821117732597,    1.01444679830101,    1.53000000000013,    1.01444679830101,
   95,     3.42121335319774,    1.50821117732522,    1.01444679830095,    1.52999999999929,    1.01444679830095,
   96,     3.43956840601576,    1.50821117732610,    1.01444679830101,    1.53000000000027,    1.01444679830101,
   97,     3.47705464097269,    1.50821117732583,    1.01444679830105,    1.53000000000005,    1.01444679830105,
   98,     3.52162206542279,    1.50821117732582,    1.01444679830105,    1.53000000000003,    1.01444679830105,
   99,     3.55910830037973,    1.50821117732561,    1.01444679830094,    1.52999999999967,    1.01444679830094,
  100,     3.57746335319775,    1.50821117732662,    1.01444679830104,    1.53000000000083,    1.01444679830104,
  101,     3.59581840601575,    1.50821117732562,    1.01444679830103,    1.52999999999980,    1.01444679830103,
  102,     3.63330464097270,    1.50821117732586,    1.01444679830098,    1.52999999999997,    1.01444679830098,
  103,     3.67787206542280,    1.50821117732588,    1.01444679830104,    1.53000000000008,    1.01444679830104,
  104,     3.71535830037973,    1.50821117732582,    1.01444679830110,    1.53000000000011,    1.01444679830110,
  105,     3.73371335319774,    1.50821117732628,    1.01444679830102,    1.53000000000046,    1.01444679830102,
  106,     3.75206840601575,    1.50821117732563,    1.01444679830090,    1.52999999999962,    1.01444679830090,
  107,     3.78955464097270,    1.50821117732578,    1.01444679830100,    1.52999999999992,    1.01444679830100,
  108,     3.83412206542280,    1.50821117732603,    1.01444679830104,    1.53000000000023,    1.01444679830104,
  109,     3.87160830037974,    1.50821117732577,    1.01444679830108,    1.53000000000004,    1.01444679830108,
  110,     3.88996335319774,    1.50821117732480,    1.01444679830099,    1.52999999999890,    1.01444679830099,
  111,     3.90831840601576,    1.50821117732587,    1.01444679830104,    1.53000000000008,    1.01444679830104,
  112,     3.94580464097269,    1.50821117732580,    1.01444679830092,    1.52999999999982,    1.01444679830092,
  113,     3.99037206542280,    1.50821117732593,    1.01444679830100,    1.53000000000007,    1.01444679830100,
  114,     4.02785830037973,    1.50821117732559,    1.01444679830117,    1.52999999999998,    1.01444679830117,
  115,     4.04621335319774,    1.50821117732562,    1.01444679830104,    1.52999999999982,    1.01444679830104,
  116,     4.06456840601575,    1.50821117732568,    1.01444679830103,    1.52999999999986,    1.01444679830103,
  117,     4.10205464097269,    1.50821117732596,    1.01444679830102,    1.53000000000013,    1.01444679830102,
  118,     4.14662206542279,    1.50821117732562,    1.01444679830100,    1.52999999999976,    1.01444679830100,
  119,     4.18410830037974,    1.50821117732744,    1.01444679830067,    1.53000000000111,    1.01444679830067,
  120,     4.20246335319776,    1.50821117732600,    1.01444679829975,    1.52999999999826,    1.01444679829975,
  121,     4.22081840601576,    1.50821117732390,    1.01444679830248,    1.53000000000024,    1.01444679830248,
  122,     4.25830464097268,    1.50821117732535,    1.01444679830011,    1.52999999999813,    1.01444679830011,
  123,     4.30287206542285,    1.50821117733376,    1.01444679830039,    1.53000000000710,    1.01444679830039,
  124,     4.34035830037968,    1.50821117728833,    1.01444679830869,    1.52999999997353,    1.01444679830869,
  125,     4.35871335319750,    1.50821117731457,    1.01444679832434,    1.53000000002374,    1.01444679832434,
  126,     4.37706840601563,    1.50821117738579,    1.01444679826879,    1.53000000001222,    1.01444679826879,
  127,     4.41455464097334,    1.50821117733551,    1.01444679831529,    1.53000000003134,    1.01444679831529,
  128,     4.45912206542127,    1.50821117707439,    1.01444679834711,    1.52999999981445,    1.01444679834711,
  129,     4.49660830038057,    1.50821117833451,    1.01444679805824,    1.53000000065709,    1.01444679805824,
  130,     4.51496335320564,    1.50821117864710,    1.01444679758846,    1.53000000026567,    1.01444679758846,
  131,     4.53331840603125,    1.50821117839540,    1.01444679811885,    1.53000000081027,    1.01444679811885,
  132,     4.57080464100136,    1.50821117855534,    1.01444679768865,    1.53000000032369,    1.01444679768865,
  133,     4.61537206545951,    1.50821117559909,    1.01444679926441,    1.52999999970131,    1.01444679926441,
  134,     4.65285830030210,    1.50821115701048,    1.01444680394744,    1.52999998790715,    1.01444680394744,
  135,     4.67121335299230,    1.50821115507238,    1.01444680545311,    1.52999998821192,    1.01444680545311,
  136,     4.68956840569837,    1.50821116575537,    1.01444680310647,    1.52999999551002,    1.01444680310647,
  137,     4.72705464075848,    1.50821120746564,    1.01444678795560,    1.53000001497215,    1.01444678795560,
  138,     4.77162206574716,    1.50821120508745,    1.01444678930983,    1.53000001460207,    1.01444678930983,
  139,     4.80910830076408,    1.50821117085965,    1.01444680287986,    1.53000000034626,    1.01444680287986,
  140,     4.82746335350802,    1.50821115668756,    1.01444680060842,    1.52999998254362,    1.01444680060842,
  141,     4.84581840622262,    1.50821115087110,    1.01444680544732,    1.52999998394121,    1.01444680544732,
  142,     4.88330464095753,    1.50821116776124,    1.01444680184157,    1.52999999563713,    1.01444680184157,
  143,     4.92787206537848,    1.50821118359411,    1.01444679722316,    1.53000000473319,    1.01444679722316,
  144,     4.96535830036848,    1.50821116942199,    1.01444679772139,    1.52999999110777,    1.01444679772139,
  145,     4.98371335320430,    1.50821118454818,    1.01444679856122,    1.53000000771913,    1.01444679856122,
  146,     5.00206840606327,    1.50821119748830,    1.01444679363737,    1.53000001341998,    1.01444679346292,
  147,     5.03955464109783,    1.50821117008888,    1.01444680029441,    1.52999999566495,    1.01444680073088,
  148,     5.08412206540403,    1.50821117023726,    1.01444679934729,    1.52999999438701,    1.01444679857775,
  149,     5.12160830046964,    1.50821119427413,    1.01444679372960,    1.53000001029848,    1.01444679519129,
  150,     5.13996335330408,    1.50821119080688,    1.01444677475781,    1.52999997816767,    1.01444678213550,
  151,     5.15831840552246,    1.50821134349302,    1.01444679621958,    1.53000016542852,    1.01444679866869,
  152,     5.19580466209962,    1.50821343295445,    1.01444514199408,    1.52999979015086,    1.01444641755937,
  153,     5.24037238754375,    1.50823577426135,    1.01443025392519,    1.52999999946300,    1.01444301828503,
  154,     5.27786000559884,    1.50831155870263,    1.01437938006377,    1.53000014385979,    1.01443139909274,
  155,     5.29621670109119,    1.50838625080700,    1.01432909860923,    1.53000006613562,    1.01441989994204,
  156,     5.31457452060912,    1.50849749827232,    1.01425418047672,    1.52999989386137,    1.01440276637410,
  157,     5.35207211778690,    1.50887826312744,    1.01399846321030,    1.53000023998264,    1.01434424670031,
  158,     5.39667017641365,    1.50969267138607,    1.01345119396033,    1.52999984032937,    1.01421889863515,
  159,     5.43420576322420,    1.51076563345054,    1.01273153314602,    1.52999999618869,    1.01405373198150,
  160,     5.45259590033066,    1.51143947466937,    1.01228000410418,    1.52999995762153,    1.01394992267758,
  161,     5.47099486997660,    1.51221791592038,    1.01175896963585,    1.53000004047648,    1.01382997632996,
  162,     5.50860372027016,    1.51414862701061,    1.01046877651062,    1.52999991059065,    1.01353215418075,
  163,     5.55338797511270,    1.51706286866477,    1.00852780009190,    1.53000007753559,    1.01308193491183,
  164,     5.59113025601245,    1.52004352286564,    1.00655009359593,    1.52999995021029,    1.01262051847819,
  165,     5.60963914266283,    1.52167858860450,    1.00546856233258,    1.52999998281644,    1.01236703724920,
  166,     5.62816862072567,    1.52342763178370,    1.00431418386130,    1.52999997868660,    1.01209557852730,
  167,     5.66608074997731,    1.52734695329285,    1.00173699252025,    1.52999994352655,    1.01148615040341,
  168,     5.71128895656252,    1.53259228173561,    0.99830859070529,    1.53000004090529,    1.01066809787844,
  169,     5.74943850553021,    1.53747234258435,    0.99513988161223,    1.53000004498147,    1.00990449890314,
  170,     5.76816234780835,    1.54001014991339,    0.99349992360976,    1.52999996629721,    1.00950642566776,
  171,     5.78691604750555,    1.54264193365468,    0.99180507411551,    1.53000009734208,    1.00909294085471,
  172,     5.82531111282438,    1.54829537104366,    0.98818355239637,    1.53000001991678,    1.00820228044538,
  173,     5.87112645936980,    1.55547465710504,    0.98362257918358,    1.52999999407635,    1.00706654892391,
  174,     5.90980247823890,    1.56186910744814,    0.97959550509461,    1.52999995720233,    1.00605054796486,
  175,     5.92878595917250,    1.56511062934672,    0.97756665686194,    1.52999996554955,    1.00553391499566,
  176,     5.94779894067386,    1.56842086524715,    0.97550345151204,    1.52999996747209,    1.00500524886336,
  177,     5.98671797999292,    1.57538336366340,    0.97119217904337,    1.53000000178494,    1.00388962436654,
  178,     6.03313763642993,    1.58398716409337,    0.96591691240054,    1.52999999082316,    1.00250416519699,
  179,     6.07229919393590,    1.59147272510565,    0.96137369277370,    1.53000001068345,    1.00129264587180,
  180,     6.09151137258053,    1.59521403107067,    0.95911891627035,    1.52999995269976,    1.00068497735982,
  181,     6.11074660120069,    1.59900231717100,    0.95684660989860,    1.52999994640507,    1.00006821727657,
  182,     6.15009842113626,    1.60687543959529,    0.95215843003939,    1.52999999583391,    0.99878177182697,
  183,     6.19699427682572,    1.61645317599696,    0.94651674642131,    1.53000000088704,    0.99720827357861,
  184,     6.23652369173167,    1.62467259083389,    0.94172822814568,    1.53000004028285,    0.99585047637076,
  185,     6.25590520342036,    1.62874661524866,    0.93937269486878,    1.53000009722454,    0.99517493574001,
  186,     6.27530279265888,    1.63285074818759,    0.93701159106496,    1.53000007753086,    0.99449266360748,
  187,     6.31496507044609,    1.64131943804504,    0.93217686525250,    1.53000000863482,    0.99307939354648,
  188,     6.36219463738785,    1.65152487324053,    0.92641656274180,    1.52999999635008,    0.99136660028507,
  189,     6.40197670763653,    1.66021012468776,    0.92157006415054,    1.52999995111187,    0.98990057023635,
  190,     6.42147311249807,    1.66449308452058,    0.91919873517822,    1.52999993800421,    0.98917479499407,
  191,     6.44098005758708,    1.66879431855155,    0.91682956082455,    1.52999996218412,    0.98844405861481,
  192,     6.48084928275706,    1.67763075614698,    0.91200046925296,    1.53000003683924,    0.98693692083466,
  193,     6.52829816408625,    1.68821701223646,    0.90628156809577,    1.52999996113561,    0.98512080786346,
  194,     6.56824407921191,    1.69717981007754,    0.90149550062767,    1.52999996254102,    0.98357428763704,
  195,     6.58781433739413,    1.70158552566369,    0.89916138319863,    1.52999999488652,    0.98281110098980,
  196,     6.60739117877104,    1.70600139483428,    0.89683398355965,    1.53000002688755,    0.98204416933162,
  197,     6.64739155209363,    1.71504824654948,    0.89210320081719,    1.53000003030270,    0.98046670891005,
  198,     6.69497764288193,    1.72584685381561,    0.88652129786498,    1.52999999276081,    0.97857287128712,
  199,     6.73502468253812,    1.73495952943782,    0.88186495874367,    1.53000001384963,    0.97696547771805,
  200,     6.75464007695081,    1.73942987313785,    0.87959856195397,    1.53000001503183,    0.97617385141381,
  201,     6.77425934945088,    1.74390498111399,    0.87734137529911,    1.52999999452151,    0.97537933230476,
  202,     6.81433848283895,    1.75305722689703,    0.87276100274707,    1.52999998321966,    0.97374808286030,
  203,     6.86200553883487,    1.76395630957765,    0.86736842533577,    1.53000000659946,    0.97179435904458,
  204,     6.90211106131232,    1.77313470329189,    0.86287860472870,    1.52999999877254,    0.97013967635830,
  205,     6.92175215564427,    1.77763155263573,    0.86069578957036,    1.52999999276099,    0.96932584864926,
  206,     6.94139531953758,    1.78212970908863,    0.85852336590309,    1.52999999632266,    0.96850972587199,
  207,     6.98151798135838,    1.79131898446421,    0.85411924075693,    1.53000001096404,    0.96683606007013,
  208,     7.02922837187587,    1.80224612156218,    0.84894065098516,    1.52999999567448,    0.96483466025842,
  209,     7.06936398326479,    1.81143627917709,    0.84463362645189,    1.52999999356787,    0.96314198241022,
  210,     7.08901787606427,    1.81593532708655,    0.84254101763890,    1.52999999844992,    0.96231019456650,
  211,     7.10867265029959,    1.82043351071370,    0.84045915148041,    1.53000000374094,    0.96147650355054,
  212,     7.14881557548025,    1.82961660160870,    0.83624077450081,    1.53000000396880,    0.95976810664903,
  213,     7.19654456688246,    1.84052665698203,    0.83128380169253,    1.52999999653247,    0.95772725498158,
  214,     7.23669169725095,    1.84969527923699,    0.82716327216033,    1.52999999967319,    0.95600277817847,
  215,     7.25634998173080,    1.85418165670209,    0.82516186840044,    1.53000000019811,    0.95515583709966,
  216,     7.27600838397825,    1.85866589471286,    0.82317107433753,    1.53000000138532,    0.95430724977119,
  217,     7.31615651192424,    1.86781689949852,    0.81913810761733,    1.53000000043088,    0.95256917272741,
  218,     7.36388819856889,    1.87868327339832,    0.81440018167167,    1.52999999915911,    0.95049420451218,
  219,     7.40403499628597,    1.88781119780112,    0.81046240337020,    1.53000000047908,    0.94874189714065,
  220,     7.42369233813044,    1.89227651295732,    0.80854990782571,    1.53000000013240,    0.94788158702000,
  221,     7.44334932423854,    1.89673902426913,    0.80664760956483,    1.52999999989501,    0.94701978653635,
  222,     7.48349320257931,    1.90584383790352,    0.80279400103910,    1.52999999998628,    0.94525516830791,
  223,     7.53121771555858,    1.91665263732613,    0.79826671262758,    1.53000000004731,    0.94314932759861,
  224,     7.57135692589496,    1.92573038423686,    0.79450374398431,    1.53000000018052,    0.94137154057446,
  225,     7.59101009437773,    1.93017067277330,    0.79267601648290,    1.53000000002605,    0.94049889458702,
  226,     7.61066263280199,    1.93460791264951,    0.79085792503442,    1.52999999955317,    0.93962483994376,
  227,     7.65079665370471,    1.94366052130823,    0.78717450054842,    1.53000000009648,    0.93783541875077,
  228,     7.69850826750951,    1.95440657760023,    0.78284632159000,    1.53000000016564,    0.93570041128446,
  229,     7.73863579529211,    1.96343131686955,    0.77924803726853,    1.52999999998216,    0.93389829773891,
  230,     7.75828300701080,    1.96784565897932,    0.77750000003065,    1.52999999991673,    0.93301379203099,
  231,     7.77792945187795,    1.97225699737030,    0.77576096911844,    1.52999999963062,    0.93212790377149,
  232,     7.81805065726136,    1.98125696057405,    0.77223703467750,    1.53000000016786,    0.93031437283552,
  233,     7.86574650674872,    1.99194111976003,    0.76809499283233,    1.53000000010450,    0.92815074998047,
  234,     7.90586044166668,    2.00091461242056,    0.76465032062221,    1.52999999992504,    0.92632455918476,
  235,     7.92550091523203,    2.00530419341713,    0.76297651241830,    1.52999999983119,    0.92542824814995,
  236,     7.94514058074216,    2.00969101644832,    0.76131106088712,    1.52999999978759,    0.92453053797297,
  237,     7.98524785059920,    2.01864175343583,    0.75793537786367,    1.53000000016177,    0.92269279359455,
  238,     8.03292705833086,    2.02926903343041,    0.75396607095341,    1.53000000004295,    0.92050022061857,
  239,     8.07302701112538,    2.03819623140990,    0.75066373705511,    1.52999999992180,    0.91864950355182,
  240,     8.09266066360549,    2.04256370176648,    0.74905864551160,    1.52999999981636,    0.91774111422402,
  241,     8.11229353373938,    2.04692880006498,    0.74746126971437,    1.52999999991148,    0.91683127547939,
  242,     8.15238703199869,    2.05583642265254,    0.74422263525578,    1.53000000012129,    0.91496859032483,
  243,     8.20005011165619,    2.06641475856614,    0.74041283032257,    1.53000000001029,    0.91274603383329,
  244,     8.24013675970396,    2.07530285102599,    0.73724179541831,    1.52999999992715,    0.91086978664706,
  245,     8.25976399863895,    2.07965189039139,    0.73570005005863,    1.52999999986546,    0.90994878450476,
  246,     8.27939052814844,    2.08399904265251,    0.73416540443070,    1.52999999998218,    0.90902625525775,
  247,     8.31947132247770,    2.09287156075458,    0.73105298422052,    1.53000000007989,    0.90713739902318,
  248,     8.36711976908260,    2.10341095144090,    0.72738995627465,    1.52999999999623,    0.90488325725878,
  249,     8.40719454395048,    2.11226871659884,    0.72433965807180,    1.52999999993697,    0.90298002071723,
  250,     8.42681612425931,    2.11660373768234,    0.72285613631550,    1.52999999993201,    0.90204565521164,
  251,     8.44643710169908,    2.12093742802444,    0.72137913160266,    1.53000000001186,    0.90110966180195,
  252,     8.48650690171025,    2.12978421107374,    0.71838263805896,    1.53000000004747,    0.89919298433829,
  253,     8.53414290929981,    2.14029614173094,    0.71485434663018,    1.52999999999218,    0.89690517653811,
  254,     8.57420778140157,    2.14913350936354,    0.71191482208307,    1.52999999995131,    0.89497310380513,
  255,     8.59382470674715,    2.15345945857342,    0.71048470120637,    1.52999999998457,    0.89402443925805,
  256,     8.61344116006018,    2.15778468637248,    0.70906055163013,    1.53000000001831,    0.89307402576197,
  257,     8.65350213686458,    2.16661610202667,    0.70617032643397,    1.53000000002527,    0.89112751298457,
  258,     8.70112840396469,    2.17711315849912,    0.70276549200874,    1.52999999999133,    0.88880353889114,
  259,     8.74118573428258,    2.18594091920064,    0.69992742554314,    1.52999999996551,    0.88684044014346,
  260,     8.76079918919854,    2.19026314471199,    0.69854620149444,    1.53000000001182,    0.88587637589539,
  261,     8.78041232078086,    2.19458529910262,    0.69717044064946,    1.53000000001820,    0.88491042319812,
  262,     8.82046698300255,    2.20341247602157,    0.69437747887055,    1.53000000001177,    0.88293173286146,
  263,     8.86808657919942,    2.21390809366369,    0.69108559852605,    1.52999999999124,    0.88056871002823,
  264,     8.90813901780591,    2.22273771143601,    0.68834032558435,    1.52999999997849,    0.87857207972032,
  265,     8.92775032133092,    2.22706187882968,    0.68700381186637,    1.53000000001827,    0.87759136218481,
  266,     8.94736146373310,    2.23138665886938,    0.68567228988986,    1.53000000001666,    0.87660859922487,
  267,     8.98741257312068,    2.24022133733256,    0.68296822930223,    1.53000000000310,    0.87459508144372,
  268,     9.03502884860775,    2.25072964546937,    0.67977955640910,    1.52999999999399,    0.87218976559473,
  269,     9.07507926620032,    2.25957314394227,    0.67711904086428,    1.52999999998888,    0.87015679639165,
  270,     9.09468984071415,    2.26390518581389,    0.67582335585310,    1.53000000000999,    0.86915802486190,
  271,     9.11430042694844,    2.26823855340161,    0.67453222577548,    1.53000000001575,    0.86815703379357,
  272,     9.15435094206918,    2.27709299892999,    0.67190931627125,    1.52999999999709,    0.86610573967064,
  273,     9.20196746776249,    2.28762873415255,    0.66881481997296,    1.52999999999720,    0.86365453173666,
  274,     9.24201891075344,    2.29649863608821,    0.66623161710261,    1.52999999999498,    0.86158211786528,
  275,     9.26163026168286,    2.30084472630413,    0.66497316507727,    1.53000000000179,    0.86056374533779,
  276,     9.28124180598848,    2.30519288285079,    0.66371886335254,    1.53000000001409,    0.85954296182537,
  277,     9.32129484607396,    2.31407984577882,    0.66116992582807,    1.52999999999382,    0.85745064247906,
  278,     9.36891537573529,    2.32465831567195,    0.65816124016361,    1.52999999999930,    0.85494958478071,
  279,     9.40897103835711,    2.33356762167143,    0.65564845251847,    1.52999999999607,    0.85283431667479,
  280,     9.42858474175263,    2.33793416782033,    0.65442390169093,    1.53000000000152,    0.85179464653551,
  281,     9.44819882794564,    2.34230354852720,    0.65320312603220,    1.53000000001428,    0.85075235600030,
  282,     9.48825765138749,    2.35123625769762,    0.65072150660422,    1.52999999999146,    0.84861545354410,
  283,     9.53588609980551,    2.36187334224203,    0.64779087541995,    1.53000000000201,    0.84606021678193,
  284,     9.57594930867883,    2.37083553890632,    0.64534210614336,    1.52999999999732,    0.84389836827381,
  285,     9.59556700457145,    2.37522918847717,    0.64414836572940,    1.52999999999033,    0.84283554741089,
  286,     9.61518527997450,    2.37962646992387,    0.64295805217981,    1.53000000001778,    0.84176987777016,
  287,     9.65525327362727,    2.38861865234357,    0.64053757533986,    1.52999999998370,    0.83958450925802,
  288,     9.70289370669455,    2.39933083414962,    0.63767779676038,    1.53000000001977,    0.83697037138138,
  289,     9.74296791466746,    2.40835992472793,    0.63528710316493,    1.52999999995893,    0.83475788026382,
  290,     9.76259130473784,    2.41278758207054,    0.63412130081587,    1.53000000013496,    0.83366988904139,
  291,     9.78221547828313,    2.41721970050585,    0.63295860099427,    1.52999999992796,    0.83257880004507,
  292,     9.82229615487999,    2.42628562099481,    0.63059352405909,    1.53000000011700,    0.83034073518587,
  293,     9.86995278862092,    2.43709003663356,    0.62779789697574,    1.52999999973907,    0.82766255298359,
  294,     9.91004157563343,    2.44620059426738,    0.62545974528941,    1.53000000061729,    0.82539499466530,
  295,     9.92967242418587,    2.45066944553733,    0.62431920502881,    1.53000000002626,    0.82427963337118,
  296,     9.94930426770379,    2.45514361784304,    0.62318146606878,    1.52999999917684,    0.82316090455403,
  297,     9.98940126930816,    2.46429812222954,    0.62086643930614,    1.53000000053746,    0.82086554063881,
  298,     10.03707847556369,    2.47521264522524,    0.61812871023935,    1.52999999996122,    0.81811771143072,
  299,     10.07718555494185,    2.48441987220993,    0.61583793269405,    1.52999999804578,    0.81579026613523,
  300,     10.09682569231750,    2.48893741814796,    0.61472015832795,    1.53000000375228,    0.81464514254551,
  301,     10.11646704423991,    2.49346118971240,    0.61360489897895,    1.53000000142142,    0.81349635295569,
  302,     10.15658415121591,    2.50271982255570,    0.61133491057028,    1.52999999890455,    0.81113866558014,
  303,     10.20428647003782,    2.51376311839036,    0.60864923548406,    1.53000000019631,    0.80831509297353,
  304,     10.24441569898844,    2.52308290316144,    0.60640100266015,    1.53000000227177,    0.80592251893306,
  305,     10.26406702714095,    2.52765698876421,    0.60530364718200,    1.52999999412404,    0.80474501730579,
  306,     10.28371979827446,    2.53223824947063,    0.60420854927314,    1.52999999912662,    0.80356353601053,
  307,     10.32386094072510,    2.54161728131091,    0.60197890995981,    1.53000000053856,    0.80113806005811,
  308,     10.37159309442077,    2.55280894104240,    0.59933980048800,    1.53000000140834,    0.79823209282275,
  309,     10.41174848798784,    2.56225795884024,    0.59712957109923,    1.52999999600785,    0.79576866734405,
  310,     10.43141298750002,    2.56689685717658,    0.59605043821279,    1.52999999656714,    0.79455594482330,
  311,     10.45107916823266,    2.57154392445584,    0.59497331157222,    1.53000000458692,    0.79333889014864,
  312,     10.49124844205220,    2.58106041479609,    0.59277961513474,    1.52999999932233,    0.79083966692619,
  313,     10.53901535495375,    2.59242104925381,    0.59018190732764,    1.52999999944493,    0.78784404881593,
  314,     10.57920110299945,    2.60201691349089,    0.58800540114954,    1.52999999901510,    0.78530352270595,
  315,     10.59888084151415,    2.60672926271092,    0.58694242959469,    1.53000000675113,    0.78405248372474,
  316,     10.61856251014838,    2.61145086307886,    0.58588121324575,    1.52999999999230,    0.78279671396416,
  317,     10.65876419436300,    2.62112287939493,    0.58371929485637,    1.52999999889232,    0.78021722636242,
  318,     10.70657101489738,    2.63267421970559,    0.58115812016663,    1.53000000053525,    0.77712403644259,
  319,     10.74679150011328,    2.64243546687204,    0.57901130320505,    1.53000000330881,    0.77449959079591,
  320,     10.76648864190039,    2.64723043713809,    0.57796252169942,    1.52999997896778,    0.77320682725381,
  321,     10.78618797508420,    2.65203584892397,    0.57691527994662,    1.53000000421045,    0.77190892141329,
  322,     10.82642655119884,    2.66188241329748,    0.57478121233501,    1.53000000060838,    0.76924205701294,
  323,     10.87427867515798,    2.67364745730409,    0.57225196024960,    1.52999999845862,    0.76604262992348,
  324,     10.91453849432259,    2.68359371685749,    0.57013101140964,    1.53000000000452,    0.76332680459524,
  325,     10.93425530939845,    2.68848109876432,    0.56909457598367,    1.53000001094140,    0.76198861366064,
  326,     10.95397458976281,    2.69337999469055,    0.56805946445578,    1.52999999735983,    0.76064481743674,
  327,     10.99425476340751,    2.70342131694464,    0.56594952099351,    1.52999999936846,    0.75788278885503,
  328,     11.04215785885375,    2.71542442421625,    0.56344783111264,    1.53000000237495,    0.75456765316718,
  329,     11.08246184294009,    2.72557648291259,    0.56134913165789,    1.52999999195014,    0.75175228866089,
  330,     11.10220071859465,    2.73056654164294,    0.56032328320674,    1.53000000962784,    0.75036460622493,
  331,     11.12194234820452,    2.73556935648617,    0.55929856144073,    1.53000000580406,    0.74897081996487,
  332,     11.16226906896716,    2.74582679255498,    0.55720921649857,    1.52999999572035,    0.74610511347241,
  333,     11.21022910119482,    2.75809379295660,    0.55473095466800,    1.53000000283070,    0.74266390372927,
  334,     11.25058233644266,    2.76847373569665,    0.55265107993297,    1.52999999979883,    0.73974007692127,
  335,     11.27034578661806,    2.77357735698507,    0.55163415148811,    1.52999999190710,    0.73829845682302,
  336,     11.29011229482261,    2.77869506873454,    0.55061817233166,    1.53000000021360,    0.73685019648746,
  337,     11.33049077702543,    2.78919132657262,    0.54854609185870,    1.53000000163758,    0.73387150326593,
  338,     11.37851403146995,    2.80174958178137,    0.54608734808692,    1.52999999911864,    0.73029288546442,
  339,     11.41892187849580,    2.81238077682311,    0.54402306149857,    1.53000000030702,    0.72725084133225,
  340,     11.43871255263700,    2.81760953215026,    0.54301349473927,    1.52999999886358,    0.72575044097424,
  341,     11.45850660529907,    2.82285377784688,    0.54200469437154,    1.52999999911746,    0.72424279704057,
  342,     11.49894234515312,    2.83361285313712,    0.53994673382774,    1.53000000498369,    0.72114094701179,
  343,     11.54703544678115,    2.84649131547860,    0.53750383605426,    1.53000000136489,    0.71741255554442,
  344,     11.58750355485014,    2.85739844988782,    0.53545209907773,    1.52999999789388,    0.71424165236010,
  345,     11.60732424496097,    2.86276454842827,    0.53444842365515,    1.53000000020333,    0.71267718039827,
  346,     11.62714865109448,    2.86814761025413,    0.53344534831955,    1.53000000098390,    0.71110481307611,
  347,     11.66764743831050,    2.87919479328379,    0.53139857149707,    1.53000000021280,    0.70786872996728,
  348,     11.71581736332618,    2.89242394231869,    0.52896810086537,    1.52999999966585,    0.70397710873244,
  349,     11.75635167796916,    2.90363296777207,    0.52692610160555,    1.53000000020149,    0.70066578634533,
  350,     11.77620532114229,    2.90914921204821,    0.52592695955680,    1.52999999998956,    0.69903149847788,
  351,     11.79606303480599,    2.91468395949108,    0.52492826709044,    1.52999999997195,    0.69738861132016,
  352,     11.83663095475560,    2.92604574158931,    0.52288998023861,    1.52999999999690,    0.69400629236651,
  353,     11.88488502853015,    2.93965738142591,    0.52046881710245,    1.52999999999723,    0.68993688164303,
  354,     11.92549178618247,    2.95119529766394,    0.51843400578135,    1.53000000001100,    0.68647265306988,
  355,     11.94538146058439,    2.95687498622209,    0.51743817616708,    1.53000000002482,    0.68476235749503,
  356,     11.96527557578120,    2.96257476340909,    0.51644266294239,    1.52999999998093,    0.68304270688155,
  357,     12.00591899555716,    2.97427852198292,    0.51441046582944,    1.52999999999972,    0.67950124424105,
  358,     12.05426486960228,    2.98830538990746,    0.51199586399877,    1.52999999999785,    0.67523843192977,
  359,     12.09495057153697,    3.00019984921833,    0.50996602790450,    1.53000000002556,    0.67160795123065,
  360,     12.11487948127724,    3.00605654716816,    0.50897246144153,    1.53000000004462,    0.66981504452419,
  361,     12.13481321519545,    3.01193492869904,    0.50797910186747,    1.52999999996381,    0.66801198383044,
  362,     12.17553874381162,    3.02400839224994,    0.50595097682444,    1.52999999998416,    0.66429767493348,
  363,     12.22398433759565,    3.03848339918542,    0.50354068099470,    1.53000000001692,    0.65982496281754,
  364,     12.26475569089835,    3.05076196396697,    0.50151405390184,    1.53000000003863,    0.65601419866900,
  365,     12.28472713339828,    3.05680910455462,    0.50052193243019,    1.53000000008189,    0.65413176538758,
  366,     12.30470379113052,    3.06287947023503,    0.49952994063373,    1.52999999993478,    0.65223835309464,
  367,     12.34551819864875,    3.07534975640741,    0.49750438849015,    1.52999999995479,    0.64833695284291,
  368,     12.39407158649809,    3.09030467070916,    0.49509681506611,    1.53000000005202,    0.64363731801433,
  369,     12.43493539291693,    3.10299354274414,    0.49307224748723,    1.53000000005923,    0.63963191706675,
  370,     12.45495269860775,    3.10924374446236,    0.49208107368692,    1.53000000012936,    0.63765292947845,
  371,     12.47497560870150,    3.11551855364099,    0.49108999787691,    1.52999999989304,    0.63566214464478,
  372,     12.51588568076428,    3.12841054415850,    0.48906624571994,    1.52999999990228,    0.63155935815130,
  373,     12.56455489226139,    3.14387378276719,    0.48666075861657,    1.53000000011624,    0.62661594162411,
  374,     12.60551785516681,    3.15699568287214,    0.48463797666593,    1.53000000009023,    0.62240190613188,
  375,     12.62558428374219,    3.16345961462710,    0.48364771060562,    1.53000000020773,    0.62031959255385,
  376,     12.64565668793990,    3.16994920280911,    0.48265757649044,    1.52999999982564,    0.61822472916114,
  377,     12.68666897885212,    3.18328285670844,    0.48063589340860,    1.52999999980635,    0.61390710474483,
  378,     12.73546166341451,    3.19927584743197,    0.47823322314149,    1.53000000023611,    0.60870444381656,
  379,     12.77653006615765,    3.21284653481409,    0.47621322199763,    1.53000000012772,    0.60426933154831,
  380,     12.79664863458258,    3.21953105649196,    0.47522448875282,    1.53000000034521,    0.60207782448659,
  381,     12.81677350559110,    3.22624166596507,    0.47423601767335,    1.52999999971911,    0.59987318271649,
  382,     12.85789393196369,    3.24002762915325,    0.47221819526182,    1.52999999963717,    0.59532966897036,
  383,     12.90681680984095,    3.25655887749255,    0.46982107740258,    1.53000000044849,    0.58985583136583,
  384,     12.94799599173363,    3.27058148152854,    0.46780672147278,    1.53000000018344,    0.58519082140451,
  385,     12.96816919480076,    3.27748661851825,    0.46682112810147,    1.53000000059415,    0.58288626948743,
  386,     12.98834894069762,    3.28441719553571,    0.46583607028160,    1.52999999953366,    0.58056833912782,
  387,     13.02958212380168,    3.29864966543635,    0.46382615752664,    1.52999999934589,    0.57579294245108,
  388,     13.07864010013563,    3.31570511978730,    0.46144031074559,    1.53000000081538,    0.57004315442340,
  389,     13.11993361286991,    3.33016094139556,    0.45943725459548,    1.53000000027589,    0.56514654693896,
  390,     13.14016297397996,    3.33727497655909,    0.45845787708961,    1.53000000101756,    0.56272899469926,
  391,     13.16039896343102,    3.34441197690369,    0.45747952398844,    1.52999999921513,    0.56029845311068,
  392,     13.20174717411110,    3.35905713383078,    0.45548495839726,    1.52999999885695,    0.55529471576359,
  393,     13.25094191966812,    3.37658457229682,    0.45312059232270,    1.53000000142682,    0.54927745935848,
  394,     13.29235017757270,    3.39141818589613,    0.45113870262877,    1.53000000045679,    0.54416054232078,
  395,     13.31263553050315,    3.39870971390443,    0.45017083846926,    1.53000000162198,    0.54163707596409,
  396,     13.33292733400344,    3.40601869668005,    0.44920481504911,    1.52999999869598,    0.53910212786423,
  397,     13.37438880762024,    3.42099599359067,    0.44723817301497,    1.52999999806504,    0.53389060000041,
  398,     13.42371649416889,    3.43887980170528,    0.44491232338165,    1.53000000240691,    0.52763775883978,
  399,     13.46523462247371,    3.45397502525381,    0.44296788181851,    1.53000000079072,    0.52233454055159,
  400,     13.48557296712996,    3.46138015349078,    0.44202021574316,    1.53000000221508,    0.51972449475739,
  401,     13.50591714874709,    3.46879225415572,    0.44107570758448,    1.52999999796530,    0.51710639114588,
  402,     13.54748340396931,    3.48394436578614,    0.43915741362169,    1.52999999688051,    0.51173694331965,
  403,     13.59693110574103,    3.50196516760429,    0.43689755054885,    1.53000000383371,    0.50532044205842,
  404,     13.63854552710254,    3.51710677437575,    0.43501664848147,    1.53000000134042,    0.49990352248788,
  405,     13.65892921677381,    3.52450880560973,    0.43410304422154,    1.53000000190081,    0.49724693328623,
  406,     13.67931742201747,    3.53189932543614,    0.43319467977680,    1.52999999728620,    0.49458890113657,
  407,     13.72096902561976,    3.54694482965023,    0.43135714508948,    1.52999999550783,    0.48916052786147,
  408,     13.77050905436321,    3.56471651478169,    0.42920664210025,    1.53000000534877,    0.48271882091506,
  409,     13.81219213834730,    3.57953121140965,    0.42743027276300,    1.53000000205649,    0.47732433713465,
  410,     13.83260604836865,    3.58672963082733,    0.42657243640948,    1.52999999736410,    0.47469509068232,
  411,     13.85302202581886,    3.59388560254971,    0.42572306611076,    1.52999999796878,    0.47207611526908,
  412,     13.89472202795764,    3.60834826702919,    0.42401671964044,    1.52999999550600,    0.46676707165956,
  413,     13.94430322882336,    3.62522618880296,    0.42204263265800,    1.53000000470311,    0.46054445366389,
  414,     13.98600516155233,    3.63909929440132,    0.42043370588465,    1.53000000242738,    0.45540792632278,
  415,     14.00642242610147,    3.64576716915886,    0.41966475281555,    1.52999997786810,    0.45293214886509,
  416,     14.02683757436031,    3.65234375854634,    0.41890909126413,    1.53000000487688,    0.45048584762541,
  417,     14.06852181606493,    3.66546121614948,    0.41740995543401,    1.53000000287805,    0.44559332802516,
  418,     14.11805700616702,    3.68043251013392,    0.41571200921622,    1.52999999357246,    0.43998795687367,
  419,     14.15969439610966,    3.69241898933762,    0.41436250983909,    1.52999999979946,    0.43548364572053,
  420,     14.18007057966027,    3.69806216156000,    0.41373017896203,    1.52999991991492,    0.43335794853226,
  421,     14.20043797660106,    3.70354474737437,    0.41311773878341,    1.53000003151846,    0.43128970953991,
  422,     14.24200254898484,    3.71420426736087,    0.41193211864395,    1.53000003293037,    0.42725959300794,
  423,     14.29135333473677,    3.72584765815429,    0.41064479596594,    1.52999995138296,    0.42284437778021,
  424,     14.33279669563198,    3.73468602844220,    0.40967298729887,    1.52999998189526,    0.41948354295432,
  425,     14.35306393635235,    3.73867207131859,    0.40923617745297,    1.52999986721658,    0.41796522066579,
  426,     14.37331278090111,    3.74242342890678,    0.40882602121643,    1.53000008014711,    0.41653493308166,
  427,     14.41460407144648,    3.74932900059902,    0.40807304213391,    1.53000009123532,    0.41389796545286,
  428,     14.46357285730720,    3.75617499480255,    0.40732923289875,    1.52999987926640,    0.41127917200529,
  429,     14.50464491582750,    3.76077056363597,    0.40683149679265,    1.52999991749776,    0.40951839757190,
  430,     14.52471339790682,    3.76263916072810,    0.40662961978356,    1.53000053130962,    0.40880207532563,
  431,     14.54475234151327,    3.76426455446668,    0.40645387357686,    1.52999990933106,    0.40817821600904,
  432,     14.58558090089833,    3.76687206404562,    0.40617253461809,    1.52999997383548,    0.40717763067543,
  433,     14.63394281576717,    3.76886779397520,    0.40595750422837,    1.53000016340886,    0.40641088718321,
  434,     14.67446147475104,    3.76980530533616,    0.40585650713088,    1.53000001378720,    0.40605063504625,
  435,     14.69424658522378,    3.77008013388925,    0.40582691490245,    1.52999998967130,    0.40594503054478,
  436,     14.71399513307051,    3.77026515866852,    0.40580696303578,    1.52999985387887,    0.40587415147039,
  437,     14.75421282210443,    3.77044864681105,    0.40578718820235,    1.52999975465080,    0.40580324528058,
  438,     14.80182729954227,    3.77050224939253,    0.40578149872971,    1.53000005372224,    0.40578299176517,
  439,     14.84170903925832,    3.77050835439516,    0.40578094401987,    1.53000043948128,    0.40578092820724,
  440,     14.86118180007501,    3.77050642913867,    0.40578143348671,    1.53000150378674,    0.40578143985380,
  441,     14.88061858275010,    3.77050605816886,    0.40578087862343,    1.52999926113872,    0.40578087985782,
  442,     14.92020333875174,    3.77050786320492,    0.40578092311940,    1.53000016136024,    0.40578092244046,
  443,     14.96707510100842,    3.77050691512469,    0.40578096962379,    1.52999995199249,    0.40578097000629,
  444,     15.00634232168795,    3.77050736764724,    0.40578079759148,    1.52999948696843,    0.40578079743881,
  445,     15.02551797390174,    3.77050689858837,    0.40578088371808,    1.52999962137430,    0.40578088371808,
  446,     15.04466028338561,    3.77050649398873,    0.40578100593281,    1.52999991800692,    0.40578100593281,
  447,     15.08365237502892,    3.77050839914972,    0.40578102831630,    1.53000077548224,    0.40578102831630,
  448,     15.12983620317447,    3.77050636745127,    0.40578092959055,    1.52999957881145,    0.40578092959055,
  449,     15.16854027219000,    3.77050817699109,    0.40578092940729,    1.53000031239723,    0.40578092940729,
  450,     15.18744577978978,    3.77050777656406,    0.40578087990925,    1.52999996327882,    0.40578087990925,
  451,     15.20632186305818,    3.77050687679327,    0.40578097487728,    1.52999995624667,    0.40578097487728,
  452,     15.24478316343278,    3.77050698839223,    0.40578087888753,    1.52999963960136,    0.40578087888753,
  453,     15.29036037399050,    3.77050693127741,    0.40578094223168,    1.52999985526483,    0.40578094223168,
  454,     15.32857675391388,    3.77050839260904,    0.40578108384139,    1.53000098218593,    0.40578108384139,
  455,     15.34725157938812,    3.77050758558918,    0.40578093560735,    1.53000009579499,    0.40578093560735,
  456,     15.36590261599558,    3.77050655211282,    0.40578093320908,    1.52999966738730,    0.40578093320908,
  457,     15.40392277196711,    3.77050750546156,    0.40578091349346,    1.52999997990013,    0.40578091349346,
  458,     15.44901006325477,    3.77050711405340,    0.40578097555018,    1.53000005505950,    0.40578097555018,
  459,     15.48684579696499,    3.77050755763124,    0.40578088725477,    1.52999990213641,    0.40578088725477,
  460,     15.50534536134607,    3.77050691611327,    0.40578075035195,    1.52999912562764,    0.40578075035195,
  461,     15.52382874004506,    3.77050601193166,    0.40578095472704,    1.52999952932566,    0.40578095472704,
  462,     15.56153099948278,    3.77050835577053,    0.40578098491932,    1.53000059425109,    0.40578098491932,
  463,     15.60628501339539,    3.77050676164213,    0.40578101116533,    1.53000004634488,    0.40578101116533,
  464,     15.64387940670852,    3.77050763177611,    0.40578091063028,    1.53000002036052,    0.40578091063028,
  465,     15.66227402434457,    3.77050737932013,    0.40578056536588,    1.52999861609674,    0.40578056536588,
  466,     15.68066117711735,    3.77050722296704,    0.40578106423122,    1.53000043362706,    0.40578106423122,
  467,     15.71819375270241,    3.77050705809185,    0.40578094532011,    1.52999991836865,    0.40578094532011,
  468,     15.76279143235462,    3.77050703404294,    0.40578081419987,    1.52999941422029,    0.40578081419987,
  469,     15.80028969677879,    3.77050751615844,    0.40578115278746,    1.53000088650054,    0.40578115278746,
  470,     15.81864787447635,    3.77050766360936,    0.40578092917333,    1.53000010319457,    0.40578092917333,
  471,     15.83700489127247,    3.77050765058838,    0.40578094285806,    1.53000014950928,    0.40578094285806,
  472,     15.87449293802951,    3.77050695356131,    0.40578091207593,    1.52999975060475,    0.40578091207593,
  473,     15.91906084248197,    3.77050749410801,    0.40578099016855,    1.53000026439710,    0.40578099016855,
  474,     15.95654711579759,    3.77050716676835,    0.40578095436173,    1.52999999655901,    0.40578095436173,
  475,     15.97490217721125,    3.77050684460835,    0.40578066441697,    1.52999877259392,    0.40578066441697,
  476,     15.99325723721609,    3.77050661936593,    0.40578084948974,    1.52999937901300,    0.40578084948974,
  477,     16.03074347081628,    3.77050768023269,    0.40578104309186,    1.53000053947070,    0.40578104309186,
  478,     16.07531088576351,    3.77050741332806,    0.40578096611595,    1.53000014092760,    0.40578096611595,
  479,     16.11279712487504,    3.77050711271555,    0.40578088504859,    1.52999971327973,    0.40578088504859,
  480,     16.13115217734456,    3.77050722554737,    0.40578100853095,    1.53000022465584,    0.40578100853095,
  481,     16.14950722864437,    3.77050725227469,    0.40578098595354,    1.53000015037300,    0.40578098595354,
  482,     16.18699346303885,    3.77050728168663,    0.40578090812621,    1.52999986885929,    0.40578090812621,
  483,     16.23156089365691,    3.77050690246986,    0.40578090181089,    1.52999969116840,    0.40578090181089,
  484,     16.26904712853188,    3.77050743353420,    0.40578098773771,    1.53000023065188,    0.40578098773771,
  485,     16.28740217933663,    3.77050771602642,    0.40578097292539,    1.53000028943191,    0.40578097292539,
  486,     16.30575722973558,    3.77050770893491,    0.40578101152632,    1.53000043209940,    0.40578101152632,
  487,     16.34324346207033,    3.77050699221051,    0.40578092486686,    1.52999981451615,    0.40578092486686,
  488,     16.38781089075671,    3.77050728570744,    0.40578092447284,    1.52999993212592,    0.40578092447284,
  489,     16.42529712399095,    3.77050737159782,    0.40578098421315,    1.53000019222990,    0.40578098421315,
  490,     16.44365217637877,    3.77050714628013,    0.40578093268197,    1.52999990650157,    0.40578093268197,
  491,     16.46200723029798,    3.77050700854270,    0.40578089731906,    1.52999971727425,    0.40578089731906,
  492,     16.49949346808952,    3.77050732841761,    0.40578094984486,    1.53000004512229,    0.40578094984486,
  493,     16.54406088921482,    3.77050736578234,    0.40578097557268,    1.53000015729114,    0.40578097557268,
  494,     16.58154712401056,    3.77050718668156,    0.40578092279936,    1.52999988563328,    0.40578092279936,
  495,     16.59990217753469,    3.77050719837448,    0.40578093807052,    1.52999994795805,    0.40578093807052,
  496,     16.61825723076252,    3.77050724659409,    0.40578094337715,    1.52999998753333,    0.40578094337715,
  497,     16.65574346549779,    3.77050727090556,    0.40578094813176,    1.53000001532576,    0.40578094813176,
  498,     16.70031088991376,    3.77050725522462,    0.40578094413857,    1.52999999390638,    0.40578094413857,
  499,     16.73779712490549,    3.77050726007871,    0.40578094599897,    1.53000000289073,    0.40578094599897,
  500,     16.75615217771028,    3.77050726040213,    0.40578094516077,    1.52999999986153,    0.40578094516077,
  501,     16.77450723052027,    3.77050725883629,    0.40578094533774,    1.52999999989340,    0.40578094533774,
  502,     16.81199346548554,    3.77050725886631,    0.40578094527904,    1.52999999968426,    0.40578094527904,
  503,     16.85656088993430,    3.77050725913008,    0.40578094538906,    1.53000000020612,    0.40578094538906,
  504,     16.89404712489112,    3.77050725896849,    0.40578094530921,    1.52999999983948,    0.40578094530921,
  505,     16.91240217770955,    3.77050725900786,    0.40578094536918,    1.53000000008157,    0.40578094536918,
  506,     16.93075723052750,    3.77050725905616,    0.40578094534761,    1.53000000001982,    0.40578094534761,
  507,     16.96824346548426,    3.77050725902841,    0.40578094534561,    1.53000000000104,    0.40578094534561,
  508,     17.01281088993442,    3.77050725903130,    0.40578094534435,    1.52999999999747,    0.40578094534435,
  509,     17.05029712489134,    3.77050725903187,    0.40578094534580,    1.53000000000314,    0.40578094534580,
  510,     17.06865217770935,    3.77050725903054,    0.40578094534419,    1.52999999999655,    0.40578094534419,
  511,     17.08700723052736,    3.77050725903011,    0.40578094534515,    1.53000000000000,    0.40578094534515,
  512,     17.12449346548429,    3.77050725903087,    0.40578094534510,    1.53000000000011,    0.40578094534510,
  513,     17.16906088993439,    3.77050725903182,    0.40578094534484,    1.52999999999950,    0.40578094534484,
  514,     17.20654712489134,    3.77050725903081,    0.40578094534526,    1.53000000000069,    0.40578094534526,
  515,     17.22490217770932,    3.77050725903317,    0.40578094534490,    1.53000000000030,    0.40578094534490,
  516,     17.24325723052736,    3.77050725903100,    0.40578094534480,    1.52999999999903,    0.40578094534480,
  517,     17.28074346548429,    3.77050725903127,    0.40578094534523,    1.53000000000076,    0.40578094534523,
  518,     17.32531088993440,    3.77050725903059,    0.40578094534463,    1.52999999999824,    0.40578094534463,
  519,     17.36279712489137,    3.77050725903293,    0.40578094534509,    1.53000000000090,    0.40578094534509,
  520,     17.38115217770936,    3.77050725902801,    0.40578094534576,    1.53000000000146,    0.40578094534576,
  521,     17.39950723052736,    3.77050725903131,    0.40578094534510,    1.53000000000029,    0.40578094534510,
  522,     17.43699346548429,    3.77050725903176,    0.40578094534531,    1.53000000000125,    0.40578094534531,
  523,     17.48156088993438,    3.77050725903043,    0.40578094534476,    1.52999999999865,    0.40578094534476,
  524,     17.51904712489135,    3.77050725903127,    0.40578094534504,    1.53000000000004,    0.40578094534504,
  525,     17.53740217770933,    3.77050725903124,    0.40578094534498,    1.52999999999979,    0.40578094534498,
  526,     17.55575723052737,    3.77050725903231,    0.40578094534518,    1.53000000000100,    0.40578094534518,
  527,     17.59324346548427,    3.77050725903010,    0.40578094534519,    1.53000000000013,    0.40578094534519,
  528,     17.63781088993441,    3.77050725903152,    0.40578094534456,    1.52999999999835,    0.40578094534456,
  529,     17.67529712489136,    3.77050725903220,    0.40578094534531,    1.53000000000144,    0.40578094534531,
  530,     17.69365217770935,    3.77050725902996,    0.40578094534528,    1.53000000000042,    0.40578094534528,
  531,     17.71200723052735,    3.77050725903047,    0.40578094534531,    1.53000000000074,    0.40578094534531,
  532,     17.74949346548429,    3.77050725903204,    0.40578094534488,    1.52999999999974,    0.40578094534488,
  533,     17.79406088993440,    3.77050725903028,    0.40578094534511,    1.52999999999990,    0.40578094534511,
  534,     17.83154712489133,    3.77050725903111,    0.40578094534480,    1.52999999999908,    0.40578094534480,
  535,     17.84990217770938,    3.77050725903267,    0.40578094534430,    1.52999999999783,    0.40578094534430,
  536,     17.86825723052737,    3.77050725903136,    0.40578094534527,    1.53000000000095,    0.40578094534527,
  537,     17.90574346548429,    3.77050725903169,    0.40578094534517,    1.53000000000069,    0.40578094534517,
  538,     17.95031088993439,    3.77050725903012,    0.40578094534494,    1.52999999999918,    0.40578094534494,
  539,     17.98779712489134,    3.77050725903203,    0.40578094534511,    1.53000000000062,    0.40578094534511,
  540,     18.00615217770934,    3.77050725903492,    0.40578094534515,    1.53000000000194,    0.40578094534515,
  541,     18.02450723052734,    3.77050725902922,    0.40578094534507,    1.52999999999933,    0.40578094534507,
  542,     18.06199346548429,    3.77050725903177,    0.40578094534486,    1.52999999999957,    0.40578094534486,
  543,     18.10656088993440,    3.77050725903031,    0.40578094534517,    1.53000000000016,    0.40578094534517,
  544,     18.14404712489133,    3.77050725903256,    0.40578094534498,    1.53000000000035,    0.40578094534498,
  545,     18.16240217770936,    3.77050725903058,    0.40578094534428,    1.52999999999689,    0.40578094534428,
  546,     18.18075723052737,    3.77050725903301,    0.40578094534523,    1.53000000000147,    0.40578094534523,
  547,     18.21824346548430,    3.77050725903008,    0.40578094534509,    1.52999999999975,    0.40578094534509,
  548,     18.26281088993440,    3.77050725903047,    0.40578094534490,    1.52999999999921,    0.40578094534490,
  549,     18.30029712489135,    3.77050725903005,    0.40578094534493,    1.52999999999913,    0.40578094534493,
  550,     18.31865217770937,    3.77050725903314,    0.40578094534552,    1.53000000000261,    0.40578094534552,
  551,     18.33700723052735,    3.77050725903332,    0.40578094534537,    1.53000000000211,    0.40578094534537,
  552,     18.37449346548429,    3.77050725903053,    0.40578094534497,    1.52999999999950,    0.40578094534497,
  553,     18.41906088993439,    3.77050725903015,    0.40578094534509,    1.52999999999978,    0.40578094534509,
  554,     18.45654712489133,    3.77050725903279,    0.40578094534485,    1.52999999999995,    0.40578094534485,
  555,     18.47490217770935,    3.77050725903356,    0.40578094534476,    1.52999999999992,    0.40578094534476,
  556,     18.49325723052737,    3.77050725902942,    0.40578094534491,    1.52999999999880,    0.40578094534491,
  557,     18.53074346548430,    3.77050725903175,    0.40578094534526,    1.53000000000109,    0.40578094534526,
  558,     18.57531088993438,    3.77050725903106,    0.40578094534501,    1.52999999999986,    0.40578094534501,
  559,     18.61279712489133,    3.77050725903145,    0.40578094534496,    1.52999999999982,    0.40578094534496,
  560,     18.63115217770933,    3.77050725902954,    0.40578094534531,    1.53000000000035,    0.40578094534531,
  561,     18.64950723052735,    3.77050725903289,    0.40578094534472,    1.52999999999950,    0.40578094534472,
  562,     18.68699346548430,    3.77050725903063,    0.40578094534517,    1.53000000000029,    0.40578094534517,
  563,     18.73156088993438,    3.77050725903023,    0.40578094534512,    1.52999999999991,    0.40578094534512,
  564,     18.76904712489133,    3.77050725903179,    0.40578094534486,    1.52999999999957,    0.40578094534486,
  565,     18.78740217770934,    3.77050725903163,    0.40578094534504,    1.53000000000018,    0.40578094534504,
  566,     18.80575723052735,    3.77050725903180,    0.40578094534525,    1.53000000000107,    0.40578094534525,
  567,     18.84324346548428,    3.77050725903054,    0.40578094534500,    1.52999999999961,    0.40578094534500,
  568,     18.88781088993440,    3.77050725903112,    0.40578094534493,    1.52999999999956,    0.40578094534493,
  569,     18.92529712489134,    3.77050725903166,    0.40578094534516,    1.53000000000065,    0.40578094534516,
  570,     18.94365217770935,    3.77050725903138,    0.40578094534484,    1.52999999999933,    0.40578094534484,
  571,     18.96200723052736,    3.77050725903139,    0.40578094534502,    1.53000000000001,    0.40578094534502,
  572,     18.99949346548430,    3.77050725903088,    0.40578094534509,    1.53000000000007,    0.40578094534509,
  573,     19.04406088993439,    3.77050725903100,    0.40578094534502,    1.52999999999986,    0.40578094534502,
  574,     19.08154712489134,    3.77050725903089,    0.40578094534510,    1.53000000000012,    0.40578094534510,
  575,     19.09990217770934,    3.77050725902621,    0.40578094534542,    1.52999999999942,    0.40578094534542,
  576,     19.11825723052735,    3.77050725903506,    0.40578094534481,    1.53000000000073,    0.40578094534481,
  577,     19.15574346548431,    3.77050725903056,    0.40578094534501,    1.52999999999964,    0.40578094534501,
  578,     19.20031088993440,    3.77050725903111,    0.40578094534514,    1.53000000000038,    0.40578094534514,
  579,     19.23779712489135,    3.77050725903175,    0.40578094534478,    1.52999999999926,    0.40578094534478,
  580,     19.25615217770937,    3.77050725902722,    0.40578094534493,    1.52999999999797,    0.40578094534493,
  581,     19.27450723052737,    3.77050725903251,    0.40578094534511,    1.53000000000081,    0.40578094534511,
  582,     19.31199346548431,    3.77050725903020,    0.40578094534500,    1.52999999999946,    0.40578094534500,
  583,     19.35656088993442,    3.77050725903143,    0.40578094534494,    1.52999999999973,    0.40578094534494,
  584,     19.39404712489136,    3.77050725903063,    0.40578094534519,    1.53000000000036,    0.40578094534519,
  585,     19.41240217770936,    3.77050725903411,    0.40578094534577,    1.53000000000396,    0.40578094534577,
  586,     19.43075723052736,    3.77050725903189,    0.40578094534505,    1.53000000000034,    0.40578094534505,
  587,     19.46824346548430,    3.77050725903106,    0.40578094534519,    1.53000000000053,    0.40578094534519,
  588,     19.51281088993438,    3.77050725903187,    0.40578094534492,    1.52999999999984,    0.40578094534492,
  589,     19.55029712489134,    3.77050725902985,    0.40578094534516,    1.52999999999991,    0.40578094534516,
  590,     19.56865217770931,    3.77050725903043,    0.40578094534499,    1.52999999999953,    0.40578094534499,
  591,     19.58700723052737,    3.77050725903193,    0.40578094534475,    1.52999999999920,    0.40578094534475,
  592,     19.62449346548430,    3.77050725903035,    0.40578094534530,    1.53000000000065,    0.40578094534530,
  593,     19.66906088993441,    3.77050725903129,    0.40578094534473,    1.52999999999887,    0.40578094534473,
  594,     19.70654712489136,    3.77050725902998,    0.40578094534508,    1.52999999999967,    0.40578094534508,
  595,     19.72490217770937,    3.77050725903481,    0.40578094534531,    1.53000000000249,    0.40578094534531,
  596,     19.74325723052737,    3.77050725903182,    0.40578094534507,    1.53000000000038,    0.40578094534507,
  597,     19.78074346548431,    3.77050725903127,    0.40578094534498,    1.52999999999980,    0.40578094534498,
  598,     19.82531088993441,    3.77050725903068,    0.40578094534495,    1.52999999999945,    0.40578094534495,
  599,     19.86279712489135,    3.77050725903261,    0.40578094534499,    1.53000000000041,    0.40578094534499,
  600,     19.88115217770936,    3.77050725902655,    0.40578094534528,    1.52999999999904,    0.40578094534528,
  601,     19.89950723052736,    3.77050725903316,    0.40578094534528,    1.53000000000173,    0.40578094534528,
  602,     19.93699346548429,    3.77050725903045,    0.40578094534505,    1.52999999999974,    0.40578094534505,
  603,     19.98156088993440,    3.77050725903099,    0.40578094534492,    1.52999999999947,    0.40578094534492,
  604,     20.01904712489135,    3.77050725903439,    0.40578094534498,    1.53000000000110,    0.40578094534498,
  605,     20.03740217770937,    3.77050725902318,    0.40578094534516,    1.52999999999720,    0.40578094534516,
  606,     20.05575723052737,    3.77050725903146,    0.40578094534535,    1.53000000000128,    0.40578094534535,
  607,     20.09324346548429,    3.77050725902985,    0.40578094534519,    1.53000000000005,    0.40578094534519,
  608,     20.13781088993438,    3.77050725903182,    0.40578094534498,    1.53000000000002,    0.40578094534498,
  609,     20.17529712489133,    3.77050725903087,    0.40578094534511,    1.53000000000013,    0.40578094534511,
  610,     20.19365217770933,    3.77050725903255,    0.40578094534488,    1.52999999999996,    0.40578094534488,
  611,     20.21200723052736,    3.77050725903203,    0.40578094534494,    1.52999999999997,    0.40578094534494,
  612,     20.24949346548429,    3.77050725903100,    0.40578094534519,    1.53000000000049,    0.40578094534519,
  613,     20.29406088993439,    3.77050725903101,    0.40578094534483,    1.52999999999916,    0.40578094534483,
  614,     20.33154712489135,    3.77050725903092,    0.40578094534489,    1.52999999999932,    0.40578094534489,
  615,     20.34990217770937,    3.77050725903158,    0.40578094534598,    1.53000000000370,    0.40578094534598,
  616,     20.36825723052734,    3.77050725903081,    0.40578094534512,    1.53000000000016,    0.40578094534512,
  617,     20.40574346548430,    3.77050725903221,    0.40578094534492,    1.52999999999996,    0.40578094534492,
  618,     20.45031088993439,    3.77050725903027,    0.40578094534515,    1.53000000000005,    0.40578094534515,
  619,     20.48779712489134,    3.77050725903074,    0.40578094534480,    1.52999999999892,    0.40578094534480,
  620,     20.50615217770935,    3.77050725903570,    0.40578094534550,    1.53000000000357,    0.40578094534550,
  621,     20.52450723052737,    3.77050725903237,    0.40578094534457,    1.52999999999871,    0.40578094534457,
  622,     20.56199346548432,    3.77050725903016,    0.40578094534530,    1.53000000000057,    0.40578094534530,
  623,     20.60656088993439,    3.77050725903037,    0.40578094534501,    1.52999999999956,    0.40578094534501,
  624,     20.64404712489136,    3.77050725903253,    0.40578094534488,    1.52999999999995,    0.40578094534488,
  625,     20.66240217770934,    3.77050725902817,    0.40578094534618,    1.53000000000308,    0.40578094534618,
  626,     20.68075723052734,    3.77050725903095,    0.40578094534511,    1.53000000000019,    0.40578094534511,
  627,     20.71824346548430,    3.77050725903209,    0.40578094534483,    1.52999999999957,    0.40578094534483,
  628,     20.76281088993441,    3.77050725903141,    0.40578094534513,    1.53000000000045,    0.40578094534513,
  629,     20.80029712489133,    3.77050725903049,    0.40578094534520,    1.53000000000034,    0.40578094534520,
  630,     20.81865217770935,    3.77050725903229,    0.40578094534468,    1.52999999999910,    0.40578094534468,
  631,     20.83700723052736,    3.77050725903156,    0.40578094534517,    1.53000000000064,    0.40578094534517,
  632,     20.87449346548429,    3.77050725903053,    0.40578094534490,    1.52999999999923,    0.40578094534490,
  633,     20.91906088993441,    3.77050725903112,    0.40578094534495,    1.52999999999965,    0.40578094534495,
  634,     20.95654712489135,    3.77050725903052,    0.40578094534503,    1.52999999999969,    0.40578094534503,
  635,     20.97490217770937,    3.77050725903432,    0.40578094534499,    1.53000000000111,    0.40578094534499,
  636,     20.99325723052737,    3.77050725903182,    0.40578094534504,    1.53000000000027,    0.40578094534504,
  637,     21.03074346548430,    3.77050725903004,    0.40578094534516,    1.53000000000000,    0.40578094534516,
  638,     21.07531088993438,    3.77050725903278,    0.40578094534514,    1.53000000000102,    0.40578094534514,
  639,     21.11279712489133,    3.77050725902947,    0.40578094534480,    1.52999999999841,    0.40578094534480,
  640,     21.13115217770934,    3.77050725903140,    0.40578094534501,    1.52999999999999,    0.40578094534501,
  641,     21.14950723052736,    3.77050725903268,    0.40578094534504,    1.53000000000063,    0.40578094534504,
  642,     21.18699346548429,    3.77050725903133,    0.40578094534516,    1.53000000000054,    0.40578094534516,
  643,     21.23156088993439,    3.77050725903024,    0.40578094534479,    1.52999999999870,    0.40578094534479,
  644,     21.26904712489135,    3.77050725902978,    0.40578094534499,    1.52999999999924,    0.40578094534499,
  645,     21.28740217770934,    3.77050725903789,    0.40578094534474,    1.53000000000159,    0.40578094534474,
  646,     21.30575723052738,    3.77050725903090,    0.40578094534502,    1.52999999999983,    0.40578094534502,
  647,     21.34324346548429,    3.77050725903122,    0.40578094534542,    1.53000000000144,    0.40578094534542,
  648,     21.38781088993439,    3.77050725903079,    0.40578094534461,    1.52999999999824,    0.40578094534461,
  649,     21.42529712489135,    3.77050725903102,    0.40578094534530,    1.53000000000091,    0.40578094534530,
  650,     21.44365217770933,    3.77050725903316,    0.40578094534540,    1.53000000000219,    0.40578094534540,
  651,     21.46200723052737,    3.77050725903100,    0.40578094534450,    1.52999999999791,    0.40578094534450,
  652,     21.49949346548432,    3.77050725903168,    0.40578094534536,    1.53000000000140,    0.40578094534536,
  653,     21.54406088993439,    3.77050725903091,    0.40578094534508,    1.53000000000005,    0.40578094534508,
  654,     21.58154712489135,    3.77050725903139,    0.40578094534466,    1.52999999999868,    0.40578094534466,
  655,     21.59990217770936,    3.77050725903239,    0.40578094534518,    1.53000000000104,    0.40578094534518,
  656,     21.61825723052737,    3.77050725903059,    0.40578094534520,    1.53000000000039,    0.40578094534520,
  657,     21.65574346548430,    3.77050725903127,    0.40578094534505,    1.53000000000007,    0.40578094534505,
  658,     21.70031088993442,    3.77050725903123,    0.40578094534474,    1.52999999999890,    0.40578094534474,
  659,     21.73779712489137,    3.77050725902925,    0.40578094534533,    1.53000000000031,    0.40578094534533,
  660,     21.75615217770935,    3.77050725903759,    0.40578094534523,    1.53000000000334,    0.40578094534523,
  661,     21.77450723052737,    3.77050725902977,    0.40578094534506,    1.52999999999952,    0.40578094534506,
  662,     21.81199346548430,    3.77050725903173,    0.40578094534497,    1.52999999999996,    0.40578094534497,
  663,     21.85656088993440,    3.77050725903204,    0.40578094534523,    1.53000000000106,    0.40578094534523,
  664,     21.89404712489132,    3.77050725902944,    0.40578094534502,    1.52999999999924,    0.40578094534502,
  665,     21.91240217770936,    3.77050725902858,    0.40578094534467,    1.52999999999755,    0.40578094534467,
  666,     21.93075723052736,    3.77050725903258,    0.40578094534488,    1.52999999999997,    0.40578094534488,
  667,     21.96824346548431,    3.77050725903163,    0.40578094534512,    1.53000000000048,    0.40578094534512,
  668,     22.01281088993439,    3.77050725903139,    0.40578094534508,    1.53000000000025,    0.40578094534508,
  669,     22.05029712489135,    3.77050725903040,    0.40578094534490,    1.52999999999916,    0.40578094534490,
  670,     22.06865217770935,    3.77050725902736,    0.40578094534505,    1.52999999999849,    0.40578094534505,
  671,     22.08700723052737,    3.77050725903418,    0.40578094534508,    1.53000000000136,    0.40578094534508,
  672,     22.12449346548429,    3.77050725903035,    0.40578094534517,    1.53000000000016,    0.40578094534517,
  673,     22.16906088993439,    3.77050725903107,    0.40578094534503,    1.52999999999994,    0.40578094534503,
  674,     22.20654712489133,    3.77050725903253,    0.40578094534490,    1.53000000000002,    0.40578094534490,
  675,     22.22490217770936,    3.77050725902850,    0.40578094534479,    1.52999999999797,    0.40578094534479,
  676,     22.24325723052736,    3.77050725903181,    0.40578094534514,    1.53000000000062,    0.40578094534514,
  677,     22.28074346548430,    3.77050725902973,    0.40578094534504,    1.52999999999942,    0.40578094534504,
  678,     22.32531088993440,    3.77050725903258,    0.40578094534503,    1.53000000000053,    0.40578094534503,
  679,     22.36279712489134,    3.77050725903004,    0.40578094534502,    1.52999999999947,    0.40578094534502,
  680,     22.38115217770935,    3.77050725902935,    0.40578094534493,    1.52999999999885,    0.40578094534493,
  681,     22.39950723052737,    3.77050725903041,    0.40578094534493,    1.52999999999930,    0.40578094534493,
  682,     22.43699346548431,    3.77050725903133,    0.40578094534519,    1.53000000000063,    0.40578094534519,
  683,     22.48156088993439,    3.77050725903206,    0.40578094534508,    1.53000000000050,    0.40578094534508,
  684,     22.51904712489134,    3.77050725903056,    0.40578094534476,    1.52999999999871,    0.40578094534476,
  685,     22.53740217770936,    3.77050725903319,    0.40578094534474,    1.52999999999969,    0.40578094534474,
  686,     22.55575723052737,    3.77050725903105,    0.40578094534497,    1.52999999999970,    0.40578094534497,
  687,     22.59324346548430,    3.77050725903101,    0.40578094534526,    1.53000000000076,    0.40578094534526,
  688,     22.63781088993439,    3.77050725903067,    0.40578094534491,    1.52999999999932,    0.40578094534491,
  689,     22.67529712489135,    3.77050725903337,    0.40578094534493,    1.53000000000048,    0.40578094534493,
  690,     22.69365217770935,    3.77050725902513,    0.40578094534497,    1.52999999999729,    0.40578094534497,
  691,     22.71200723052737,    3.77050725903204,    0.40578094534503,    1.53000000000034,    0.40578094534503,
  692,     22.74949346548430,    3.77050725903097,    0.40578094534523,    1.53000000000064,    0.40578094534523,
  693,     22.79406088993439,    3.77050725903182,    0.40578094534492,    1.52999999999983,    0.40578094534492,
  694,     22.83154712489135,    3.77050725902967,    0.40578094534484,    1.52999999999865,    0.40578094534484,
  695,     22.84990217770937,    3.77050725903430,    0.40578094534489,    1.53000000000072,    0.40578094534489,
  696,     22.86825723052737,    3.77050725903048,    0.40578094534497,    1.52999999999946,    0.40578094534497,
  697,     22.90574346548431,    3.77050725903174,    0.40578094534528,    1.53000000000115,    0.40578094534528,
  698,     22.95031088993439,    3.77050725903042,    0.40578094534501,    1.52999999999959,    0.40578094534501,
  699,     22.98779712489134,    3.77050725903199,    0.40578094534488,    1.52999999999975,    0.40578094534488,
  700,     23.00615217770934,    3.77050725903222,    0.40578094534525,    1.53000000000122,    0.40578094534525,
  701,     23.02450723052736,    3.77050725903040,    0.40578094534491,    1.52999999999919,    0.40578094534491,
  702,     23.06199346548430,    3.77050725903071,    0.40578094534514,    1.53000000000018,    0.40578094534514,
  703,     23.10656088993440,    3.77050725903165,    0.40578094534484,    1.52999999999945,    0.40578094534484,
  704,     23.14404712489136,    3.77050725903193,    0.40578094534505,    1.53000000000036,    0.40578094534505,
  705,     23.16240217770935,    3.77050725903115,    0.40578094534500,    1.52999999999986,    0.40578094534500,
  706,     23.18075723052737,    3.77050725903087,    0.40578094534500,    1.52999999999972,    0.40578094534500,
  707,     23.21824346548430,    3.77050725903089,    0.40578094534523,    1.53000000000059,    0.40578094534523,
  708,     23.26281088993439,    3.77050725903063,    0.40578094534501,    1.52999999999967,    0.40578094534501,
  709,     23.30029712489134,    3.77050725903127,    0.40578094534501,    1.52999999999993,    0.40578094534501,
  710,     23.31865217770935,    3.77050725903136,    0.40578094534487,    1.52999999999942,    0.40578094534487,
  711,     23.33700723052736,    3.77050725903300,    0.40578094534505,    1.53000000000080,    0.40578094534505,
  712,     23.37449346548429,    3.77050725903026,    0.40578094534495,    1.52999999999931,    0.40578094534495,
  713,     23.41906088993440,    3.77050725903150,    0.40578094534494,    1.52999999999975,    0.40578094534494,
  714,     23.45654712489135,    3.77050725903018,    0.40578094534512,    1.52999999999990,    0.40578094534512,
  715,     23.47490217770935,    3.77050725903333,    0.40578094534538,    1.53000000000215,    0.40578094534538,
  716,     23.49325723052735,    3.77050725903199,    0.40578094534508,    1.53000000000049,    0.40578094534508,
  717,     23.53074346548430,    3.77050725903120,    0.40578094534506,    1.53000000000008,    0.40578094534506,
  718,     23.57531088993440,    3.77050725903031,    0.40578094534496,    1.52999999999936,    0.40578094534496,
  719,     23.61279712489134,    3.77050725903069,    0.40578094534530,    1.53000000000078,    0.40578094534530,
  720,     23.63115217770932,    3.77050725903705,    0.40578094534463,    1.53000000000082,    0.40578094534463,
  721,     23.64950723052738,    3.77050725903141,    0.40578094534483,    1.52999999999932,    0.40578094534483,
  722,     23.68699346548430,    3.77050725903095,    0.40578094534546,    1.53000000000150,    0.40578094534546,
  723,     23.73156088993440,    3.77050725903091,    0.40578094534479,    1.52999999999894,    0.40578094534479,
  724,     23.76904712489135,    3.77050725903029,    0.40578094534517,    1.53000000000013,    0.40578094534517,
  725,     23.78740217770934,    3.77050725903527,    0.40578094534516,    1.53000000000212,    0.40578094534516,
  726,     23.80575723052736,    3.77050725902826,    0.40578094534497,    1.52999999999857,    0.40578094534497,
  727,     23.84324346548431,    3.77050725903295,    0.40578094534506,    1.53000000000081,    0.40578094534506,
  728,     23.88781088993440,    3.77050725903073,    0.40578094534512,    1.53000000000012,    0.40578094534512,
  729,     23.92529712489133,    3.77050725903131,    0.40578094534500,    1.52999999999990,    0.40578094534500,
  730,     23.94365217770935,    3.77050725902741,    0.40578094534507,    1.52999999999859,    0.40578094534507,
  731,     23.96200723052735,    3.77050725903322,    0.40578094534498,    1.53000000000060,    0.40578094534498,
  732,     23.99949346548430,    3.77050725903024,    0.40578094534493,    1.52999999999921,    0.40578094534493,
  733,     24.04406088993441,    3.77050725903095,    0.40578094534496,    1.52999999999961,    0.40578094534496,
  734,     24.08154712489135,    3.77050725903195,    0.40578094534524,    1.53000000000106,    0.40578094534524,
  735,     24.09990217770934,    3.77050725902837,    0.40578094534539,    1.53000000000017,    0.40578094534539,
  736,     24.11825723052737,    3.77050725903363,    0.40578094534467,    1.52999999999960,    0.40578094534467,
  737,     24.15574346548431,    3.77050725903035,    0.40578094534516,    1.53000000000012,    0.40578094534516,
  738,     24.20031088993440,    3.77050725903102,    0.40578094534506,    1.53000000000002,    0.40578094534506,
  739,     24.23779712489135,    3.77050725903156,    0.40578094534481,    1.52999999999930,    0.40578094534481,
  740,     24.25615217770936,    3.77050725902912,    0.40578094534547,    1.53000000000081,    0.40578094534547,
  741,     24.27450723052737,    3.77050725903157,    0.40578094534506,    1.53000000000024,    0.40578094534506,
  742,     24.31199346548431,    3.77050725903173,    0.40578094534507,    1.53000000000034,    0.40578094534507,
  743,     24.35656088993440,    3.77050725903097,    0.40578094534517,    1.53000000000043,    0.40578094534517,
  744,     24.39404712489134,    3.77050725903208,    0.40578094534507,    1.53000000000047,    0.40578094534507,
  745,     24.41240217770935,    3.77050725903052,    0.40578094534529,    1.53000000000070,    0.40578094534529,
  746,     24.43075723052735,    3.77050725902975,    0.40578094534513,    1.52999999999975,    0.40578094534513,
  747,     24.46824346548429,    3.77050725903228,    0.40578094534488,    1.52999999999984,    0.40578094534488,
  748,     24.51281088993441,    3.77050725903050,    0.40578094534493,    1.52999999999933,    0.40578094534493,
  749,     24.55029712489135,    3.77050725903107,    0.40578094534485,    1.52999999999926,    0.40578094534485,
  750,     24.56865217770938,    3.77050725903089,    0.40578094534572,    1.53000000000245,    0.40578094534572,
  751,     24.58700723052736,    3.77050725903271,    0.40578094534488,    1.53000000000001,    0.40578094534488,
  752,     24.62449346548433,    3.77050725902973,    0.40578094534498,    1.52999999999918,    0.40578094534498,
  753,     24.66906088993440,    3.77050725903240,    0.40578094534535,    1.53000000000168,    0.40578094534535,
  754,     24.70654712489134,    3.77050725903104,    0.40578094534463,    1.52999999999841,    0.40578094534463,
  755,     24.72490217770936,    3.77050725902907,    0.40578094534526,    1.52999999999999,    0.40578094534526,
  756,     24.74325723052736,    3.77050725903136,    0.40578094534508,    1.53000000000023,    0.40578094534508,
  757,     24.78074346548430,    3.77050725903061,    0.40578094534510,    1.52999999999999,    0.40578094534510,
  758,     24.82531088993440,    3.77050725903087,    0.40578094534484,    1.52999999999913,    0.40578094534484,
  759,     24.86279712489135,    3.77050725903375,    0.40578094534526,    1.53000000000189,    0.40578094534526,
  760,     24.88115217770933,    3.77050725902613,    0.40578094534531,    1.52999999999897,    0.40578094534531,
  761,     24.89950723052737,    3.77050725903293,    0.40578094534460,    1.52999999999905,    0.40578094534460,
  762,     24.93699346548431,    3.77050725903053,    0.40578094534534,    1.53000000000089,    0.40578094534534,
  763,     24.98156088993438,    3.77050725903075,    0.40578094534505,    1.52999999999987,    0.40578094534505,
  764,     25.01904712489134,    3.77050725903205,    0.40578094534507,    1.53000000000046,    0.40578094534507,
  765,     25.03740217770932,    3.77050725903516,    0.40578094534501,    1.53000000000150,    0.40578094534501,
  766,     25.05575723052736,    3.77050725902886,    0.40578094534491,    1.52999999999856,    0.40578094534491,
  767,     25.09324346548428,    3.77050725903133,    0.40578094534529,    1.53000000000103,    0.40578094534529,
  768,     25.13781088993438,    3.77050725903163,    0.40578094534490,    1.52999999999967,    0.40578094534490,
  769,     25.17529712489134,    3.77050725903098,    0.40578094534495,    1.52999999999959,    0.40578094534495,
  770,     25.19365217770935,    3.77050725903155,    0.40578094534503,    1.53000000000012,    0.40578094534503,
  771,     25.21200723052736,    3.77050725903183,    0.40578094534514,    1.53000000000066,    0.40578094534514,
  772,     25.24949346548430,    3.77050725902995,    0.40578094534498,    1.52999999999929,    0.40578094534498,
  773,     25.29406088993441,    3.77050725903218,    0.40578094534493,    1.53000000000001,    0.40578094534493,
  774,     25.33154712489134,    3.77050725903033,    0.40578094534527,    1.53000000000054,    0.40578094534527,
  775,     25.34990217770934,    3.77050725902991,    0.40578094534475,    1.52999999999840,    0.40578094534475,
  776,     25.36825723052737,    3.77050725903231,    0.40578094534510,    1.53000000000070,    0.40578094534510,
  777,     25.40574346548429,    3.77050725903103,    0.40578094534510,    1.53000000000016,    0.40578094534510,
  778,     25.45031088993441,    3.77050725903165,    0.40578094534490,    1.52999999999967,    0.40578094534490,
  779,     25.48779712489135,    3.77050725903115,    0.40578094534511,    1.53000000000024,    0.40578094534511,
  780,     25.50615217770936,    3.77050725903137,    0.40578094534516,    1.53000000000056,    0.40578094534516,
  781,     25.52450723052736,    3.77050725903074,    0.40578094534510,    1.53000000000004,    0.40578094534510,
  782,     25.56199346548430,    3.77050725903111,    0.40578094534506,    1.53000000000006,    0.40578094534506,
  783,     25.60656088993440,    3.77050725903074,    0.40578094534502,    1.52999999999976,    0.40578094534502,
  784,     25.64404712489134,    3.77050725903167,    0.40578094534500,    1.53000000000007,    0.40578094534500,
  785,     25.66240217770934,    3.77050725903446,    0.40578094534495,    1.53000000000099,    0.40578094534495,
  786,     25.68075723052736,    3.77050725902976,    0.40578094534523,    1.53000000000013,    0.40578094534523,
  787,     25.71824346548429,    3.77050725903144,    0.40578094534506,    1.53000000000018,    0.40578094534506,
  788,     25.76281088993441,    3.77050725903147,    0.40578094534479,    1.52999999999919,    0.40578094534479,
  789,     25.80029712489135,    3.77050725903266,    0.40578094534541,    1.53000000000201,    0.40578094534541,
  790,     25.81865217770934,    3.77050725902741,    0.40578094534506,    1.52999999999855,    0.40578094534506,
  791,     25.83700723052735,    3.77050725903211,    0.40578094534491,    1.52999999999990,    0.40578094534491,
  792,     25.87449346548430,    3.77050725903001,    0.40578094534492,    1.52999999999907,    0.40578094534492,
  793,     25.91906088993442,    3.77050725903138,    0.40578094534499,    1.52999999999991,    0.40578094534499,
  794,     25.95654712489135,    3.77050725903022,    0.40578094534505,    1.52999999999964,    0.40578094534505,
  795,     25.97490217770936,    3.77050725903388,    0.40578094534433,    1.52999999999844,    0.40578094534433,
  796,     25.99325723052739,    3.77050725903318,    0.40578094534528,    1.53000000000173,    0.40578094534528,
  797,     26.03074346548429,    3.77050725903028,    0.40578094534513,    1.52999999999998,    0.40578094534513,
  798,     26.07531088993440,    3.77050725903117,    0.40578094534477,    1.52999999999898,    0.40578094534477,
  799,     26.11279712489135,    3.77050725903012,    0.40578094534524,    1.53000000000035,    0.40578094534524,
  800,     26.13115217770935,    3.77050725903237,    0.40578094534489,    1.52999999999992,    0.40578094534489,
