 indi,                  x_v,                   v,                   H,                   q,                 eta
    0,     0.45246335319775,    1.50821117732582,    1.01444679830101,    1.52999999999998,    1.01444679830101,
    1,     0.49152585319775,    1.50821117732584,    1.01444679830102,    1.53000000000001,    1.01444679830102,
    2,     0.53058835319775,    1.50821117732582,    1.01444679830103,    1.53000000000000,    1.01444679830103,
    3,     0.56965085319775,    1.50821117732584,    1.01444679830101,    1.53000000000000,    1.01444679830101,
    4,     0.60871335319775,    1.50821117732582,    1.01444679830102,    1.52999999999999,    1.01444679830102,
    5,     0.64777585319775,    1.50821117732583,    1.01444679830102,    1.53000000000000,    1.01444679830102,
    6,     0.68683835319775,    1.50821117732586,    1.01444679830101,    1.53000000000002,    1.01444679830101,
    7,     0.72590085319775,    1.50821117732582,    1.01444679830103,    1.53000000000000,    1.01444679830103,
    8,     0.76496335319775,    1.50821117732577,    1.01444679830103,    1.52999999999995,    1.01444679830103,
    9,     0.80402585319775,    1.50821117732587,    1.01444679830102,    1.53000000000004,    1.01444679830102,
   10,     0.84308835319775,    1.50821117732586,    1.01444679830102,    1.53000000000003,    1.01444679830102,
   11,     0.88215085319775,    1.50821117732578,    1.01444679830102,    1.52999999999995,    1.01444679830102,
   12,     0.92121335319775,    1.50821117732593,    1.01444679830101,    1.53000000000009,    1.01444679830101,
   13,     0.96027585319775,    1.50821117732585,    1.01444679830102,    1.53000000000002,    1.01444679830102,
   14,     0.99933835319775,    1.50821117732577,    1.01444679830101,    1.52999999999993,    1.01444679830101,
   15,     1.03840085319775,    1.50821117732585,    1.01444679830101,    1.53000000000001,    1.01444679830101,
   16,     1.07746335319775,    1.50821117732584,    1.01444679830103,    1.53000000000002,    1.01444679830103,
   17,     1.11652585319775,    1.50821117732585,    1.01444679830103,    1.53000000000003,    1.01444679830103,
   18,     1.15558835319775,    1.50821117732570,    1.01444679830105,    1.52999999999990,    1.01444679830105,
   19,     1.19465085319775,    1.50821117732582,    1.01444679830100,    1.52999999999996,    1.01444679830100,
   20,     1.23371335319775,    1.50821117732588,    1.01444679830104,    1.53000000000008,    1.01444679830104,
   21,     1.27277585319775,    1.50821117732582,    1.01444679830103,    1.53000000000000,    1.01444679830103,
   22,     1.31183835319775,    1.50821117732579,    1.01444679830098,    1.52999999999990,    1.01444679830098,
   23,     1.35090085319775,    1.50821117732589,    1.01444679830102,    1.53000000000006,    1.01444679830102,
   24,     1.38996335319775,    1.50821117732583,    1.01444679830104,    1.53000000000003,    1.01444679830104,
   25,     1.42902585319775,    1.50821117732582,    1.01444679830103,    1.53000000000000,    1.01444679830103,
   26,     1.46808835319775,    1.50821117732578,    1.01444679830103,    1.52999999999996,    1.01444679830103,
   27,     1.50715085319775,    1.50821117732587,    1.01444679830102,    1.53000000000004,    1.01444679830102,
   28,     1.54621335319775,    1.50821117732577,    1.01444679830103,    1.52999999999995,    1.01444679830103,
   29,     1.58527585319775,    1.50821117732578,    1.01444679830102,    1.52999999999995,    1.01444679830102,
   30,     1.62433835319775,    1.50821117732599,    1.01444679830102,    1.53000000000015,    1.01444679830102,
   31,     1.66340085319775,    1.50821117732566,    1.01444679830103,    1.52999999999984,    1.01444679830103,
   32,     1.70246335319775,    1.50821117732605,    1.01444679830099,    1.53000000000018,    1.01444679830099,
   33,     1.74152585319775,    1.50821117732572,    1.01444679830103,    1.52999999999991,    1.01444679830103,
   34,     1.78058835319775,    1.50821117732603,    1.01444679830105,    1.53000000000025,    1.01444679830105,
   35,     1.81965085319775,    1.50821117732582,    1.01444679830102,    1.53000000000000,    1.01444679830102,
   36,     1.85871335319775,    1.50821117732573,    1.01444679830102,    1.52999999999990,    1.01444679830102,
   37,     1.89777585319775,    1.50821117732586,    1.01444679830099,    1.52999999999999,    1.01444679830099,
   38,     1.93683835319775,    1.50821117732593,    1.01444679830105,    1.53000000000015,    1.01444679830105,
   39,     1.97590085319775,    1.50821117732575,    1.01444679830101,    1.52999999999991,    1.01444679830101,
   40,     2.01496335319775,    1.50821117732623,    1.01444679830098,    1.53000000000035,    1.01444679830098,
   41,     2.05402585319775,    1.50821117732581,    1.01444679830103,    1.53000000000000,    1.01444679830103,
   42,     2.09308835319775,    1.50821117732585,    1.01444679830101,    1.53000000000000,    1.01444679830101,
   43,     2.13215085319775,    1.50821117732557,    1.01444679830101,    1.52999999999972,    1.01444679830101,
   44,     2.17121335319775,    1.50821117732613,    1.01444679830107,    1.53000000000038,    1.01444679830107,
   45,     2.21027585319775,    1.50821117732570,    1.01444679830101,    1.52999999999986,    1.01444679830101,
   46,     2.24933835319775,    1.50821117732620,    1.01444679830095,    1.53000000000028,    1.01444679830095,
   47,     2.28840085319775,    1.50821117732563,    1.01444679830107,    1.52999999999987,    1.01444679830107,
   48,     2.32746335319775,    1.50821117732587,    1.01444679830104,    1.53000000000008,    1.01444679830104,
   49,     2.36652585319775,    1.50821117732580,    1.01444679830101,    1.52999999999995,    1.01444679830101,
   50,     2.40558835319775,    1.50821117732599,    1.01444679830103,    1.53000000000017,    1.01444679830103,
   51,     2.44465085319775,    1.50821117732590,    1.01444679830100,    1.53000000000003,    1.01444679830100,
   52,     2.48371335319775,    1.50821117732596,    1.01444679830098,    1.53000000000008,    1.01444679830098,
   53,     2.52277585319775,    1.50821117732560,    1.01444679830103,    1.52999999999978,    1.01444679830103,
   54,     2.56183835319775,    1.50821117732609,    1.01444679830107,    1.53000000000034,    1.01444679830107,
   55,     2.60090085319775,    1.50821117732582,    1.01444679830101,    1.52999999999997,    1.01444679830101,
   56,     2.63996335319775,    1.50821117732588,    1.01444679830103,    1.53000000000006,    1.01444679830103,
   57,     2.67902585319775,    1.50821117732591,    1.01444679830105,    1.53000000000013,    1.01444679830105,
   58,     2.71808835319775,    1.50821117732550,    1.01444679830101,    1.52999999999965,    1.01444679830101,
   59,     2.75715085319775,    1.50821117732583,    1.01444679830099,    1.52999999999996,    1.01444679830099,
   60,     2.79621335319775,    1.50821117732571,    1.01444679830098,    1.52999999999983,    1.01444679830098,
   61,     2.83527585319775,    1.50821117732591,    1.01444679830104,    1.53000000000012,    1.01444679830104,
   62,     2.87433835319775,    1.50821117732573,    1.01444679830103,    1.52999999999991,    1.01444679830103,
   63,     2.91340085319775,    1.50821117732595,    1.01444679830102,    1.53000000000012,    1.01444679830102,
   64,     2.95246335319775,    1.50821117732593,    1.01444679830108,    1.53000000000020,    1.01444679830108,
   65,     2.99152585319775,    1.50821117732584,    1.01444679830100,    1.52999999999998,    1.01444679830100,
   66,     3.03058835319775,    1.50821117732542,    1.01444679830096,    1.52999999999949,    1.01444679830096,
   67,     3.06965085319775,    1.50821117732591,    1.01444679830103,    1.53000000000009,    1.01444679830103,
   68,     3.10871335319775,    1.50821117732591,    1.01444679830108,    1.53000000000018,    1.01444679830108,
   69,     3.14777585319775,    1.50821117732586,    1.01444679830098,    1.52999999999997,    1.01444679830098,
   70,     3.18683835319775,    1.50821117732557,    1.01444679830099,    1.52999999999969,    1.01444679830099,
   71,     3.22590085319775,    1.50821117732583,    1.01444679830106,    1.53000000000007,    1.01444679830106,
   72,     3.26496335319775,    1.50821117732588,    1.01444679830096,    1.52999999999997,    1.01444679830096,
   73,     3.30402585319775,    1.50821117732593,    1.01444679830101,    1.53000000000008,    1.01444679830101,
   74,     3.34308835319775,    1.50821117732582,    1.01444679830107,    1.53000000000006,    1.01444679830107,
   75,     3.38215085319775,    1.50821117732583,    1.01444679830100,    1.52999999999996,    1.01444679830100,
   76,     3.42121335319775,    1.50821117732567,    1.01444679830099,    1.52999999999980,    1.01444679830099,
   77,     3.46027585319775,    1.50821117732591,    1.01444679830104,    1.53000000000011,    1.01444679830104,
   78,     3.49933835319775,    1.50821117732589,    1.01444679830106,    1.53000000000013,    1.01444679830106,
   79,     3.53840085319775,    1.50821117732584,    1.01444679830101,    1.52999999999998,    1.01444679830101,
   80,     3.57746335319775,    1.50821117732588,    1.01444679830100,    1.53000000000003,    1.01444679830100,
   81,     3.61652585319775,    1.50821117732590,    1.01444679830098,    1.53000000000001,    1.01444679830098,
   82,     3.65558835319775,    1.50821117732574,    1.01444679830105,    1.52999999999995,    1.01444679830105,
   83,     3.69465085319775,    1.50821117732579,    1.01444679830105,    1.52999999999999,    1.01444679830105,
   84,     3.73371335319775,    1.50821117732587,    1.01444679830100,    1.53000000000000,    1.01444679830100,
   85,     3.77277585319775,    1.50821117732581,    1.01444679830105,    1.53000000000003,    1.01444679830105,
   86,     3.81183835319775,    1.50821117732583,    1.01444679830096,    1.52999999999992,    1.01444679830096,
   87,     3.85090085319775,    1.50821117732598,    1.01444679830097,    1.53000000000008,    1.01444679830097,
   88,     3.88996335319775,    1.50821117732559,    1.01444679830103,    1.52999999999978,    1.01444679830103,
   89,     3.92902585319775,    1.50821117732594,    1.01444679830106,    1.53000000000017,    1.01444679830106,
   90,     3.96808835319775,    1.50821117732543,    1.01444679830105,    1.52999999999965,    1.01444679830105,
   91,     4.00715085319775,    1.50821117732586,    1.01444679830101,    1.53000000000001,    1.01444679830101,
   92,     4.04621335319775,    1.50821117732615,    1.01444679830097,    1.53000000000025,    1.01444679830097,
   93,     4.08527585319775,    1.50821117732566,    1.01444679830104,    1.52999999999986,    1.01444679830104,
   94,     4.12433835319775,    1.50821117732606,    1.01444679830102,    1.53000000000024,    1.01444679830102,
   95,     4.16340085319775,    1.50821117732580,    1.01444679830100,    1.52999999999994,    1.01444679830100,
   96,     4.20246335319775,    1.50821117732564,    1.01444679830107,    1.52999999999988,    1.01444679830107,
   97,     4.24152585319775,    1.50821117732620,    1.01444679830095,    1.53000000000027,    1.01444679830095,
   98,     4.28058835319776,    1.50821117732493,    1.01444679830139,    1.52999999999965,    1.01444679830139,
   99,     4.31965085319772,    1.50821117732154,    1.01444679830197,    1.52999999999707,    1.01444679830197,
  100,     4.35871335319768,    1.50821117733946,    1.01444679829796,    1.53000000000921,    1.01444679829796,
  101,     4.39777585319839,    1.50821117742586,    1.01444679827147,    1.53000000005690,    1.01444679827147,
  102,     4.43683835319996,    1.50821117725866,    1.01444679821723,    1.52999999980549,    1.01444679821723,
  103,     4.47590085318775,    1.50821117530418,    1.01444679905066,    1.52999999907976,    1.01444679905066,
  104,     4.51496335314223,    1.50821117362886,    1.01444680193674,    1.53000000173305,    1.01444680193674,
  105,     4.55402585325539,    1.50821120248573,    1.01444678676648,    1.53000000812686,    1.01444678676648,
  106,     4.59308835403053,    1.50821129136231,    1.01444674390257,    1.53000003363958,    1.01444674390257,
  107,     4.63215085494692,    1.50821118654656,    1.01444683077540,    1.53000005833216,    1.01444683077540,
  108,     4.67121335152960,    1.50821023155460,    1.01444686306394,    1.52999913824150,    1.01444686306394,
  109,     4.71027582121117,    1.50820690975503,    1.01444838852972,    1.52999806917037,    1.01444838852972,
  110,     4.74933822906263,    1.50819968396237,    1.01445001023126,    1.52999318482641,    1.01445001023126,
  111,     4.78840052075789,    1.50818820114606,    1.01445438975873,    1.52998814123494,    1.01445438975873,
  112,     4.82746264443194,    1.50817342449260,    1.01445888820274,    1.52997993542768,    1.01445888820274,
  113,     4.86652458538224,    1.50815843067374,    1.01446361081147,    1.52997184725704,    1.01446361081147,
  114,     4.90558634968293,    1.50814544465610,    1.01446830590126,    1.52996575429297,    1.01446830590126,
  115,     4.94464796788910,    1.50813536386434,    1.01447098445438,    1.52995956726992,    1.01447098445438,
  116,     4.98370948709371,    1.50812964099157,    1.01447338037073,    1.52995737493401,    1.01447338037073,
  117,     5.02277095480564,    1.50812623032899,    1.01447400961755,    1.52995486389125,    1.01447400961755,
  118,     5.06183239154071,    1.50812451235476,    1.01447476843656,    1.52995426544461,    1.01447476843656,
  119,     5.10089383788017,    1.50812756604859,    1.01447360211908,    1.52995560438440,    1.01447360580415,
  120,     5.13995532736853,    1.50813052470168,    1.01447307623660,    1.52995781276043,    1.01447308360674,
  121,     5.17901689243321,    1.50813816102222,    1.01446848705836,    1.52995863848719,    1.01447070208264,
  122,     5.21807865710265,    1.50815878597505,    1.01446431865884,    1.52997327524353,    1.01446874133725,
  123,     5.25714157570690,    1.50822272167998,    1.01440652559579,    1.52995097092401,    1.01445412475417,
  124,     5.29620675898674,    1.50838002955731,    1.01434907008295,    1.53002388031315,    1.01443984572130,
  125,     5.33527848409247,    1.50870758630580,    1.01406425871890,    1.52992644013077,    1.01437343845676,
  126,     5.37436123662182,    1.50929081068398,    1.01377933397979,    1.53008783283703,    1.01430691781718,
  127,     5.41346377019537,    1.51021652596404,    1.01303664069182,    1.52990467617988,    1.01413538304454,
  128,     5.45259502962991,    1.51155072802159,    1.01229401811402,    1.53013376005214,    1.01396391898207,
  129,     5.49176702567277,    1.51335635667151,    1.01092974512519,    1.52989695593351,    1.01364791327803,
  130,     5.53099197176645,    1.51565711888584,    1.00956563498063,    1.53015534164090,    1.01333207041825,
  131,     5.57028320369469,    1.51847960148862,    1.00752159146372,    1.52990098469701,    1.01285439652649,
  132,     5.60965428635865,    1.52182150256570,    1.00547752913117,    1.53015732417845,    1.01237670381910,
  133,     5.64911828259454,    1.52567457797117,    1.00277770677601,    1.52991245458439,    1.01173744085059,
  134,     5.68868848327287,    1.53003018657223,    1.00007729580597,    1.53014845148865,    1.01109758926720,
  135,     5.72837558724678,    1.53485319119945,    0.99679148421306,    1.52992859050486,    1.01030582762788,
  136,     5.76819043058601,    1.54013689694460,    0.99350490079902,    1.53013355501585,    1.00951329416742,
  137,     5.80813849493748,    1.54583378797443,    0.98972256635550,    1.52994658379310,    1.00858223083407,
  138,     5.84822527704108,    1.55193644209107,    0.98593957691998,    1.53011555912197,    1.00765051250872,
  139,     5.88845024741043,    1.55839783763720,    0.98175474096632,    1.52996446541198,    1.00659491357803,
  140,     5.92881278516553,    1.56520526755417,    0.97756982516667,    1.53009743975288,    1.00553923480134,
  141,     5.96930786999730,    1.57231991622165,    0.97307288748409,    1.52998188092655,    1.00437422398557,
  142,     6.00993037557949,    1.57972208444154,    0.96857613892845,    1.53008111712838,    1.00320940229672,
  143,     6.05067289510207,    1.58738320098223,    0.96384866387955,    1.52999717733156,    1.00194903803014,
  144,     6.09152794585684,    1.59527897083539,    0.95912157836132,    1.53006648443426,    1.00068906329423,
  145,     6.13248735121255,    1.60338913267242,    0.95423475500206,    1.53000963618863,    0.99934653628801,
  146,     6.17354292392928,    1.61168916762923,    0.94934816769326,    1.53005415817989,    0.99800424533226,
  147,     6.21468671546767,    1.62016353284482,    0.94436165783101,    1.53002031983468,    0.99659105979830,
  148,     6.25591080740091,    1.62878999864148,    0.93937529561342,    1.53004508646603,    0.99517802190902,
  149,     6.29720798477616,    1.63755375564821,    0.93433762870392,    1.53002809292754,    0.99370383970190,
  150,     6.33857108913425,    1.64643936670408,    0.92930005474696,    1.53003619361565,    0.99222975044732,
  151,     6.37999381018172,    1.65543255923686,    0.92425072099701,    1.53003473643660,    0.99070346398927,
  152,     6.42146991147615,    1.66452065474035,    0.91920115505567,    1.53002930845136,    0.98917694533982,
  153,     6.46299403773142,    1.67369085068177,    0.91417056765179,    1.53003891504137,    0.98760544627346,
  154,     6.50456086658170,    1.68293577368486,    0.90913993444123,    1.53002411895665,    0.98603390140042,
  155,     6.54616591728643,    1.69224047260996,    0.90415173643924,    1.53004216178306,    0.98442319471643,
  156,     6.58780473407655,    1.70160005093048,    0.89916346653100,    1.53001660044398,    0.98281241612618,
  157,     6.62947365973491,    1.71099909826069,    0.89423325498932,    1.53003229292144,    0.98116526180522,
  158,     6.67116904900906,    1.72043455641163,    0.88930274267973,    1.52998716961785,    0.97951780671635,
  159,     6.71288792136164,    1.72989658337914,    0.88444387589938,    1.52999643910895,    0.97783857254685,
  160,     6.75462725194353,    1.73938711055605,    0.87958494010382,    1.52993870745580,    0.97615926936215,
  161,     6.79638454502097,    1.74889896905625,    0.87481031325873,    1.52995485497798,    0.97445487936577,
  162,     6.83815724691161,    1.75843346072397,    0.87003575519716,    1.52989998396494,    0.97275055815291,
  163,     6.87994328465775,    1.76798326833393,    0.86535332018874,    1.52993019129090,    0.97102534829121,
  164,     6.92174053988617,    1.77754751607244,    0.86067091616957,    1.52988344919302,    0.96930016941877,
  165,     6.96354733095186,    1.78711979261912,    0.85608429071809,    1.52992518009260,    0.96755597319454,
  166,     7.00536193629607,    1.79669831783351,    0.85149767354065,    1.52988443768963,    0.96581178524436,
  167,     7.04718301087085,    1.80627841028317,    0.84700831719828,    1.52993283668553,    0.96404968369766,
  168,     7.08900917089486,    1.81585810400317,    0.84251897464771,    1.52989490789048,    0.96228759594275,
  169,     7.13083934732553,    1.82543441282965,    0.83812719222847,    1.52994621902213,    0.96050857538448,
  170,     7.17267243470347,    1.83500537935817,    0.83373543415596,    1.52990900663771,    0.95872957917294,
  171,     7.21450758699546,    1.84456936501993,    0.82944072044458,    1.52996094303212,    0.95693460043969,
  172,     7.25634392624928,    1.85412447835377,    0.82514603760509,    1.52992346654022,    0.95513965257834,
  173,     7.29818078673214,    1.86367005220801,    0.82094723945861,    1.52997478462185,    0.95332959639661,
  174,     7.34001747671929,    1.87320431329721,    0.81674847371911,    1.52993676384954,    0.95151957262185,
  175,     7.38185347709121,    1.88272724682179,    0.81264391356680,    1.52998683803611,    0.94969519378817,
  176,     7.42368824910932,    1.89223725819890,    0.80853938370666,    1.52994834657092,    0.94787084524664,
  177,     7.46552139367880,    1.90173473731650,    0.80452697169374,    1.52999688917803,    0.94603275314322,
  178,     7.50735249815703,    1.91121832390377,    0.80051458574582,    1.52995814482964,    0.94419468710480,
  179,     7.54918126232899,    1.92068863071983,    0.79659192060160,    1.53000504522276,    0.94234334470478,
  180,     7.59100737774545,    1.93014457122680,    0.79266927639107,    1.52996630060450,    0.94049202323845,
  181,     7.63283062610600,    1.93958685508893,    0.78883373245418,    1.53001153831886,    0.93862775570424,
  182,     7.67465078521377,    1.94901468807794,    0.78499820424912,    1.52997303019634,    0.93676350390185,
  183,     7.71646770495552,    1.95842879619573,    0.78124700391564,    1.53001662941002,    0.93488651102669,
  184,     7.75828123463629,    1.96782867573503,    0.77749581456513,    1.52997855916522,    0.93300952913450,
  185,     7.80009128113624,    1.97721502397905,    0.77382608702257,    1.53002056520793,    0.93111989852530,
  186,     7.84189775311080,    1.98658760896265,    0.77015636645966,    1.52998309457245,    0.92923027489575,
  187,     7.88370060524119,    1.99594708074908,    0.76656519436062,    1.53002356188793,    0.92732799442061,
  188,     7.92549979551600,    2.00529344795508,    0.76297402610868,    1.52998681551564,    0.92542571779257,
  189,     7.96729531882016,    2.01462731361231,    0.75945848205882,    1.53002580151024,    0.92351068669677,
  190,     8.00908717421952,    2.02394888816519,    0.75594293960443,    1.52998987212872,    0.92159565719644,
  191,     8.05087539048717,    2.03325873983432,    0.75250011425334,    1.53002743403193,    0.91966769572596,
  192,     8.09266000096808,    2.04255723888504,    0.74905728906341,    1.52999238811606,    0.91773973441663,
  193,     8.13444106304670,    2.05184493756535,    0.74568431238724,    1.53002858139366,    0.91579859199998,
  194,     8.17621863875658,    2.06112232430542,    0.74231133514716,    1.52999446445677,    0.91385744901941,
  195,     8.21799280966596,    2.07038995661551,    0.73900539226515,    1.53002934203047,    0.91190281113648,
  196,     8.25976366190672,    2.07964840256747,    0.73569944867104,    1.52999618319850,    0.90994817254146,
  197,     8.30153129750401,    2.08889824539250,    0.73245779130888,    1.53002979508918,    0.90797966643548,
  198,     8.34329582292513,    2.09814009938959,    0.72921613352701,    1.52999761087486,    0.90601115990979,
  199,     8.38505735750864,    2.10737459103522,    0.72603608803358,    1.53003000409657,    0.90402835929403,
  200,     8.42681602497794,    2.11660235373865,    0.72285604272058,    1.52999880143659,    0.90204555885870,
  201,     8.46857195933181,    2.12582407044453,    0.71973501537160,    1.53003002001870,    0.90004798775659,
  202,     8.51032529903359,    2.13504037344232,    0.71661398899022,    1.52999979866767,    0.89805041762208,
  203,     8.55207619050505,    2.14425201036530,    0.71354946916952,    1.53002988376184,    0.89603755346260,
  204,     8.59382478489629,    2.15345959911817,    0.71048495118458,    1.53000063815744,    0.89402469113888,
  205,     8.63557123917070,    2.16266395506099,    0.70747451290971,    1.53002962819415,    0.89199596720467,
  206,     8.67731571549173,    2.17186567507262,    0.70446407733218,    1.53000134887946,    0.88996724596779,
  207,     8.71905837978985,    2.18106564033933,    0.70150537950800,    1.53002927975811,    0.88792205328918,
  208,     8.76079940387887,    2.19026442607216,    0.69854668516608,    1.53000195446988,    0.88587686409281,
  209,     8.80253896134841,    2.19946297296875,    0.69563747085786,    1.53002885976150,    0.88381455285090,
  210,     8.84427723255309,    2.20866183909244,    0.69272826068830,    1.53000247424313,    0.88175224574763,
  211,     8.88601439766645,    2.21786201463740,    0.68986635566191,    1.53002838539890,    0.87967212625493,
  212,     8.92775064468086,    2.22706404926624,    0.68700445526517,    1.53000292400680,    0.87759201139187,
  213,     8.96948615948278,    2.23626896980554,    0.68418776597552,    1.53002787057163,    0.87549335469122,
  214,     9.01122113696733,    2.24547732945729,    0.68137108161938,    1.53000331672411,    0.87339470292408,
  215,     9.05295576804266,    2.25469017684945,    0.67859759280334,    1.53002732652736,    0.87127674105233,
  216,     9.09469025390856,    2.26390808287417,    0.67582410902887,    1.53000366303169,    0.86915878422216,
  217,     9.13642478996201,    2.27313210207893,    0.67309188101745,    1.53002676238946,    0.86702071016783,
  218,     9.17815958322139,    2.28236283837207,    0.67035965796080,    1.53000397167353,    0.86488264106825,
  219,     9.21989483317934,    2.29160133617231,    0.66766682380660,    1.53002618555312,    0.86272360845240,
  220,     9.26163075227867,    2.30084824801587,    0.66497399433709,    1.53000424984661,    0.86056458052124,
  221,     9.30336754383742,    2.31010459277078,    0.66231875682868,    1.53002560202817,    0.85838370302172,
  222,     9.34510542540521,    2.31937108664133,    0.65966352356856,    1.53000450347686,    0.85620282977051,
  223,     9.38684460396306,    2.32864870890217,    0.65704415219117,    1.53002501669169,    0.85399918030877,
  224,     9.42858530191406,    2.33793825315632,    0.65442478448347,    1.53000473745749,    0.85179553451673,
  225,     9.47032772983399,    2.34724064704735,    0.65183961236846,    1.53002443350684,    0.84956814421862,
  226,     9.51207211478153,    2.35655677335823,    0.64925444323051,    1.53000495582778,    0.84734075689756,
  227,     9.55381867094050,    2.36588749863182,    0.64670186413110,    1.53002385568966,    0.84508861384180,
  228,     9.59556762987611,    2.37523380412603,    0.64414928723215,    1.53000516193749,    0.84283647298650,
  229,     9.63731920946363,    2.38459648879842,    0.64162775254911,    1.53002328584424,    0.84055852074594,
  230,     9.67907364566998,    2.39397663879532,    0.63910621923908,    1.53000535856717,    0.83828056987839,
  231,     9.72083116020434,    2.40337498230117,    0.63661423512597,    1.53002272607855,    0.83597570586923,
  232,     9.76259199337166,    2.41279271359640,    0.63412225155529,    1.53000554808196,    0.83367084240251,
  233,     9.80435637090949,    2.42223049072904,    0.63165837598535,    1.53002217803610,    0.83133791591237,
  234,     9.84612453744312,    2.43168961613866,    0.62919449992418,    1.53000573199719,    0.82900498893102,
  235,     9.88789672295552,    2.44117067868325,    0.62675734113839,    1.53002164383651,    0.82664280023625,
  236,     9.92967317633837,    2.45067507992775,    0.62432018180850,    1.53000591145405,    0.82428061099738,
  237,     9.97145413194696,    2.46020335254333,    0.62190839673036,    1.53002112261088,    0.82188791014857,
  238,     10.01323984305114,    2.46975701323311,    0.61949660936432,    1.53000609565166,    0.81949520701185,
  239,     10.05503054932078,    2.47933656241226,    0.61710888203774,    1.53002061422552,    0.81707067233753,
  240,     10.09682650887462,    2.48894358071070,    0.61472115297458,    1.53000626762315,    0.81464613592663,
  241,     10.13862796591023,    2.49857849574121,    0.61235623908114,    1.53002013070111,    0.81218841830377,
  242,     10.18043518274971,    2.50824298077637,    0.60999132015950,    1.53000644712459,    0.80973069565271,
  243,     10.22224840938767,    2.51793746843751,    0.60764799396269,    1.53001965161955,    0.80723836489517,
  244,     10.26406791271024,    2.52766367805480,    0.60530466842933,    1.53000662454582,    0.80474603480107,
  245,     10.30589394832600,    2.53742210234446,    0.60298174108690,    1.53001919714405,    0.80221759709608,
  246,     10.34772678905432,    2.54721446662493,    0.60065881027918,    1.53000681104886,    0.79968915592579,
  247,     10.38956669597378,    2.55704118500692,    0.59835514738670,    1.53001875512868,    0.79712307018056,
  248,     10.43141394654707,    2.56690412379708,    0.59605147664116,    1.53000699338553,    0.79455697658226,
  249,     10.47326880925345,    2.57680376746192,    0.59376594808278,    1.53001833201030,    0.79195160275527,
  250,     10.51513156688318,    2.58674189542691,    0.59148041806216,    1.53000717772602,    0.78934622746604,
  251,     10.55700249421496,    2.59671910316332,    0.58921195146299,    1.53001793017609,    0.78669987818243,
  252,     10.59888188004047,    2.60673712607819,    0.58694348309797,    1.53000736830111,    0.78405352713296,
  253,     10.64077000618328,    2.61679671529175,    0.58469101920064,    1.53001753850481,    0.78136442089371,
  254,     10.68266716808994,    2.62689952255362,    0.58243855631499,    1.53000756550065,    0.77867531566613,
  255,     10.72457365445932,    2.63704640637827,    0.58020107924165,    1.53001717099099,    0.77594160462501,
  256,     10.76648976801568,    2.64723897061253,    0.57796360120577,    1.53000776870748,    0.77320789262135,
  257,     10.80841580408680,    2.65747824056494,    0.57574010922020,    1.53001681247316,    0.77042763056710,
  258,     10.85035207186166,    2.66776572709468,    0.57351661871341,    1.53000797932285,    0.76764736999164,
  259,     10.89229887481426,    2.67810259838544,    0.57130614811655,    1.53001647974451,    0.76481853314093,
  260,     10.93425653082664,    2.68849027387579,    0.56909567784751,    1.53000819479779,    0.76198969661804,
  261,     10.97622535106919,    2.69893013723988,    0.56689728085096,    1.53001615600800,    0.75911015807529,
  262,     11.01820566133651,    2.70942348160925,    0.56469888645251,    1.53000842299303,    0.75623062213065,
  263,     11.06019778061696,    2.71997185968756,    0.56251164850441,    1.53001585467845,    0.75329816558962,
  264,     11.10220204341775,    2.73057646920795,    0.56032441417532,    1.53000866046986,    0.75036571266761,
  265,     11.14421877694730,    2.74123906821295,    0.55814743780812,    1.53001556234257,    0.74737801235729,
  266,     11.18624832514844,    2.75196075801635,    0.55597046985119,    1.53000891564639,    0.74439032045725,
  267,     11.22829102294991,    2.76274343068387,    0.55380288784848,    1.53001529029715,    0.74134495023109,
  268,     11.27034722469974,    2.77358811646039,    0.55163531804845,    1.53000916275903,    0.73829959220761,
  269,     11.31241727264877,    2.78449694539632,    0.54947628882212,    1.53001504779290,    0.73519401671002,
  270,     11.35450153235419,    2.79547075302636,    0.54731726689875,    1.53000941224178,    0.73208844851541,
  271,     11.39660035405575,    2.80651193178660,    0.54516597284461,    1.53001480759246,    0.72892001725574,
  272,     11.43871411374581,    2.81762120330804,    0.54301469164763,    1.53000970889413,    0.72575159885322,
  273,     11.48084316953207,    2.82880110765122,    0.54087033653087,    1.53001460707421,    0.72251753939855,
  274,     11.52298790948657,    2.84005228481687,    0.53872599496934,    1.53000999290291,    0.71928349349911,
  275,     11.56514869917889,    2.85137745942389,    0.53658781472923,    1.53001439992046,    0.71598091822673,
  276,     11.60732593864647,    2.86277719725419,    0.53444964936027,    1.53001026926906,    0.71267835782549,
  277,     11.64952000058477,    2.87425436445197,    0.53231691241511,    1.53001420878074,    0.70930426060615,
  278,     11.69173129715528,    2.88580947595120,    0.53018419158038,    1.53001056406217,    0.70593017949723,
  279,     11.73396020793959,    2.89744549714624,    0.52805619532328,    1.53001404537960,    0.70248142916325,
  280,     11.77620715746700,    2.90916292793474,    0.52592821565331,    1.53001086773348,    0.69903269541639,
  281,     11.81847253174189,    2.92096479524451,    0.52380429381548,    1.53001390183292,    0.69550604102262,
  282,     11.86075676744954,    2.93285162087564,    0.52168038883492,    1.53001117397352,    0.69197940348613,
  283,     11.90306025638807,    2.94482644041731,    0.51955991623842,    1.53001377871990,    0.68837147831437,
  284,     11.94538344696139,    2.95688983480633,    0.51743946015602,    1.53001147986300,    0.68476356965671,
  285,     11.98772673598077,    2.96904479128394,    0.51532185767829,    1.53001367737449,    0.68107089730199,
  286,     12.03009058278458,    2.98129198842011,    0.51320427074337,    1.53001178079020,    0.67737824049008,
  287,     12.07247538818898,    2.99363430252975,    0.51108901245797,    1.53001359934025,    0.67359724568380,
  288,     12.11488162124772,    3.00607254620499,    0.50897376802053,    1.53001207078501,    0.66981626472547,
  289,     12.15730968548383,    3.01860941778915,    0.50686038991970,    1.53001354651588,    0.66594328919203,
  290,     12.19976005791088,    3.03124589539756,    0.50474702315694,    1.53001234215860,    0.66207032499666,
  291,     12.24223314308704,    3.04398442897749,    0.50263513394874,    1.53001352119698,    0.65810164998930,
  292,     12.28472942356958,    3.05682618535625,    0.50052325266331,    1.53001258512087,    0.65413298290470,
  293,     12.32724930279748,    3.06977329333915,    0.49841254710034,    1.53001352615376,    0.65006486036924,
  294,     12.36979326564428,    3.08282711936843,    0.49630184504067,    1.53001278728396,    0.64599674133708,
  295,     12.41236171165322,    3.09598939704111,    0.49419212034828,    1.53001356469955,    0.64182543620235,
  296,     12.45495512378935,    3.10926168640457,    0.49208239363195,    1.53001293307407,    0.63765412904368,
  297,     12.49757389412306,    3.12264525118407,    0.48997356975251,    1.53001364079337,    0.63337597585386,
  298,     12.54021849825954,    3.13614181685892,    0.48786473709492,    1.53001300297425,    0.62909781388590,
  299,     12.58288931619114,    3.14975210225371,    0.48575688164846,    1.53001375915645,    0.62470929191049,
  300,     12.62558680919913,    3.16347794202415,    0.48364900929576,    1.53001297258897,    0.62032075302884,
  301,     12.66831133927738,    3.17731943417513,    0.48154236837579,    1.53001392541911,    0.61581858515773,
  302,     12.71106334454774,    3.19127843154138,    0.47943570086129,    1.53001281146957,    0.61131639069210,
  303,     12.75384316140675,    3.20535433285075,    0.47733073708345,    1.53001414631327,    0.60669767295629,
  304,     12.79665119365776,    3.21954887594339,    0.47522573521227,    1.53001248162204,    0.60207891712714,
  305,     12.83948774236637,    3.23386067610041,    0.47312317479494,    1.53001442992114,    0.59734128763994,
  306,     12.88235316296162,    3.24829117245866,    0.47102056263031,    1.53001193563856,    0.59260360640543,
  307,     12.92524770873746,    3.26283810169939,    0.46892145374741,    1.53001478599132,    0.58774546502899,
  308,     12.96817166906706,    3.27750236064646,    0.46682227683264,    1.53001111432133,    0.58288725562067,
  309,     13.01112523360878,    3.29228069334387,    0.46472806205913,    1.53001522637238,    0.57790804886122,
  310,     13.05410860344413,    3.30717314006182,    0.46263375968198,    1.53000994370605,    0.57292875449813,
  311,     13.09712188441531,    3.32217530804271,    0.46054636607064,    1.53001576556868,    0.56782934416386,
  312,     13.14016516133875,    3.33728598384455,    0.45845886110101,    1.53000833132174,    0.56272982247128,
  313,     13.18323843063212,    3.35249944830092,    0.45638081230816,    1.53001642147824,    0.55751296163113,
  314,     13.22634162563133,    3.36781273987087,    0.45430262302235,    1.53000616157142,    0.55229596029802,
  315,     13.26947460091701,    3.38321855787417,    0.45223717893858,    1.53001721634566,    0.54696690612719,
  316,     13.31263709398521,    3.39871158433506,    0.45017155829220,    1.53000329010588,    0.54163767539375,
  317,     13.35582877666747,    3.41428259107675,    0.44812288882179,    1.53001817796727,    0.53620497550814,
  318,     13.39904913473572,    3.42992316212858,    0.44607399784180,    1.52999953722088,    0.53077205411294,
  319,     13.44229760579210,    3.44562167400432,    0.44404739867187,    1.53001934114903,    0.52524855047104,
  320,     13.48557335354277,    3.46136571659708,    0.44202052189030,    1.52999468050344,    0.51972476921750,
  321,     13.52887551682320,    3.47714064560314,    0.44002268106785,    1.53002074932829,    0.51412887035886,
  322,     13.57220284895924,    3.49292898470369,    0.43802449298457,    1.52998844755596,    0.50853262423940,
  323,     13.61555410950263,    3.50871224695019,    0.43606381725589,    1.53002245605758,    0.50288989962120,
  324,     13.65892753108615,    3.52446662619969,    0.43410270913183,    1.52998051067801,    0.49724674260763,
  325,     13.70232139418894,    3.54016873867283,    0.43218971708487,    1.53002452559971,    0.49159188614542,
  326,     13.74573327420716,    3.55578699629063,    0.43027619177618,    1.52997048753121,    0.48593649642148,
  327,     13.78916085006280,    3.57129180978585,    0.42842397440701,    1.53002703091565,    0.48031567829196,
  328,     13.83260087347151,    3.58664221726914,    0.42657111110779,    1.52995795576661,    0.47469421423240,
  329,     13.87605027364996,    3.60180087511857,    0.42479584477907,    1.53003004547200,    0.46916776835300,
  330,     13.91950478085375,    3.61671586357865,    0.42301982085144,    1.52994249668162,    0.46364056487470,
  331,     13.96296039954446,    3.63134038956900,    0.42134128378278,    1.53003362159326,    0.45828580374110,
  332,     14.00641161353712,    3.64561034498092,    0.41966190855396,    1.52992379521876,    0.45293020444735,
  333,     14.04985330364610,    3.65946789994228,    0.41810388377973,    1.53003774153311,    0.44784384295261,
  334,     14.09327847103862,    3.67283659974471,    0.41654503291845,    1.52990184234475,    0.44275665537083,
  335,     14.13668066241491,    3.68564665570184,    0.41513535058212,    1.53004221653662,    0.43805574865566,
  336,     14.18005118773873,    3.69781155214917,    0.41372506066099,    1.52987730872583,    0.43335423435569,
  337,     14.22338206793710,    3.70925038380112,    0.41249480014008,    1.53004649573556,    0.42917354149714,
  338,     14.26666282049672,    3.71987369646529,    0.41126454531997,    1.52985216442451,    0.42499285433940,
  339,     14.30988383115476,    3.72959405079258,    0.41024554536338,    1.53004934535141,    0.42147502482958,
  340,     14.35303297537973,    3.73833464924862,    0.40922781678288,    1.52983052691580,    0.41795846669586,
  341,     14.39609909447483,    3.74601296476596,    0.40844717982941,    1.53004843106308,    0.41523170499765,
  342,     14.43906905107541,    3.75259292738193,    0.40766992872243,    1.52981929123007,    0.41250832914591,
  343,     14.48193062453842,    3.75801894577353,    0.40714008800654,    1.53004016431248,    0.41064602395688,
  344,     14.52467104275427,    3.76233585370590,    0.40661624009228,    1.52982685879826,    0.40878971156947,
  345,     14.56727813892596,    3.76554821258473,    0.40632093465983,    1.53002106924407,    0.40775378118873,
  346,     14.60974171255814,    3.76781548403904,    0.40603272280210,    1.52985638000027,    0.40672494438271,
  347,     14.65205151426135,    3.76923353054113,    0.40591615992433,    1.52999280057526,    0.40632139857646,
  348,     14.69420221278093,    3.77004707643850,    0.40580227061575,    1.52989366394701,    0.40592052633940,
  349,     14.73618761069858,    3.77043219856132,    0.40578036636825,    1.52996735889885,    0.40584220059880,
  350,     14.77800750294706,    3.77057327537969,    0.40575153769218,    1.52991590446635,    0.40575695042963,
  351,     14.81966070905854,    3.77063620848169,    0.40575410212236,    1.52995110920255,    0.40575681168814,
  352,     14.86114914514813,    3.77064870565397,    0.40574854246035,    1.52993521644910,    0.40574854885446,
  353,     14.90247513060698,    3.77065068679529,    0.40574779481167,    1.52993320117231,    0.40574779800873,
  354,     14.94364074071689,    3.77068060302829,    0.40574877367722,    1.52994903060721,    0.40574877367722,
  355,     14.98464886700028,    3.77065983992384,    0.40574713814105,    1.52993443895250,    0.40574713814105,
  356,     15.02550285805517,    3.77066346170576,    0.40574691134008,    1.52993505329001,    0.40574691134008,
  357,     15.06620562170552,    3.77065643624778,    0.40575114723889,    1.52994817485125,    0.40575114723889,
  358,     15.10676108571841,    3.77064946879574,    0.40575285457167,    1.52995178555303,    0.40575285457167,
  359,     15.14717353058080,    3.77061349240273,    0.40575734980832,    1.52995413782882,    0.40575734980832,
  360,     15.18744724023632,    3.77061660214433,    0.40576506102584,    1.52998447567415,    0.40576506102584,
  361,     15.22758705290932,    3.77056439075642,    0.40576986628307,    1.52998140864894,    0.40576986628307,
  362,     15.26759908484054,    3.77054750496704,    0.40577539577779,    1.52999540612694,    0.40577539577779,
  363,     15.30748895170500,    3.77052709981865,    0.40578048539447,    1.53000631675743,    0.40578048539447,
  364,     15.34726382421420,    3.77053433540674,    0.40578352602919,    1.53002071763547,    0.40578352602919,
  365,     15.38693101279812,    3.77051196605982,    0.40578287851423,    1.53000919906010,    0.40578287851423,
  366,     15.42649857171795,    3.77054382925477,    0.40578516892022,    1.53003076467524,    0.40578516892022,
  367,     15.46597426973059,    3.77052364253426,    0.40578584253786,    1.53002511309469,    0.40578584253786,
  368,     15.50536776011141,    3.77053727300720,    0.40578392025712,    1.53002339611644,    0.40578392025712,
  369,     15.54468787329309,    3.77053385656952,    0.40578823159733,    1.53003826583519,    0.40578823159733,
  370,     15.58394430937744,    3.77055194615121,    0.40578750309824,    1.53004285953090,    0.40578750309824,
  371,     15.62314747753298,    3.77054520844548,    0.40578873774644,    1.53004478075099,    0.40578873774644,
  372,     15.66230670510102,    3.77054753044891,    0.40579029303634,    1.53005158728831,    0.40579029303634,
  373,     15.70143176188150,    3.77057106440945,    0.40579260874867,    1.53006986869897,    0.40579260874867,
  374,     15.74053146196477,    3.77053998463018,    0.40579181378041,    1.53005425929465,    0.40579181378041,
  375,     15.77961391389442,    3.77058753846925,    0.40579533930107,    1.53008684953750,    0.40579533930107,
  376,     15.81868507319248,    3.77057242974272,    0.40579714354169,    1.53008752150663,    0.40579714354169,
  377,     15.85775037107870,    3.77059766058722,    0.40579804639610,    1.53010116441200,    0.40579804639610,
  378,     15.89681242412253,    3.77059672797935,    0.40580076954431,    1.53011105385529,    0.40580076954431,
  379,     15.93587344109165,    3.77061815524470,    0.40580315510543,    1.53012874409612,    0.40580315510543,
  380,     15.97493351736780,    3.77062311385989,    0.40580464129917,    1.53013636019425,    0.40580464129917,
  381,     16.01399395998172,    3.77062887221574,    0.40580641210693,    1.53014537402068,    0.40580641210693,
  382,     16.05305361636837,    3.77066980520109,    0.40581139149260,    1.53018076050780,    0.40581139149260,
  383,     16.09211344086194,    3.77064176639846,    0.40580926902242,    1.53016137896759,    0.40580926902242,
  384,     16.13117316359228,    3.77067395639756,    0.40581336243810,    1.53018987690345,    0.40581336243810,
  385,     16.17023239498623,    3.77066550168665,    0.40581340632373,    1.53018661134685,    0.40581340632373,
  386,     16.20929191438465,    3.77065592154312,    0.40581211302761,    1.53017784702147,    0.40581211302761,
  387,     16.24835132062427,    3.77066415296460,    0.40581235970785,    1.53018211758035,    0.40581235970785,
  388,     16.28741086664699,    3.77064748834393,    0.40581013534020,    1.53016696756502,    0.40581013534020,
  389,     16.32647080099309,    3.77063117184559,    0.40580583495964,    1.53014413101566,    0.40580583495964,
  390,     16.36553107494963,    3.77060991168213,    0.40580205525433,    1.53012125172296,    0.40580205525433,
  391,     16.40459185827946,    3.77057983756574,    0.40579575405319,    1.53008528840276,    0.40579575405319,
  392,     16.44365322395066,    3.77055212457406,    0.40578968734693,    1.53005116775622,    0.40578968734693,
  393,     16.48271506650384,    3.77052990541871,    0.40578587963806,    1.53002779437195,    0.40578587963806,
  394,     16.52177727396966,    3.77051561913596,    0.40578212632488,    1.53000784527417,    0.40578212632488,
  395,     16.56083969042141,    3.77050911375694,    0.40578146267923,    1.53000270322566,    0.40578146267923,
  396,     16.59990217436767,    3.77050727254558,    0.40578084137462,    1.52999961346266,    0.40578084137462,
  397,     16.63896467632467,    3.77050716759119,    0.40578092882733,    1.52999990061524,    0.40578092882733,
  398,     16.67802717754783,    3.77050722539506,    0.40578093923832,    1.52999996332568,    0.40578093923832,
  399,     16.71708967775298,    3.77050725799558,    0.40578094440163,    1.52999999602264,    0.40578094440163,
  400,     16.75615217772947,    3.77050726149405,    0.40578094621868,    1.53000000429347,    0.40578094621868,
  401,     16.79521467770897,    3.77050725931635,    0.40578094545553,    1.53000000053233,    0.40578094545553,
  402,     16.83427717770819,    3.77050725890375,    0.40578094528907,    1.52999999973726,    0.40578094528907,
  403,     16.87333967770935,    3.77050725901365,    0.40578094533869,    1.52999999996894,    0.40578094533869,
  404,     16.91240217770942,    3.77050725903665,    0.40578094534780,    1.53000000001265,    0.40578094534780,
  405,     16.95146467770937,    3.77050725903183,    0.40578094534533,    1.53000000000137,    0.40578094534533,
  406,     16.99052717770936,    3.77050725903170,    0.40578094534486,    1.52999999999954,    0.40578094534486,
  407,     17.02958967770937,    3.77050725903127,    0.40578094534503,    1.52999999999999,    0.40578094534503,
  408,     17.06865217770936,    3.77050725903106,    0.40578094534523,    1.53000000000067,    0.40578094534523,
  409,     17.10771467770936,    3.77050725903102,    0.40578094534495,    1.52999999999961,    0.40578094534495,
  410,     17.14677717770938,    3.77050725903138,    0.40578094534492,    1.52999999999962,    0.40578094534492,
  411,     17.18583967770937,    3.77050725903115,    0.40578094534510,    1.53000000000022,    0.40578094534510,
  412,     17.22490217770936,    3.77050725903146,    0.40578094534503,    1.53000000000007,    0.40578094534503,
  413,     17.26396467770937,    3.77050725903144,    0.40578094534503,    1.53000000000006,    0.40578094534503,
  414,     17.30302717770936,    3.77050725903177,    0.40578094534490,    1.52999999999971,    0.40578094534490,
  415,     17.34208967770938,    3.77050725903022,    0.40578094534497,    1.52999999999936,    0.40578094534497,
  416,     17.38115217770937,    3.77050725903226,    0.40578094534515,    1.53000000000085,    0.40578094534515,
  417,     17.42021467770937,    3.77050725903123,    0.40578094534507,    1.53000000000015,    0.40578094534507,
  418,     17.45927717770937,    3.77050725903069,    0.40578094534505,    1.52999999999983,    0.40578094534505,
  419,     17.49833967770937,    3.77050725903191,    0.40578094534508,    1.53000000000046,    0.40578094534508,
  420,     17.53740217770936,    3.77050725903035,    0.40578094534509,    1.52999999999986,    0.40578094534509,
  421,     17.57646467770936,    3.77050725903094,    0.40578094534496,    1.52999999999962,    0.40578094534496,
  422,     17.61552717770937,    3.77050725903080,    0.40578094534494,    1.52999999999949,    0.40578094534494,
  423,     17.65458967770938,    3.77050725903102,    0.40578094534504,    1.52999999999993,    0.40578094534504,
  424,     17.69365217770937,    3.77050725903149,    0.40578094534505,    1.53000000000019,    0.40578094534505,
  425,     17.73271467770938,    3.77050725903146,    0.40578094534500,    1.52999999999997,    0.40578094534500,
  426,     17.77177717770938,    3.77050725902984,    0.40578094534494,    1.52999999999910,    0.40578094534494,
  427,     17.81083967770939,    3.77050725903170,    0.40578094534504,    1.53000000000020,    0.40578094534504,
  428,     17.84990217770938,    3.77050725903019,    0.40578094534504,    1.52999999999959,    0.40578094534504,
  429,     17.88896467770939,    3.77050725903170,    0.40578094534504,    1.53000000000020,    0.40578094534504,
  430,     17.92802717770938,    3.77050725903019,    0.40578094534504,    1.52999999999959,    0.40578094534504,
  431,     17.96708967770939,    3.77050725903170,    0.40578094534504,    1.53000000000020,    0.40578094534504,
  432,     18.00615217770938,    3.77050725903019,    0.40578094534504,    1.52999999999959,    0.40578094534504,
  433,     18.04521467770939,    3.77050725903170,    0.40578094534504,    1.53000000000020,    0.40578094534504,
  434,     18.08427717770938,    3.77050725903019,    0.40578094534504,    1.52999999999959,    0.40578094534504,
  435,     18.12333967770939,    3.77050725903170,    0.40578094534504,    1.53000000000020,    0.40578094534504,
  436,     18.16240217770938,    3.77050725903019,    0.40578094534504,    1.52999999999959,    0.40578094534504,
  437,     18.20146467770939,    3.77050725903170,    0.40578094534504,    1.53000000000020,    0.40578094534504,
  438,     18.24052717770938,    3.77050725903019,    0.40578094534504,    1.52999999999959,    0.40578094534504,
  439,     18.27958967770939,    3.77050725903170,    0.40578094534504,    1.53000000000020,    0.40578094534504,
  440,     18.31865217770938,    3.77050725903019,    0.40578094534504,    1.52999999999959,    0.40578094534504,
  441,     18.35771467770939,    3.77050725903170,    0.40578094534504,    1.53000000000020,    0.40578094534504,
  442,     18.39677717770938,    3.77050725903019,    0.40578094534504,    1.52999999999959,    0.40578094534504,
  443,     18.43583967770939,    3.77050725903170,    0.40578094534504,    1.53000000000020,    0.40578094534504,
  444,     18.47490217770938,    3.77050725903019,    0.40578094534504,    1.52999999999959,    0.40578094534504,
  445,     18.51396467770939,    3.77050725903170,    0.40578094534504,    1.53000000000020,    0.40578094534504,
  446,     18.55302717770938,    3.77050725903019,    0.40578094534504,    1.52999999999959,    0.40578094534504,
  447,     18.59208967770939,    3.77050725903170,    0.40578094534504,    1.53000000000020,    0.40578094534504,
  448,     18.63115217770938,    3.77050725903019,    0.40578094534504,    1.52999999999959,    0.40578094534504,
  449,     18.67021467770939,    3.77050725903170,    0.40578094534504,    1.53000000000020,    0.40578094534504,
  450,     18.70927717770938,    3.77050725903019,    0.40578094534504,    1.52999999999959,    0.40578094534504,
  451,     18.74833967770939,    3.77050725903170,    0.40578094534504,    1.53000000000020,    0.40578094534504,
  452,     18.78740217770938,    3.77050725903019,    0.40578094534504,    1.52999999999959,    0.40578094534504,
  453,     18.82646467770939,    3.77050725903170,    0.40578094534504,    1.53000000000020,    0.40578094534504,
  454,     18.86552717770938,    3.77050725903019,    0.40578094534504,    1.52999999999959,    0.40578094534504,
  455,     18.90458967770939,    3.77050725903170,    0.40578094534504,    1.53000000000020,    0.40578094534504,
  456,     18.94365217770938,    3.77050725903019,    0.40578094534504,    1.52999999999959,    0.40578094534504,
  457,     18.98271467770939,    3.77050725903170,    0.40578094534504,    1.53000000000020,    0.40578094534504,
  458,     19.02177717770938,    3.77050725903019,    0.40578094534504,    1.52999999999959,    0.40578094534504,
  459,     19.06083967770939,    3.77050725903170,    0.40578094534504,    1.53000000000020,    0.40578094534504,
  460,     19.09990217770938,    3.77050725903019,    0.40578094534504,    1.52999999999959,    0.40578094534504,
  461,     19.13896467770939,    3.77050725903170,    0.40578094534504,    1.53000000000020,    0.40578094534504,
  462,     19.17802717770938,    3.77050725903019,    0.40578094534504,    1.52999999999959,    0.40578094534504,
  463,     19.21708967770939,    3.77050725903170,    0.40578094534504,    1.53000000000020,    0.40578094534504,
  464,     19.25615217770938,    3.77050725903019,    0.40578094534504,    1.52999999999959,    0.40578094534504,
  465,     19.29521467770939,    3.77050725903170,    0.40578094534504,    1.53000000000020,    0.40578094534504,
  466,     19.33427717770938,    3.77050725903019,    0.40578094534504,    1.52999999999959,    0.40578094534504,
  467,     19.37333967770939,    3.77050725903170,    0.40578094534504,    1.53000000000020,    0.40578094534504,
  468,     19.41240217770938,    3.77050725903019,    0.40578094534504,    1.52999999999959,    0.40578094534504,
  469,     19.45146467770939,    3.77050725903170,    0.40578094534504,    1.53000000000020,    0.40578094534504,
  470,     19.49052717770938,    3.77050725903019,    0.40578094534504,    1.52999999999959,    0.40578094534504,
  471,     19.52958967770939,    3.77050725903170,    0.40578094534504,    1.53000000000020,    0.40578094534504,
  472,     19.56865217770938,    3.77050725903019,    0.40578094534504,    1.52999999999959,    0.40578094534504,
  473,     19.60771467770939,    3.77050725903170,    0.40578094534504,    1.53000000000020,    0.40578094534504,
  474,     19.64677717770938,    3.77050725903019,    0.40578094534504,    1.52999999999959,    0.40578094534504,
  475,     19.68583967770939,    3.77050725903170,    0.40578094534504,    1.53000000000020,    0.40578094534504,
  476,     19.72490217770938,    3.77050725903019,    0.40578094534504,    1.52999999999959,    0.40578094534504,
  477,     19.76396467770939,    3.77050725903170,    0.40578094534504,    1.53000000000020,    0.40578094534504,
  478,     19.80302717770938,    3.77050725903019,    0.40578094534504,    1.52999999999959,    0.40578094534504,
  479,     19.84208967770939,    3.77050725903170,    0.40578094534504,    1.53000000000020,    0.40578094534504,
  480,     19.88115217770938,    3.77050725903019,    0.40578094534504,    1.52999999999959,    0.40578094534504,
  481,     19.92021467770939,    3.77050725903170,    0.40578094534504,    1.53000000000020,    0.40578094534504,
  482,     19.95927717770938,    3.77050725903019,    0.40578094534504,    1.52999999999959,    0.40578094534504,
  483,     19.99833967770939,    3.77050725903170,    0.40578094534504,    1.53000000000020,    0.40578094534504,
  484,     20.03740217770938,    3.77050725903019,    0.40578094534504,    1.52999999999959,    0.40578094534504,
  485,     20.07646467770939,    3.77050725903170,    0.40578094534504,    1.53000000000020,    0.40578094534504,
  486,     20.11552717770938,    3.77050725903019,    0.40578094534504,    1.52999999999959,    0.40578094534504,
  487,     20.15458967770939,    3.77050725903170,    0.40578094534504,    1.53000000000020,    0.40578094534504,
  488,     20.19365217770938,    3.77050725903019,    0.40578094534504,    1.52999999999959,    0.40578094534504,
  489,     20.23271467770939,    3.77050725903170,    0.40578094534504,    1.53000000000020,    0.40578094534504,
  490,     20.27177717770938,    3.77050725903019,    0.40578094534504,    1.52999999999959,    0.40578094534504,
  491,     20.31083967770939,    3.77050725903170,    0.40578094534504,    1.53000000000020,    0.40578094534504,
  492,     20.34990217770938,    3.77050725903019,    0.40578094534504,    1.52999999999959,    0.40578094534504,
  493,     20.38896467770939,    3.77050725903170,    0.40578094534504,    1.53000000000020,    0.40578094534504,
  494,     20.42802717770938,    3.77050725903019,    0.40578094534504,    1.52999999999959,    0.40578094534504,
  495,     20.46708967770939,    3.77050725903170,    0.40578094534504,    1.53000000000020,    0.40578094534504,
  496,     20.50615217770938,    3.77050725903019,    0.40578094534504,    1.52999999999959,    0.40578094534504,
  497,     20.54521467770939,    3.77050725903170,    0.40578094534504,    1.53000000000020,    0.40578094534504,
  498,     20.58427717770938,    3.77050725903019,    0.40578094534504,    1.52999999999959,    0.40578094534504,
  499,     20.62333967770939,    3.77050725903170,    0.40578094534504,    1.53000000000020,    0.40578094534504,
  500,     20.66240217770938,    3.77050725903019,    0.40578094534504,    1.52999999999959,    0.40578094534504,
  501,     20.70146467770939,    3.77050725903170,    0.40578094534504,    1.53000000000020,    0.40578094534504,
  502,     20.74052717770938,    3.77050725903019,    0.40578094534504,    1.52999999999959,    0.40578094534504,
  503,     20.77958967770939,    3.77050725903170,    0.40578094534504,    1.53000000000020,    0.40578094534504,
  504,     20.81865217770938,    3.77050725903019,    0.40578094534504,    1.52999999999959,    0.40578094534504,
  505,     20.85771467770939,    3.77050725903170,    0.40578094534504,    1.53000000000020,    0.40578094534504,
  506,     20.89677717770938,    3.77050725903019,    0.40578094534504,    1.52999999999959,    0.40578094534504,
  507,     20.93583967770939,    3.77050725903170,    0.40578094534504,    1.53000000000020,    0.40578094534504,
  508,     20.97490217770938,    3.77050725903019,    0.40578094534504,    1.52999999999959,    0.40578094534504,
  509,     21.01396467770939,    3.77050725903170,    0.40578094534504,    1.53000000000020,    0.40578094534504,
  510,     21.05302717770938,    3.77050725903019,    0.40578094534504,    1.52999999999959,    0.40578094534504,
  511,     21.09208967770939,    3.77050725903170,    0.40578094534504,    1.53000000000020,    0.40578094534504,
  512,     21.13115217770938,    3.77050725903019,    0.40578094534504,    1.52999999999959,    0.40578094534504,
  513,     21.17021467770939,    3.77050725903170,    0.40578094534504,    1.53000000000020,    0.40578094534504,
  514,     21.20927717770938,    3.77050725903019,    0.40578094534504,    1.52999999999959,    0.40578094534504,
  515,     21.24833967770939,    3.77050725903170,    0.40578094534504,    1.53000000000020,    0.40578094534504,
  516,     21.28740217770938,    3.77050725903019,    0.40578094534504,    1.52999999999959,    0.40578094534504,
  517,     21.32646467770939,    3.77050725903170,    0.40578094534504,    1.53000000000020,    0.40578094534504,
  518,     21.36552717770938,    3.77050725903019,    0.40578094534504,    1.52999999999959,    0.40578094534504,
  519,     21.40458967770939,    3.77050725903168,    0.40578094534504,    1.53000000000019,    0.40578094534504,
  520,     21.44365217770938,    3.77050725903020,    0.40578094534504,    1.52999999999960,    0.40578094534504,
  521,     21.48271467770939,    3.77050725903171,    0.40578094534504,    1.53000000000021,    0.40578094534504,
  522,     21.52177717770938,    3.77050725902995,    0.40578094534509,    1.52999999999970,    0.40578094534509,
  523,     21.56083967770938,    3.77050725903165,    0.40578094534505,    1.53000000000025,    0.40578094534505,
  524,     21.59990217770937,    3.77050725903107,    0.40578094534505,    1.53000000000002,    0.40578094534505,
  525,     21.63896467770938,    3.77050725903121,    0.40578094534502,    1.52999999999994,    0.40578094534502,
  526,     21.67802717770937,    3.77050725903112,    0.40578094534503,    1.52999999999993,    0.40578094534503,
  527,     21.71708967770938,    3.77050725903136,    0.40578094534503,    1.53000000000003,    0.40578094534503,
  528,     21.75615217770938,    3.77050725903063,    0.40578094534504,    1.52999999999977,    0.40578094534504,
  529,     21.79521467770938,    3.77050725903151,    0.40578094534500,    1.52999999999999,    0.40578094534500,
  530,     21.83427717770938,    3.77050725903162,    0.40578094534496,    1.52999999999989,    0.40578094534496,
  531,     21.87333967770939,    3.77050725903040,    0.40578094534496,    1.52999999999940,    0.40578094534496,
  532,     21.91240217770940,    3.77050725903201,    0.40578094534508,    1.53000000000050,    0.40578094534508,
  533,     21.95146467770938,    3.77050725903088,    0.40578094534516,    1.53000000000032,    0.40578094534516,
  534,     21.99052717770937,    3.77050725903127,    0.40578094534505,    1.53000000000006,    0.40578094534505,
  535,     22.02958967770938,    3.77050725903145,    0.40578094534497,    1.52999999999986,    0.40578094534497,
  536,     22.06865217770939,    3.77050725903108,    0.40578094534503,    1.52999999999992,    0.40578094534503,
  537,     22.10771467770938,    3.77050725903128,    0.40578094534510,    1.53000000000028,    0.40578094534510,
  538,     22.14677717770938,    3.77050725903157,    0.40578094534501,    1.53000000000005,    0.40578094534501,
  539,     22.18583967770938,    3.77050725903071,    0.40578094534505,    1.52999999999984,    0.40578094534505,
  540,     22.22490217770937,    3.77050725903103,    0.40578094534510,    1.53000000000018,    0.40578094534510,
  541,     22.26396467770937,    3.77050725903117,    0.40578094534503,    1.52999999999995,    0.40578094534503,
  542,     22.30302717770938,    3.77050725903121,    0.40578094534500,    1.52999999999986,    0.40578094534500,
  543,     22.34208967770939,    3.77050725903167,    0.40578094534493,    1.52999999999978,    0.40578094534493,
  544,     22.38115217770940,    3.77050725903153,    0.40578094534493,    1.52999999999972,    0.40578094534493,
  545,     22.42021467770939,    3.77050725903117,    0.40578094534518,    1.53000000000054,    0.40578094534518,
  546,     22.45927717770937,    3.77050725903025,    0.40578094534498,    1.52999999999941,    0.40578094534498,
  547,     22.49833967770939,    3.77050725903164,    0.40578094534498,    1.52999999999997,    0.40578094534498,
  548,     22.53740217770937,    3.77050725903236,    0.40578094534521,    1.53000000000113,    0.40578094534521,
  549,     22.57646467770938,    3.77050725903028,    0.40578094534499,    1.52999999999945,    0.40578094534499,
  550,     22.61552717770939,    3.77050725903149,    0.40578094534513,    1.53000000000047,    0.40578094534513,
  551,     22.65458967770937,    3.77050725903157,    0.40578094534509,    1.53000000000036,    0.40578094534509,
  552,     22.69365217770937,    3.77050725902974,    0.40578094534490,    1.52999999999889,    0.40578094534490,
  553,     22.73271467770938,    3.77050725903188,    0.40578094534508,    1.53000000000045,    0.40578094534508,
  554,     22.77177717770937,    3.77050725903082,    0.40578094534512,    1.53000000000016,    0.40578094534512,
  555,     22.81083967770938,    3.77050725903143,    0.40578094534497,    1.52999999999985,    0.40578094534497,
  556,     22.84990217770939,    3.77050725903117,    0.40578094534514,    1.53000000000037,    0.40578094534514,
  557,     22.88896467770937,    3.77050725903109,    0.40578094534510,    1.53000000000020,    0.40578094534510,
  558,     22.92802717770938,    3.77050725903070,    0.40578094534488,    1.52999999999921,    0.40578094534488,
  559,     22.96708967770939,    3.77050725903113,    0.40578094534503,    1.52999999999994,    0.40578094534503,
  560,     23.00615217770938,    3.77050725903168,    0.40578094534506,    1.53000000000030,    0.40578094534506,
  561,     23.04521467770938,    3.77050725903109,    0.40578094534503,    1.52999999999992,    0.40578094534503,
  562,     23.08427717770938,    3.77050725903142,    0.40578094534503,    1.53000000000005,    0.40578094534503,
  563,     23.12333967770938,    3.77050725903109,    0.40578094534503,    1.52999999999992,    0.40578094534503,
  564,     23.16240217770938,    3.77050725903142,    0.40578094534503,    1.53000000000005,    0.40578094534503,
  565,     23.20146467770938,    3.77050725903109,    0.40578094534503,    1.52999999999992,    0.40578094534503,
  566,     23.24052717770938,    3.77050725903142,    0.40578094534503,    1.53000000000005,    0.40578094534503,
  567,     23.27958967770938,    3.77050725903109,    0.40578094534503,    1.52999999999992,    0.40578094534503,
  568,     23.31865217770938,    3.77050725903142,    0.40578094534503,    1.53000000000005,    0.40578094534503,
  569,     23.35771467770938,    3.77050725903109,    0.40578094534503,    1.52999999999992,    0.40578094534503,
  570,     23.39677717770938,    3.77050725903142,    0.40578094534503,    1.53000000000005,    0.40578094534503,
  571,     23.43583967770938,    3.77050725903109,    0.40578094534503,    1.52999999999992,    0.40578094534503,
  572,     23.47490217770938,    3.77050725903142,    0.40578094534503,    1.53000000000005,    0.40578094534503,
  573,     23.51396467770938,    3.77050725903109,    0.40578094534503,    1.52999999999992,    0.40578094534503,
  574,     23.55302717770938,    3.77050725903142,    0.40578094534503,    1.53000000000005,    0.40578094534503,
  575,     23.59208967770938,    3.77050725903109,    0.40578094534503,    1.52999999999992,    0.40578094534503,
  576,     23.63115217770938,    3.77050725903142,    0.40578094534503,    1.53000000000005,    0.40578094534503,
  577,     23.67021467770938,    3.77050725903109,    0.40578094534503,    1.52999999999992,    0.40578094534503,
  578,     23.70927717770938,    3.77050725903142,    0.40578094534503,    1.53000000000005,    0.40578094534503,
  579,     23.74833967770938,    3.77050725903109,    0.40578094534503,    1.52999999999992,    0.40578094534503,
  580,     23.78740217770938,    3.77050725903142,    0.40578094534503,    1.53000000000005,    0.40578094534503,
  581,     23.82646467770938,    3.77050725903109,    0.40578094534503,    1.52999999999992,    0.40578094534503,
  582,     23.86552717770938,    3.77050725903142,    0.40578094534503,    1.53000000000005,    0.40578094534503,
  583,     23.90458967770938,    3.77050725903109,    0.40578094534503,    1.52999999999992,    0.40578094534503,
  584,     23.94365217770938,    3.77050725903142,    0.40578094534503,    1.53000000000005,    0.40578094534503,
  585,     23.98271467770938,    3.77050725903109,    0.40578094534503,    1.52999999999992,    0.40578094534503,
  586,     24.02177717770938,    3.77050725903142,    0.40578094534503,    1.53000000000005,    0.40578094534503,
  587,     24.06083967770938,    3.77050725903109,    0.40578094534503,    1.52999999999992,    0.40578094534503,
  588,     24.09990217770938,    3.77050725903142,    0.40578094534503,    1.53000000000005,    0.40578094534503,
  589,     24.13896467770938,    3.77050725903109,    0.40578094534503,    1.52999999999992,    0.40578094534503,
  590,     24.17802717770938,    3.77050725903142,    0.40578094534503,    1.53000000000005,    0.40578094534503,
  591,     24.21708967770938,    3.77050725903109,    0.40578094534503,    1.52999999999992,    0.40578094534503,
  592,     24.25615217770938,    3.77050725903142,    0.40578094534503,    1.53000000000005,    0.40578094534503,
  593,     24.29521467770938,    3.77050725903109,    0.40578094534503,    1.52999999999992,    0.40578094534503,
  594,     24.33427717770938,    3.77050725903142,    0.40578094534503,    1.53000000000005,    0.40578094534503,
  595,     24.37333967770938,    3.77050725903109,    0.40578094534503,    1.52999999999992,    0.40578094534503,
  596,     24.41240217770938,    3.77050725903142,    0.40578094534503,    1.53000000000005,    0.40578094534503,
  597,     24.45146467770938,    3.77050725903109,    0.40578094534503,    1.52999999999992,    0.40578094534503,
  598,     24.49052717770938,    3.77050725903142,    0.40578094534503,    1.53000000000005,    0.40578094534503,
  599,     24.52958967770938,    3.77050725903109,    0.40578094534503,    1.52999999999992,    0.40578094534503,
  600,     24.56865217770938,    3.77050725903142,    0.40578094534503,    1.53000000000005,    0.40578094534503,
  601,     24.60771467770938,    3.77050725903109,    0.40578094534503,    1.52999999999992,    0.40578094534503,
  602,     24.64677717770938,    3.77050725903142,    0.40578094534503,    1.53000000000005,    0.40578094534503,
  603,     24.68583967770938,    3.77050725903109,    0.40578094534503,    1.52999999999992,    0.40578094534503,
  604,     24.72490217770938,    3.77050725903142,    0.40578094534503,    1.53000000000005,    0.40578094534503,
  605,     24.76396467770938,    3.77050725903109,    0.40578094534503,    1.52999999999992,    0.40578094534503,
  606,     24.80302717770938,    3.77050725903142,    0.40578094534503,    1.53000000000005,    0.40578094534503,
  607,     24.84208967770938,    3.77050725903109,    0.40578094534503,    1.52999999999992,    0.40578094534503,
  608,     24.88115217770938,    3.77050725903142,    0.40578094534503,    1.53000000000005,    0.40578094534503,
  609,     24.92021467770938,    3.77050725903109,    0.40578094534503,    1.52999999999992,    0.40578094534503,
  610,     24.95927717770938,    3.77050725903142,    0.40578094534503,    1.53000000000005,    0.40578094534503,
  611,     24.99833967770938,    3.77050725903109,    0.40578094534503,    1.52999999999992,    0.40578094534503,
  612,     25.03740217770938,    3.77050725903142,    0.40578094534503,    1.53000000000005,    0.40578094534503,
  613,     25.07646467770938,    3.77050725903109,    0.40578094534503,    1.52999999999992,    0.40578094534503,
  614,     25.11552717770938,    3.77050725903142,    0.40578094534503,    1.53000000000005,    0.40578094534503,
  615,     25.15458967770938,    3.77050725903109,    0.40578094534503,    1.52999999999992,    0.40578094534503,
  616,     25.19365217770938,    3.77050725903142,    0.40578094534503,    1.53000000000005,    0.40578094534503,
  617,     25.23271467770938,    3.77050725903109,    0.40578094534503,    1.52999999999992,    0.40578094534503,
  618,     25.27177717770938,    3.77050725903142,    0.40578094534503,    1.53000000000005,    0.40578094534503,
  619,     25.31083967770938,    3.77050725903109,    0.40578094534503,    1.52999999999992,    0.40578094534503,
  620,     25.34990217770938,    3.77050725903142,    0.40578094534503,    1.53000000000005,    0.40578094534503,
  621,     25.38896467770938,    3.77050725903109,    0.40578094534503,    1.52999999999992,    0.40578094534503,
  622,     25.42802717770938,    3.77050725903142,    0.40578094534503,    1.53000000000005,    0.40578094534503,
  623,     25.46708967770938,    3.77050725903109,    0.40578094534503,    1.52999999999992,    0.40578094534503,
  624,     25.50615217770938,    3.77050725903142,    0.40578094534503,    1.53000000000005,    0.40578094534503,
  625,     25.54521467770938,    3.77050725903109,    0.40578094534503,    1.52999999999992,    0.40578094534503,
  626,     25.58427717770938,    3.77050725903142,    0.40578094534503,    1.53000000000005,    0.40578094534503,
  627,     25.62333967770938,    3.77050725903109,    0.40578094534503,    1.52999999999992,    0.40578094534503,
  628,     25.66240217770938,    3.77050725903142,    0.40578094534503,    1.53000000000005,    0.40578094534503,
  629,     25.70146467770938,    3.77050725903109,    0.40578094534503,    1.52999999999992,    0.40578094534503,
  630,     25.74052717770938,    3.77050725903142,    0.40578094534503,    1.53000000000005,    0.40578094534503,
  631,     25.77958967770938,    3.77050725903109,    0.40578094534503,    1.52999999999992,    0.40578094534503,
  632,     25.81865217770938,    3.77050725903142,    0.40578094534503,    1.53000000000005,    0.40578094534503,
  633,     25.85771467770938,    3.77050725903109,    0.40578094534503,    1.52999999999992,    0.40578094534503,
  634,     25.89677717770938,    3.77050725903154,    0.40578094534505,    1.53000000000021,    0.40578094534505,
  635,     25.93583967770938,    3.77050725903100,    0.40578094534502,    1.52999999999985,    0.40578094534502,
  636,     25.97490217770937,    3.77050725903166,    0.40578094534498,    1.52999999999998,    0.40578094534498,
  637,     26.01396467770938,    3.77050725903101,    0.40578094534505,    1.52999999999999,    0.40578094534505,
  638,     26.05302717770937,    3.77050725903150,    0.40578094534506,    1.53000000000023,    0.40578094534506,
  639,     26.09208967770938,    3.77050725903099,    0.40578094534506,    1.53000000000002,    0.40578094534506,
  640,     26.13115217770938,    3.77050725903128,    0.40578094534518,    1.53000000000059,    0.40578094534518,
