 indi,                  x_v,                   v,                   H,                   q,                 eta
    0,     0.66300000000000,    2.21000000000000,    2.00000000000000,    4.42000000000000,    2.00000000000000,
    1,     0.81925000000000,    2.21000000000001,    2.00000000000000,    4.42000000000002,    2.00000000000000,
    2,     0.97550000000000,    2.21000000000000,    1.99999999999999,    4.41999999999999,    1.99999999999999,
    3,     1.13175000000000,    2.21000000000000,    2.00000000000000,    4.42000000000000,    2.00000000000000,
    4,     1.28800000000000,    2.20999999999999,    2.00000000000001,    4.41999999999999,    2.00000000000001,
    5,     1.44425000000000,    2.21000000000002,    2.00000000000000,    4.42000000000003,    2.00000000000000,
    6,     1.60050000000000,    2.21000000000000,    1.99999999999999,    4.41999999999998,    1.99999999999999,
    7,     1.75675000000000,    2.20999999999998,    2.00000000000001,    4.41999999999997,    2.00000000000001,
    8,     1.91300000000000,    2.21000000000002,    2.00000000000001,    4.42000000000005,    2.00000000000001,
    9,     2.06925000000000,    2.21000000000000,    2.00000000000000,    4.42000000000001,    2.00000000000000,
   10,     2.22550000000000,    2.20999999999998,    1.99999999999999,    4.41999999999993,    1.99999999999999,
   11,     2.38175000000000,    2.21000000000002,    2.00000000000000,    4.42000000000003,    2.00000000000000,
   12,     2.53800000000000,    2.20999999999994,    2.00000000000007,    4.42000000000005,    2.00000000000007,
   13,     2.69424999999999,    2.20999999999978,    2.00000000000003,    4.41999999999961,    2.00000000000003,
   14,     2.85050000000000,    2.21000000000330,    1.99999999999472,    4.41999999999492,    1.99999999999472,
   15,     3.00675000000019,    2.21000000000392,    2.00000000000551,    4.42000000002002,    2.00000000000551,
   16,     3.16299999999913,    2.20999999980534,    2.00000000025773,    4.42000000018025,    2.00000000025773,
   17,     3.31924999999416,    2.21000000011009,    1.99999999963329,    4.41999999940976,    1.99999999963329,
   18,     3.47550000005643,    2.21000000749045,    1.99999999131365,    4.41999999578407,    1.99999999131365,
   19,     3.63175000016020,    2.20999999178645,    2.00000001348884,    4.42000001338325,    2.00000001348884,
   20,     3.78799999794880,    2.20999978355644,    2.00000021528454,    4.42000004289167,    2.00000021528454,
   21,     3.94424999464456,    2.21000018014462,    1.99999969714283,    4.41999969097485,    1.99999969714283,
   22,     4.10050004527028,    2.21000474942273,    1.99999652040545,    4.42000180892498,    1.99999652040545,
   23,     4.25675021427889,    2.21000295997801,    2.00000163945632,    4.42000954315934,    2.00000163945632,
   24,     4.41299978910996,    2.20994104284948,    2.00000743092196,    4.41989850759838,    2.00000743092196,
   25,     4.56924418988512,    2.20972749058817,    2.00013774148145,    4.41975935231449,    2.00013774148145,
   26,     4.72547826984916,    2.20938347041802,    2.00028108422969,    4.41938796368692,    2.00028108422969,
   27,     4.88170203030858,    2.20910578979745,    2.00037954837241,    4.41905004210189,    2.00037954837241,
   28,     5.03791897726262,    2.20911063189733,    2.00047536962128,    4.41927140787912,    2.00047536962128,
   29,     5.19415117243074,    2.20979042378171,    1.99997210725593,    4.41951921044468,    2.00013937889620,
   30,     5.35042335603254,    2.21115257817922,    1.99957285694994,    4.42136067790206,    1.99990740023050,
   31,     5.50694374603405,    2.21583486181303,    1.99343398275495,    4.41712051371122,    1.99841790939904,
   32,     5.66395575897675,    2.22643189528564,    1.98718286669875,    4.42432731618325,    1.99681617670638,
   33,     5.82182092330937,    2.24126066992279,    1.97197433647721,    4.41970852244345,    1.99289878353539,
   34,     5.98090087683829,    2.25990970016649,    1.95667471388449,    4.42190816597805,    1.98889029799322,
   35,     6.14119323761698,    2.28115394372841,    1.93751582660288,    4.41977186889136,    1.98354533664585,
   36,     6.30266599832802,    2.30387231522456,    1.91841625356313,    4.41978609566090,    1.97825968954034,
   37,     6.46496046766045,    2.32721796538963,    1.89946034139610,    4.42045823104213,    1.97279091857283,
   38,     6.62770733272382,    2.35039320195630,    1.88057418077239,    4.42008877026198,    1.96739189914864,
   39,     6.79066722610286,    2.37308357467628,    1.86324221849729,    4.42162950435932,    1.96206285307295,
   40,     6.95361406317501,    2.39447638889481,    1.84586184048767,    4.41987259420964,    1.95668539126273,
   41,     7.11644885858314,    2.41476065352160,    1.83052812243434,    4.42028728521922,    1.95159635277999,
   42,     7.27906906182281,    2.43379746013822,    1.81521466376916,    4.41786483828703,    1.94652757368540,
   43,     7.44142856959243,    2.45177883362816,    1.80216488214640,    4.41850971275455,    1.94203303474607,
   44,     7.60348491790629,    2.46869344882002,    1.78910810379965,    4.41675945508102,    1.93753149908275,
   45,     7.76521472276018,    2.48469819631956,    1.77833085239713,    4.41861546141057,    1.93378994475159,
   46,     7.92659574610636,    2.49956650082005,    1.76755760811890,    4.41812778552360,    1.93005239754472,
   47,     8.08762635745280,    2.51322350181474,    1.75865855180748,    4.41990200407003,    1.92684967388244,
   48,     8.24830754307324,    2.52563167225065,    1.74975194137940,    4.41922892172988,    1.92363939610350,
   49,     8.40864439653794,    2.53684570796214,    1.74254423720653,    4.42056586909153,    1.92094809849132,
   50,     8.56864187155487,    2.54689194619803,    1.73533678538413,    4.41971528263601,    1.91825705322962,
   51,     8.72830534890784,    2.55580792982679,    1.72971659728912,    4.42082339570454,    1.91610288121568,
   52,     8.88764016192070,    2.56361635691190,    1.72409660265315,    4.41992225145786,    1.91394890266078,
   53,     9.04665112380082,    2.57034194931302,    1.71996806468395,    4.42090606813589,    1.91233612809435,
   54,     9.20534307162406,    2.57600239342749,    1.71583959540371,    4.42000690449760,    1.91072342221688,
   55,     9.36371999651363,    2.58061464446535,    1.71312665725668,    4.42091973954056,    1.90964961930169,
   56,     9.52178593886558,    2.58419227649834,    1.71041374078080,    4.42003797854238,    1.90857583805765,
   57,     9.67954400707826,    2.58674716605017,    1.70906146562983,    4.42090990282352,    1.90803617833793,
   58,     9.83699736678821,    2.58828940755679,    1.70770919889930,    4.42004563069834,    1.90749652703864,
   59,     9.99414826172814,    2.58882713394360,    1.70768304238980,    4.42089619631408,    1.90748546207011,
   60,     10.15099899584086,    2.58836735648659,    1.70765688997296,    4.42004335008541,    1.90747440119423,
   61,     10.30755098987792,    2.58691514774071,    1.70894171515381,    4.42088720953737,    1.90798629518089,
   62,     10.46380572607528,    2.58447468421860,    1.71022654215129,    4.42003720246872,    1.90849819098418,
   63,     10.61976383978011,    2.58104833752038,    1.71282602037059,    4.42088675233917,    1.90952754878559,
   64,     10.77542602816191,    2.57663760101865,    1.71542550080937,    4.42002984713167,    1.91055690880648,
   65,     10.93079216561192,    2.57124236293622,    1.71936205419112,    4.42089655096126,    1.91209842590610,
   66,     11.08586218872750,    2.56486155322240,    1.72329861696952,    4.42002236738647,    1.91363995240237,
   67,     11.24063522922665,    2.55749280613247,    1.72861380371057,    4.42091736757106,    1.91568842008870,
   68,     11.39511048389251,    2.54913269018135,    1.73392902089948,    4.42001514962901,    1.91773691822290,
   69,     11.54928637907695,    2.53977702230112,    1.74068402629448,    4.42094929306931,    1.92028689844307,
   70,     11.70316141638931,    2.52942050010556,    1.74743910910043,    4.42000830524483,    1.92283695607420,
   71,     11.85673342568473,    2.51805807825280,    1.75571461096075,    4.42099135923618,    1.92588202818784,
   72,     12.01000033844257,    2.50568373624933,    1.76399028490672,    4.42000176779260,    1.92892727238713,
   73,     12.16295966974718,    2.49229359464977,    1.77388415666727,    4.42104012131255,    1.93245850360359,
   74,     12.31560909470212,    2.47788341151533,    1.78377838430312,    4.41999486828432,    1.93599009069536,
   75,     12.46794646475342,    2.46245464109168,    1.79539795895306,    4.42108603663049,    1.93999314530281,
   76,     12.61996991064498,    2.44600991926561,    1.80701824745468,    4.41998455756809,    1.94399691376193,
   77,     12.77167903490044,    2.42856456186657,    1.82045996594114,    4.42110455958147,    1.94844678773300,
   78,     12.92307395458934,    2.41013825444238,    1.83390316958880,    4.41996018396909,    1.95289814686527,
   79,     13.07415903811811,    2.39077846302936,    1.84920299292132,    4.42103468924573,    1.95774918589242,
   80,     13.22493964870729,    2.37054347055099,    1.86450695690604,    4.41989479249049,    1.96260436557177,
   81,     13.37543156545042,    2.34956130892491,    1.88151557506386,    4.42073619730964,    1.96776290086621,
   82,     13.52565288002353,    2.32799388829451,    1.89854603527427,    4.41980356676427,    1.97294327821323,
   83,     13.67564808030606,    2.30626246771658,    1.91653528873971,    4.42003340447476,    1.97810473491794,
   84,     13.82547082371955,    2.28496656701699,    1.93451471279559,    4.42030144214041,    1.98325636221309,
   85,     13.97524072264464,    2.26495673122875,    1.95137496440609,    4.41977986078285,    1.98761307017320,
   86,     14.12508332434790,    2.24663519590555,    1.96831548262290,    4.42208683990642,    1.99205004473961,
   87,     14.27521264347402,    2.23126538539183,    1.98061382188978,    4.41927506261128,    1.99516026923531,
   88,     14.42587297957291,    2.22026209948470,    1.99282051560413,    4.42458386187139,    1.99817884817848,
   89,     14.57737276621302,    2.21312887599125,    1.99650024831687,    4.41851235047377,    1.99919941891200,
   90,     14.73002279688665,    2.21070999011186,    2.00010220963108,    4.42164593607625,    2.00014221824699,
   91,     14.88380993182732,    2.21052867503259,    2.00010452353862,    4.42128840234452,    2.00012452784658,
   92,     15.03869958583060,    2.21032655363553,    2.00015177741733,    4.42098858492683,    2.00015177741733,
   93,     15.19434397886072,    2.21003506973178,    2.00001337382098,    4.42009969607694,    2.00001337382098,
   94,     15.35038754648841,    2.20973965972026,    1.99990662376370,    4.41927298226789,    1.99990662376370,
   95,     15.50663039283282,    2.20995356936210,    1.99998849049319,    4.41988170324855,    1.99998849049319,
   96,     15.66287468833526,    2.21015560732181,    2.00007665898803,    4.42048064293585,    2.00007665898803,
   97,     15.81912025935324,    2.21016250827223,    2.00002381540956,    4.42037765246978,    2.00002381540956,
   98,     15.97537096755963,    2.20968964084614,    1.99993497412007,    4.41923559467901,    1.99993497412007,
   99,     16.13163637922959,    2.20927004392734,    1.99969364548284,    4.41786326799709,    1.99969364548284,
  100,     16.28791884650921,    2.20898483923811,    1.99944313284298,    4.41673956736888,    1.99944313284298,
  101,     16.44420870177440,    2.20898858567346,    1.99956911905323,    4.41702536025373,    1.99956911905323,
  102,     16.60048618812268,    2.20943206479055,    1.99976349925619,    4.41834159725438,    1.99976349925619,
  103,     16.75674748863333,    2.20984836715552,    1.99991111163608,    4.41950030450517,    1.99991111163608,
  104,     16.91300007851800,    2.20998875014499,    2.00001112090507,    4.42000207736509,    2.00001112090507,
  105,     17.06925007650482,    2.21000207412899,    2.00000040746554,    4.42000504875767,    2.00000040746554,
  106,     17.22550001485157,    2.21000121228576,    2.00000073290431,    4.42000404429094,    2.00000073290431,
  107,     17.38174999939596,    2.21000010484781,    2.00000010071373,    4.42000043227297,    2.00000010071373,
  108,     17.53799999911505,    2.20999994523955,    1.99999994511267,    4.41999976917810,    1.99999994511267,
  109,     17.69424999997985,    2.20999999270161,    1.99999999411356,    4.41999997239418,    1.99999999411356,
  110,     17.85050000003481,    2.21000000226861,    2.00000000256322,    4.42000001020194,    2.00000000256322,
  111,     18.00675000000057,    2.21000000026205,    2.00000000022945,    4.42000000103120,    2.00000000022945,
  112,     18.16299999999896,    2.20999999991363,    1.99999999989594,    4.41999999959730,    1.99999999989594,
  113,     18.31925000000000,    2.20999999999414,    1.99999999999326,    4.41999999997338,    1.99999999999326,
  114,     18.47550000000001,    2.21000000000238,    2.00000000000340,    4.42000000001228,    2.00000000000340,
  115,     18.63174999999999,    2.20999999999996,    2.00000000000008,    4.42000000000011,    2.00000000000008,
  116,     18.78799999999999,    2.21000000000025,    1.99999999999990,    4.42000000000028,    1.99999999999990,
  117,     18.94424999999999,    2.20999999999989,    1.99999999999999,    4.41999999999975,    1.99999999999999,
  118,     19.10049999999999,    2.21000000000007,    1.99999999999999,    4.42000000000013,    1.99999999999999,
  119,     19.25674999999999,    2.20999999999997,    1.99999999999999,    4.41999999999991,    1.99999999999999,
  120,     19.41299999999999,    2.21000000000007,    1.99999999999999,    4.42000000000011,    1.99999999999999,
  121,     19.56924999999999,    2.20999999999997,    1.99999999999999,    4.41999999999991,    1.99999999999999,
  122,     19.72549999999999,    2.21000000000007,    1.99999999999999,    4.42000000000011,    1.99999999999999,
  123,     19.88174999999999,    2.20999999999997,    1.99999999999999,    4.41999999999991,    1.99999999999999,
  124,     20.03799999999999,    2.21000000000007,    1.99999999999999,    4.42000000000011,    1.99999999999999,
  125,     20.19424999999999,    2.20999999999997,    1.99999999999999,    4.41999999999991,    1.99999999999999,
  126,     20.35049999999999,    2.21000000000007,    1.99999999999999,    4.42000000000011,    1.99999999999999,
  127,     20.50674999999999,    2.20999999999997,    1.99999999999999,    4.41999999999991,    1.99999999999999,
  128,     20.66299999999999,    2.21000000000007,    1.99999999999999,    4.42000000000011,    1.99999999999999,
  129,     20.81924999999999,    2.20999999999997,    1.99999999999999,    4.41999999999991,    1.99999999999999,
  130,     20.97549999999999,    2.21000000000007,    1.99999999999999,    4.42000000000011,    1.99999999999999,
  131,     21.13174999999999,    2.20999999999997,    1.99999999999999,    4.41999999999991,    1.99999999999999,
  132,     21.28799999999999,    2.21000000000006,    1.99999999999998,    4.42000000000008,    1.99999999999998,
  133,     21.44424999999999,    2.20999999999997,    1.99999999999998,    4.41999999999989,    1.99999999999998,
  134,     21.60049999999999,    2.20999999999983,    2.00000000000003,    4.41999999999974,    2.00000000000003,
  135,     21.75674999999999,    2.21000000000022,    2.00000000000003,    4.42000000000051,    2.00000000000003,
  136,     21.91299999999999,    2.20999999999989,    1.99999999999994,    4.41999999999965,    1.99999999999994,
  137,     22.06925000000000,    2.20999999999990,    1.99999999999999,    4.41999999999978,    1.99999999999999,
  138,     22.22549999999999,    2.21000000000011,    2.00000000000002,    4.42000000000026,    2.00000000000002,
  139,     22.38174999999999,    2.20999999999995,    1.99999999999998,    4.41999999999985,    1.99999999999998,
  140,     22.53799999999999,    2.21000000000011,    2.00000000000002,    4.42000000000028,    2.00000000000002,
  141,     22.69424999999999,    2.21000000000003,    2.00000000000002,    4.42000000000012,    2.00000000000002,
  142,     22.85049999999999,    2.20999999999993,    2.00000000000002,    4.41999999999992,    2.00000000000002,
  143,     23.00674999999999,    2.21000000000003,    2.00000000000002,    4.42000000000012,    2.00000000000002,
  144,     23.16299999999999,    2.20999999999993,    2.00000000000002,    4.41999999999992,    2.00000000000002,
  145,     23.31924999999999,    2.21000000000003,    2.00000000000002,    4.42000000000012,    2.00000000000002,
  146,     23.47549999999999,    2.20999999999993,    2.00000000000002,    4.41999999999992,    2.00000000000002,
  147,     23.63174999999999,    2.21000000000003,    2.00000000000002,    4.42000000000012,    2.00000000000002,
  148,     23.78799999999999,    2.20999999999993,    2.00000000000002,    4.41999999999992,    2.00000000000002,
  149,     23.94424999999999,    2.21000000000003,    2.00000000000002,    4.42000000000012,    2.00000000000002,
  150,     24.10049999999999,    2.20999999999993,    2.00000000000002,    4.41999999999992,    2.00000000000002,
  151,     24.25674999999999,    2.21000000000003,    2.00000000000002,    4.42000000000012,    2.00000000000002,
  152,     24.41299999999999,    2.20999999999993,    2.00000000000002,    4.41999999999992,    2.00000000000002,
  153,     24.56924999999999,    2.21000000000003,    2.00000000000002,    4.42000000000012,    2.00000000000002,
  154,     24.72549999999999,    2.21000000000020,    1.99999999999996,    4.42000000000029,    1.99999999999996,
  155,     24.88174999999999,    2.20999999999983,    2.00000000000005,    4.41999999999977,    2.00000000000005,
  156,     25.03799999999998,    2.20999999999985,    2.00000000000003,    4.41999999999977,    2.00000000000003,
  157,     25.19424999999999,    2.21000000000021,    2.00000000000003,    4.42000000000049,    2.00000000000003,
  158,     25.35049999999998,    2.20999999999954,    2.00000000000002,    4.41999999999913,    2.00000000000002,
  159,     25.50674999999999,    2.21000000000026,    1.99999999999989,    4.42000000000027,    1.99999999999989,
  160,     25.66299999999999,    2.20999999999993,    1.99999999999991,    4.41999999999966,    1.99999999999991,
