 indi,                  x_v,                   v,                   H,                   q,                 eta
    0,     0.66300000000000,    2.21000000000000,    2.00000000000000,    4.41999999999999,    2.00000000000000,
    1,     0.70206250000000,    2.20999999999999,    2.00000000000000,    4.41999999999997,    2.00000000000000,
    2,     0.74112500000000,    2.21000000000015,    1.99999999999998,    4.42000000000026,    1.99999999999998,
    3,     0.78018750000000,    2.21000000000001,    2.00000000000000,    4.42000000000001,    2.00000000000000,
    4,     0.81925000000000,    2.20999999999985,    2.00000000000003,    4.41999999999975,    2.00000000000003,
    5,     0.85831250000000,    2.21000000000001,    2.00000000000000,    4.42000000000002,    2.00000000000000,
    6,     0.89737500000000,    2.21000000000004,    2.00000000000000,    4.42000000000009,    2.00000000000000,
    7,     0.93643750000000,    2.20999999999993,    2.00000000000001,    4.41999999999989,    2.00000000000001,
    8,     0.97550000000000,    2.21000000000011,    1.99999999999996,    4.42000000000012,    1.99999999999996,
    9,     1.01456250000000,    2.20999999999992,    1.99999999999999,    4.41999999999982,    1.99999999999999,
   10,     1.05362500000000,    2.21000000000031,    2.00000000000000,    4.42000000000062,    2.00000000000000,
   11,     1.09268750000000,    2.20999999999994,    2.00000000000000,    4.41999999999987,    2.00000000000000,
   12,     1.13175000000000,    2.20999999999994,    2.00000000000003,    4.41999999999996,    2.00000000000003,
   13,     1.17081250000000,    2.20999999999999,    1.99999999999999,    4.41999999999996,    1.99999999999999,
   14,     1.20987500000000,    2.21000000000022,    2.00000000000003,    4.42000000000051,    2.00000000000003,
   15,     1.24893750000000,    2.20999999999990,    2.00000000000001,    4.41999999999982,    2.00000000000001,
   16,     1.28800000000000,    2.21000000000000,    1.99999999999998,    4.41999999999997,    1.99999999999998,
   17,     1.32706250000000,    2.20999999999998,    1.99999999999999,    4.41999999999993,    1.99999999999999,
   18,     1.36612500000000,    2.21000000000019,    1.99999999999997,    4.42000000000030,    1.99999999999997,
   19,     1.40518750000000,    2.21000000000001,    2.00000000000001,    4.42000000000005,    2.00000000000001,
   20,     1.44425000000000,    2.21000000000002,    1.99999999999998,    4.41999999999999,    1.99999999999998,
   21,     1.48331250000000,    2.20999999999996,    2.00000000000001,    4.41999999999993,    2.00000000000001,
   22,     1.52237500000000,    2.21000000000018,    2.00000000000003,    4.42000000000042,    2.00000000000003,
   23,     1.56143750000000,    2.20999999999986,    2.00000000000003,    4.41999999999978,    2.00000000000003,
   24,     1.60050000000000,    2.21000000000019,    1.99999999999996,    4.42000000000028,    1.99999999999996,
   25,     1.63956250000000,    2.20999999999999,    1.99999999999998,    4.41999999999995,    1.99999999999998,
   26,     1.67862500000000,    2.21000000000015,    2.00000000000009,    4.42000000000050,    2.00000000000009,
   27,     1.71768750000000,    2.20999999999983,    1.99999999999994,    4.41999999999954,    1.99999999999994,
   28,     1.75675000000000,    2.21000000000004,    1.99999999999998,    4.42000000000005,    1.99999999999998,
   29,     1.79581250000000,    2.21000000000003,    2.00000000000001,    4.42000000000007,    2.00000000000001,
   30,     1.83487500000000,    2.20999999999999,    1.99999999999992,    4.41999999999979,    1.99999999999992,
   31,     1.87393750000000,    2.20999999999989,    2.00000000000006,    4.41999999999991,    2.00000000000006,
   32,     1.91300000000000,    2.21000000000006,    2.00000000000013,    4.42000000000042,    2.00000000000013,
   33,     1.95206250000000,    2.20999999999993,    1.99999999999995,    4.41999999999976,    1.99999999999995,
   34,     1.99112500000000,    2.21000000000012,    1.99999999999987,    4.41999999999995,    1.99999999999987,
   35,     2.03018750000000,    2.21000000000008,    2.00000000000001,    4.42000000000016,    2.00000000000001,
   36,     2.06925000000000,    2.20999999999996,    2.00000000000013,    4.42000000000020,    2.00000000000013,
   37,     2.10831250000000,    2.21000000000002,    2.00000000000005,    4.42000000000015,    2.00000000000005,
   38,     2.14737500000000,    2.21000000000001,    1.99999999999986,    4.41999999999971,    1.99999999999986,
   39,     2.18643750000000,    2.21000000000009,    1.99999999999995,    4.42000000000008,    1.99999999999995,
   40,     2.22550000000000,    2.20999999999994,    2.00000000000010,    4.42000000000011,    2.00000000000010,
   41,     2.26456250000000,    2.20999999999973,    2.00000000000002,    4.41999999999952,    2.00000000000002,
   42,     2.30362500000000,    2.21000000000004,    1.99999999999998,    4.42000000000004,    1.99999999999998,
   43,     2.34268750000000,    2.21000000000016,    1.99999999999998,    4.42000000000029,    1.99999999999998,
   44,     2.38175000000000,    2.21000000000020,    2.00000000000008,    4.42000000000058,    2.00000000000008,
   45,     2.42081250000000,    2.20999999999989,    1.99999999999996,    4.41999999999968,    1.99999999999996,
   46,     2.45987500000000,    2.20999999999949,    2.00000000000005,    4.41999999999909,    2.00000000000005,
   47,     2.49893750000000,    2.21000000000031,    2.00000000000010,    4.42000000000084,    2.00000000000010,
   48,     2.53800000000000,    2.20999999999999,    1.99999999999984,    4.41999999999963,    1.99999999999984,
   49,     2.57706250000000,    2.21000000000008,    2.00000000000000,    4.42000000000016,    2.00000000000000,
   50,     2.61612500000000,    2.21000000000007,    1.99999999999993,    4.41999999999997,    1.99999999999993,
   51,     2.65518750000000,    2.20999999999984,    2.00000000000005,    4.41999999999980,    2.00000000000005,
   52,     2.69425000000000,    2.21000000000001,    2.00000000000010,    4.42000000000024,    2.00000000000010,
   53,     2.73331250000000,    2.20999999999996,    1.99999999999997,    4.41999999999985,    1.99999999999997,
   54,     2.77237500000000,    2.21000000000029,    1.99999999999998,    4.42000000000054,    1.99999999999998,
   55,     2.81143750000000,    2.20999999999974,    1.99999999999996,    4.41999999999939,    1.99999999999996,
   56,     2.85050000000000,    2.21000000000042,    2.00000000000011,    4.42000000000109,    2.00000000000011,
   57,     2.88956250000000,    2.20999999999974,    2.00000000000004,    4.41999999999957,    2.00000000000004,
   58,     2.92862500000000,    2.21000000000061,    2.00000000000001,    4.42000000000124,    2.00000000000001,
   59,     2.96768750000000,    2.20999999999973,    2.00000000000001,    4.41999999999950,    2.00000000000001,
   60,     3.00675000000000,    2.21000000000037,    1.99999999999996,    4.42000000000064,    1.99999999999996,
   61,     3.04581250000000,    2.20999999999987,    2.00000000000002,    4.41999999999980,    2.00000000000002,
   62,     3.08487500000000,    2.21000000000069,    1.99999999999996,    4.42000000000130,    1.99999999999996,
   63,     3.12393750000000,    2.20999999999950,    1.99999999999998,    4.41999999999896,    1.99999999999998,
   64,     3.16300000000000,    2.21000000000040,    1.99999999999993,    4.42000000000066,    1.99999999999993,
   65,     3.20206250000000,    2.21000000000003,    1.99999999999998,    4.42000000000001,    1.99999999999998,
   66,     3.24112500000000,    2.20999999999996,    2.00000000000014,    4.42000000000022,    2.00000000000014,
   67,     3.28018750000000,    2.21000000000014,    2.00000000000000,    4.42000000000029,    2.00000000000000,
   68,     3.31925000000000,    2.20999999999956,    1.99999999999986,    4.41999999999882,    1.99999999999986,
   69,     3.35831250000000,    2.21000000000033,    2.00000000000005,    4.42000000000077,    2.00000000000005,
   70,     3.39737500000000,    2.20999999999967,    2.00000000000002,    4.41999999999937,    2.00000000000002,
   71,     3.43643750000000,    2.21000000000001,    2.00000000000006,    4.42000000000016,    2.00000000000006,
   72,     3.47550000000000,    2.20999999999930,    2.00000000000007,    4.41999999999876,    2.00000000000007,
   73,     3.51456250000000,    2.21000000000034,    1.99999999999987,    4.42000000000039,    1.99999999999987,
   74,     3.55362500000000,    2.20999999999979,    1.99999999999992,    4.41999999999940,    1.99999999999992,
   75,     3.59268750000000,    2.21000000000021,    2.00000000000006,    4.42000000000055,    2.00000000000006,
   76,     3.63175000000000,    2.20999999999951,    2.00000000000013,    4.41999999999931,    2.00000000000013,
   77,     3.67081250000000,    2.21000000000039,    1.99999999999993,    4.42000000000063,    1.99999999999993,
   78,     3.70987500000000,    2.20999999999923,    1.99999999999989,    4.41999999999823,    1.99999999999989,
   79,     3.74893750000000,    2.21000000000018,    2.00000000000001,    4.42000000000038,    2.00000000000001,
   80,     3.78800000000000,    2.20999999999967,    1.99999999999998,    4.41999999999928,    1.99999999999998,
   81,     3.82706250000000,    2.21000000000029,    1.99999999999998,    4.42000000000052,    1.99999999999998,
   82,     3.86612500000000,    2.20999999999976,    2.00000000000019,    4.41999999999995,    2.00000000000019,
   83,     3.90518750000000,    2.21000000000040,    1.99999999999994,    4.42000000000066,    1.99999999999994,
   84,     3.94425000000000,    2.20999999999867,    1.99999999999998,    4.41999999999729,    1.99999999999998,
   85,     3.98331250000000,    2.21000000000037,    1.99999999999998,    4.42000000000069,    1.99999999999998,
   86,     4.02237500000001,    2.21000000000054,    1.99999999999974,    4.42000000000050,    1.99999999999974,
   87,     4.06143750000000,    2.20999999999973,    2.00000000000026,    4.42000000000004,    2.00000000000026,
   88,     4.10050000000000,    2.20999999999615,    2.00000000000227,    4.41999999999733,    2.00000000000227,
   89,     4.13956249999995,    2.20999999999452,    2.00000000000055,    4.41999999999025,    2.00000000000055,
   90,     4.17862499999997,    2.21000000004135,    1.99999999998087,    4.42000000004042,    1.99999999998087,
   91,     4.21768750000086,    2.21000000015199,    1.99999999994481,    4.42000000018199,    1.99999999994481,
   92,     4.25675000000213,    2.20999999980237,    1.99999999991003,    4.41999999940591,    1.99999999991003,
   93,     4.29581249999058,    2.20999999745755,    2.00000000128780,    4.41999999776114,    2.00000000128780,
   94,     4.33487499995183,    2.20999999554090,    2.00000000516130,    4.42000000248827,    2.00000000516130,
   95,     4.37393750001320,    2.21000002112338,    1.99999998607269,    4.42000001146741,    1.99999998607269,
   96,     4.41300000049586,    2.21000010261615,    1.99999994215661,    4.42000007739839,    1.99999994215661,
   97,     4.45206250138643,    2.21000008866957,    1.99999998899613,    4.42000015302059,    1.99999998899613,
   98,     4.49112500092570,    2.20999956264442,    1.99999997354566,    4.41999906682476,    1.99999997354566,
   99,     4.53018748867835,    2.20999744892668,    2.00000136522223,    4.41999791499100,    2.00000136522223,
  100,     4.56924994759679,    2.20999256613713,    2.00000284185254,    4.41999141274725,    2.00000284185254,
  101,     4.60831234890438,    2.20998444533515,    2.00000726397262,    4.41998494393680,    2.00000726397262,
  102,     4.64737466384927,    2.20997350120226,    2.00001183514378,    4.41997315775866,    2.00001183514378,
  103,     4.68643687979087,    2.20996184070452,    2.00001710329880,    4.41996147904675,    2.00001710329880,
  104,     4.72549899575788,    2.20995148535863,    2.00002230667984,    4.41995226739753,    2.00002230667984,
  105,     4.76456102979379,    2.20994342779252,    2.00002532402493,    4.41994282024750,    2.00002532402493,
  106,     4.80362300655085,    2.20993846917771,    2.00002815676892,    4.41993916308220,    2.00002815676892,
  107,     4.84268495142784,    2.20993593571637,    2.00002878864308,    4.41993549248963,    2.00002878864308,
  108,     4.88174688201068,    2.20993503192071,    2.00002956314491,    4.41993539647102,    2.00002956314491,
  109,     4.92080881551250,    2.20993677266920,    2.00002840449065,    4.41993631746681,    2.00002840449065,
  110,     4.95987077247605,    2.20994001898041,    2.00002729644719,    4.41994036147183,    2.00002729644719,
  111,     4.99893275337162,    2.20994286667172,    2.00002576732354,    4.41994267765629,    2.00002576732354,
  112,     5.03799476595299,    2.20994752222939,    2.00002377079546,    4.41994757666931,    2.00002377079546,
  113,     5.07705682538461,    2.20995194571892,    2.00002171809056,    4.41995188737433,    2.00002171818480,
  114,     5.11611891759935,    2.20995510454847,    2.00002010173707,    4.41995463303339,    2.00002010192555,
  115,     5.15518105669571,    2.20996207056946,    2.00001679296645,    4.41996125295784,    2.00001733506239,
  116,     5.19424326162983,    2.20996932205197,    2.00001478044473,    4.41997130843335,    2.00001586444812,
  117,     5.23330575899178,    2.20999696827370,    1.99998413203191,    4.41995886838603,    2.00000637153572,
  118,     5.27236888149726,    2.21006671062378,    1.99995444295743,    4.42003273714434,    1.99999783796164,
  119,     5.31143416126636,    2.21022885108605,    1.99975864061851,    4.41992424270365,    1.99994788184618,
  120,     5.35050331150292,    2.21054917750156,    1.99956225690934,    4.42013070237411,    1.99989734436047,
  121,     5.38958016351268,    2.21108481727825,    1.99896716799063,    4.41988595538179,    1.99974854226210,
  122,     5.42866868431669,    2.21190583346824,    1.99837080088758,    4.42020803191583,    1.99959846197937,
  123,     5.46777469123708,    2.21305443682266,    1.99717965549258,    4.41986729771980,    1.99930018471224,
  124,     5.50690403745213,    2.21456372080518,    1.99598807690880,    4.42024278228194,    1.99900147425633,
  125,     5.54606346564869,    2.21645743694940,    1.99411366256910,    4.41986805752369,    1.99852997783100,
  126,     5.58525972047637,    2.21873062169194,    1.99223974094939,    4.42024331899603,    1.99805897412566,
  127,     5.62449950646007,    2.22138947310547,    1.98969257340267,    4.41988213727283,    1.99741432938972,
  128,     5.66378956888904,    2.22440985279416,    1.98714592323616,    4.42022697058627,    1.99677020203398,
  129,     5.70313600078397,    2.22777807167692,    1.98399573773276,    4.41990219882153,    1.99596650369450,
  130,     5.74254497708411,    2.23147169617339,    1.98084531430329,    4.42020025336547,    1.99516256742895,
  131,     5.78202174340507,    2.23545904900644,    1.97718830725013,    4.41992349303203,    1.99422033128033,
  132,     5.82157160885376,    2.23972735827004,    1.97353042960914,    4.42017009557402,    1.99327722454388,
  133,     5.86119887270611,    2.24423324253574,    1.96946806917862,    4.41994571096335,    1.99221841597999,
  134,     5.90090782834956,    2.24897138106395,    1.96540470970540,    4.42013894433573,    1.99115860837340,
  135,     5.94070120091934,    2.25389772111218,    1.96103263292594,    4.41996698237840,    1.99000417195267,
  136,     5.98058162879185,    2.25900719047196,    1.95665997824648,    4.42010896016752,    1.98884915763193,
  137,     6.02054903531321,    2.26426264716207,    1.95206394594110,    4.41998547766623,    1.98761851592237,
  138,     6.06060320913485,    2.26965553306081,    1.94746796295818,    4.42008143758668,    1.98638792353526,
  139,     6.10074102116460,    2.27515835771339,    1.94272295938141,    4.42000237775832,    1.98509890371055,
  140,     6.14095921045352,    2.28075810574168,    1.93797841394803,    4.42005997636435,    1.98381034202921,
  141,     6.18125252527736,    2.28643447504905,    1.93314793947727,    4.42001609419086,    1.98247830857948,
  142,     6.22161561894686,    2.29217420227211,    1.92831812820706,    4.42004106724987,    1.98114693833029,
  143,     6.26204228515194,    2.29796120623484,    1.92345570945965,    4.42002660224918,    1.97978581145786,
  144,     6.30252627738663,    2.30378447744873,    1.91859388427847,    4.42002680912882,    1.97842527815166,
  145,     6.34306132449640,    2.30962855284109,    1.91374288408432,    4.42003520787760,    1.97704661525933,
  146,     6.38364116494695,    2.31548684060896,    1.90889238229594,    4.42001519134494,    1.97566845077277,
  147,     6.42425997360465,    2.32134387649416,    1.90408762924946,    4.42004215846651,    1.97428216446009,
  148,     6.46491197743081,    2.32719657922367,    1.89928304325428,    4.42000500123888,    1.97289604519872,
  149,     6.50559203801149,    2.33303028039790,    1.89455168332220,    4.42004644496950,    1.97151025950305,
  150,     6.54629508368483,    2.33884472694531,    1.88982038635683,    4.41999644550440,    1.97012453677409,
  151,     6.58701672177487,    2.34462620380492,    1.88518360279056,    4.42005087408611,    1.96874632253002,
  152,     6.62775263219403,    2.35037534712123,    1.88054658930939,    4.41999034262570,    1.96736787837104,
  153,     6.66849915200494,    2.35608030489990,    1.87601961515739,    4.42005286687822,    1.96600236169481,
  154,     6.70925267134279,    2.36174311234284,    1.87149251909642,    4.41998456677713,    1.96463672310962,
  155,     6.75001017214649,    2.36735282265816,    1.86708721242727,    4.42005418248865,    1.96328886500752,
  156,     6.79076867908289,    2.37291209538909,    1.86268169012492,    4.41997991235721,    1.96194079127223,
  157,     6.83152573828482,    2.37841219909804,    1.85840601004660,    4.42005552517195,    1.96061419016651,
  158,     6.87227891994338,    2.38385493253129,    1.85413005976678,    4.41997708852957,    1.95928731885928,
  159,     6.91302625026581,    2.38923257536712,    1.84998930967631,    4.42005472275958,    1.95798489576228,
  160,     6.95376575586931,    2.39454886682863,    1.84584858794619,    4.41997464460379,    1.95668250102563,
  161,     6.99449585305426,    2.39979584698511,    1.84184614967208,    4.42005474076856,    1.95540677794488,
  162,     7.03521496103621,    2.40497684174579,    1.83784361643977,    4.41997133628798,    1.95413095990594,
  163,     7.07592181727995,    2.41008638397268,    1.83398134643438,    4.42005347150140,    1.95288409082973,
  164,     7.11661515376213,    2.41512726966751,    1.83011911906776,    4.41997059120043,    1.95163726439228,
  165,     7.15729397683827,    2.42009365416166,    1.82639680616222,    4.42005132057433,    1.95042020141393,
  166,     7.19795729114799,    2.42498657225215,    1.82267444526470,    4.41996105535403,    1.94920309044361,
  167,     7.23860434564216,    2.42980108463916,    1.81908908325771,    4.42002462755483,    1.94801462972723,
  168,     7.27923438326813,    2.43453898777380,    1.81550352961499,    4.41991412528864,    1.94682597737513,
  169,     7.31984682165749,    2.43919902058792,    1.81205496397080,    4.41996269336904,    1.94566822137252,
  170,     7.36044105526841,    2.44378496748422,    1.80860643354639,    4.41984521439591,    1.94451050058969,
  171,     7.40101660570948,    2.44829626582950,    1.80529626494331,    4.41990010417666,    1.94338761222715,
  172,     7.44157297450966,    2.45273541913750,    1.80198620487729,    4.41979538949969,    1.94226483240166,
  173,     7.48210978076864,    2.45710097339953,    1.79881336688635,    4.41986607474053,    1.94117850465429,
  174,     7.52262663322057,    2.46139386430491,    1.79564057402440,    4.41977869140061,    1.94009222203592,
  175,     7.56312324780918,    2.46561249934437,    1.79260196221151,    4.41986180437795,    1.93904222752406,
  176,     7.60359933415848,    2.46975726637096,    1.78956335790342,    4.41978710681319,    1.93799224051701,
  177,     7.64405469194562,    2.47382697963871,    1.78665546035553,    4.41987648114634,    1.93697799875683,
  178,     7.68448911519180,    2.47782196786191,    1.78374756314647,    4.41980889708448,    1.93596375733548,
  179,     7.72490247039261,    2.48174151736977,    1.78096704432142,    4.41989985495980,    1.93498486848223,
  180,     7.76529461840584,    2.48558599962485,    1.77818652805711,    4.41983553886028,    1.93400598218972,
  181,     7.80566547750969,    2.48935507562962,    1.77553029409365,    4.41992534953619,    1.93306225404929,
  182,     7.84601496056546,    2.49304914660971,    1.77287406562699,    4.41986217635784,    1.93211853140565,
  183,     7.88634302569357,    2.49666813647877,    1.77033921317555,    4.41994950429429,    1.93120989978993,
  184,     7.92664962608733,    2.50021245010044,    1.76780436788027,    4.41988648991618,    1.93030127533035,
  185,     7.96693475050509,    2.50368218655760,    1.76538813457404,    4.41997082489319,    1.92942773382501,
  186,     8.00719838342171,    2.50707773814884,    1.76297190887905,    4.41990762573243,    1.92855419993090,
  187,     8.04744053713347,    2.51039931713073,    1.76067164499234,    4.41998889528020,    1.92771575687277,
  188,     8.08766122034111,    2.51364729689462,    1.75837138841195,    4.41992548741855,    1.92687732112094,
  189,     8.12786046334520,    2.51682196036282,    1.75618454495370,    4.42000382918927,    1.92607397763981,
  190,     8.16803829351354,    2.51992366149241,    1.75399770810589,    4.41994032685949,    1.92527064076911,
  191,     8.20819475478917,    2.52295272484389,    1.75192183412467,    4.42001596511834,    1.92450238158528,
  192,     8.24832988878372,    2.52590948695698,    1.74984596590447,    4.41995252599149,    1.92373412816247,
  193,     8.28844374961232,    2.52879429414123,    1.74787870995800,    4.42002570859273,    1.92300091925085,
  194,     8.32853638958404,    2.53160746821239,    1.74591145890606,    4.41996248820416,    1.92226771523374,
  195,     8.36860787020680,    2.53434936356242,    1.74405057180747,    4.42003345668095,    1.92156950481191,
  196,     8.40865825162978,    2.53702028973141,    1.74218968879013,    4.41997058902142,    1.92087129847132,
  197,     8.44868760051886,    2.53962059983900,    1.74043302621149,    4.42003956600684,    1.92020801938218,
  198,     8.48869598255486,    2.54215059302663,    1.73867636698543,    4.41997715741340,    1.91954474364561,
  199,     8.52868346776132,    2.54461061480575,    1.73702189131531,    4.42004434279090,    1.91891631613290,
  200,     8.56865012548428,    2.54700095516839,    1.73536741836436,    4.41998247214213,    1.91828789133935,
  201,     8.60859602765473,    2.54932194782737,    1.73381319965061,    4.42004804330210,    1.91769422573613,
  202,     8.64852124577603,    2.55157387432497,    1.73225898311814,    4.41998676488899,    1.91710056231419,
  203,     8.68842585252037,    2.55375705393408,    1.73080319913546,    4.42005087876386,    1.91654156144075,
  204,     8.72830992033303,    2.55587175999997,    1.72934741688280,    4.41999022603965,    1.91598256229732,
  205,     8.76817352169248,    2.55791829580966,    1.72798835244993,    4.42005302167766,    1.91545812350378,
  206,     8.80801672900967,    2.55989692646178,    1.72662928937320,    4.41999301100536,    1.91493368606638,
  207,     8.84783961382356,    2.56180793848321,    1.72536533506474,    4.42005461215260,    1.91444370291743,
  208,     8.88764224773066,    2.56365158849047,    1.72410138180653,    4.41999524618692,    1.91395372081872,
  209,     8.92742470073930,    2.56542814601168,    1.72293103220934,    4.42005576366679,    1.91349808445597,
  210,     8.96718704301239,    2.56713785881965,    1.72176068341508,    4.41999703422205,    1.91304244889616,
  211,     9.00692934256316,    2.56878097958514,    1.72068253506455,    4.42005656797816,    1.91262104912504,
  212,     9.04665166763361,    2.57035774682778,    1.71960438731749,    4.41999845842056,    1.91219964995739,
  213,     9.08635408388109,    2.57186839674577,    1.71861713641162,    4.42005709924275,    1.91181237608876,
  214,     9.12603665724753,    2.57331315819658,    1.71762988595235,    4.41999958643288,    1.91142510266673,
  215,     9.16569945075809,    2.57469225143471,    1.71673232595542,    4.42005741742491,    1.91107184417331,
  216,     9.20534252776379,    2.57600589527270,    1.71583476627884,    4.42000047324814,    1.91071858600024,
  217,     9.24496594845030,    2.57725429464308,    1.71502578546714,    4.42005757101880,    1.91039923300160,
  218,     9.28456977335878,    2.57843765797180,    1.71421680487761,    4.42000116362452,    1.91007988022512,
  219,     9.32415405968386,    2.57955617551582,    1.71349538390912,    4.42005759928063,    1.90979432385403,
  220,     9.36371886499619,    2.58061004504640,    1.71277396308467,    4.42000169403024,    1.90950876762697,
  221,     9.40326424339294,    2.58159944279533,    1.71213917261949,    4.42005753402255,    1.90925690028309,
  222,     9.44279024936052,    2.58252455565336,    1.71150438224111,    4.42000209424599,    1.90900503302599,
  223,     9.48229693382795,    2.58338554645534,    1.71095538066795,    4.42005740104757,    1.90878674855715,
  224,     9.52178434812145,    2.58418259105540,    1.71040637913658,    4.42000238859485,    1.90856846413011,
  225,     9.56125253995965,    2.58491583948100,    1.70994241042090,    4.42005722129729,    1.90838365794672,
  226,     9.60070155746213,    2.58558545644479,    1.70947844171114,    4.42000259699423,    1.90819885176926,
  227,     9.64013144511711,    2.58619157970060,    1.70909883338858,    4.42005701178568,    1.90804742090893,
  228,     9.67954224781413,    2.58673436277154,    1.70871922504678,    4.42000273575685,    1.90789599002934,
  229,     9.71893400680787,    2.58721393162390,    1.70842338637894,    4.42005678635165,    1.90777783318515,
  230,     9.75830676375229,    2.58763042857299,    1.70812754767356,    4.42000281824386,    1.90765967630342,
  231,     9.79766055667777,    2.58798396823220,    1.70791496798509,    4.42005655624921,    1.90757469383356,
  232,     9.83699542401027,    2.58827468173261,    1.70770238824373,    4.42000285542557,    1.90748971131081,
  233,     9.87631140057421,    2.58850267271134,    1.70757263542653,    4.42005633065032,    1.90743780521543,
  234,     9.91560852158446,    2.58866806115341,    1.70744288254731,    4.42000285629393,    1.90738589905802,
  235,     9.95488681868374,    2.58877094005632,    1.70739560176071,    4.42005611701811,    1.90736697295388,
  236,     9.99414632389920,    2.58881141833044,    1.70734832090467,    4.42000282822531,    1.90734804678029,
  237,     10.03338706571969,    2.58878957859255,    1.70738323345707,    4.42005592143732,    1.90736200586120,
  238,     10.07260907301175,    2.58870551878054,    1.70741814593529,    4.42000277724871,    1.90737596486794,
  239,     10.11181237113983,    2.58855931135652,    1.70753504835339,    4.42005574888277,    1.90742271586061,
  240,     10.15099698583886,    2.58835104337969,    1.70765195069249,    4.42000270830427,    1.90746946677430,
  241,     10.19016293937850,    2.58808077734872,    1.70785071397051,    4.42005560340836,    1.90754891788596,
  242,     10.22931025439122,    2.58774858954947,    1.70804947716857,    4.42000262542368,    1.90762836891767,
  243,     10.26843895008044,    2.58735453267619,    1.70833004619608,    4.42005548833236,    1.90774042977886,
  244,     10.30754904600463,    2.58689867235222,    1.70861061514440,    4.42000253188396,    1.90785249056086,
  245,     10.34664055832747,    2.58638105157857,    1.70897300831676,    4.42005540636969,    1.90799707217268,
  246,     10.38571350355999,    2.58580172545178,    1.70933540140766,    4.42000243033573,    1.90814165370303,
  247,     10.42476789485052,    2.58516072737815,    1.70977971038268,    4.42005535974929,    1.90831866835842,
  248,     10.46380374568684,    2.58445810204349,    1.71022401927890,    4.42000232293472,    1.90849568293500,
  249,     10.50282106622352,    2.58369387334372,    1.71075040890406,    4.42005535030569,    1.90870504414510,
  250,     10.54181986694691,    2.58286807569213,    1.71127679845309,    4.42000221139714,    1.90891440527906,
  251,     10.58080015503693,    2.58198072354140,    1.71188550682985,    4.42005537954458,    1.90915602767876,
  252,     10.61976193799777,    2.58103184118297,    1.71249421513404,    4.42000209710260,    1.90939765000588,
  253,     10.65870522005150,    2.58002143368784,    1.71318555381060,    4.42005544871571,    1.90967144923878,
  254,     10.69763000573734,    2.57894951538763,    1.71387689241998,    4.42000198114056,    1.90994524840451,
  255,     10.73653629633467,    2.57781608203876,    1.71465124670052,    4.42005555883241,    1.91025114098534,
  256,     10.77542409343336,    2.57662113821204,    1.71542560092211,    4.42000186436601,    1.91055703350722,
  257,     10.81429339538443,    2.57536467042902,    1.71628343026715,    4.42005571075275,    1.91089493664834,
  258,     10.85314420084346,    2.57404667369920,    1.71714125956236,    4.42000174744815,    1.91123283973964,
  259,     10.89197650524784,    2.57266712543194,    1.71808309806102,    4.42005590514184,    1.91160267113658,
  260,     10.93079030433443,    2.57122601133692,    1.71902493652377,    4.42000163092671,    1.91197250249763,
  261,     10.96958559064347,    2.56972329982419,    1.72005139340884,    4.42005614253776,    1.91237418006146,
  262,     11.00836235701085,    2.56815896763065,    1.72107785027574,    4.42000151517612,    1.91277585760711,
  263,     11.04712059309980,    2.56653297436881,    1.72218961045605,    4.42005642335082,    1.91320929913842,
  264,     11.08586028886689,    2.56484528814092,    1.72330137063789,    4.42000140052739,    1.91364274067126,
  265,     11.12458143112441,    2.56309586002803,    1.72449919519327,    4.42005674782154,    1.91410786344590,
  266,     11.16328400697748,    2.56128464995202,    1.72569701977701,    4.42000128722279,    1.91457298624889,
  267,     11.20196800042194,    2.55941160079250,    1.72698174639002,    4.42005711606751,    1.91506970651942,
  268,     11.24063339574832,    2.55747666481536,    1.72826647306617,    4.42000117544948,    1.91556642685308,
  269,     11.27928017418210,    2.55547977717006,    1.72963901632599,    4.42005752802538,    1.91609465923799,
  270,     11.31790831724833,    2.55342088308746,    1.73101155968930,    4.42000106537645,    1.91662289172639,
  271,     11.35651780346354,    2.55129991057860,    1.73247291119954,    4.42005798342323,    1.91718254846344,
  272,     11.39510861165232,    2.54911679860667,    1.73393426286466,    4.42000095714797,    1.91774220535536,
  273,     11.43368071770338,    2.54687146880440,    1.73548549107928,    4.42005848175382,    1.91833319539781,
  274,     11.47223409782647,    2.54456385477850,    1.73703671950996,    4.42000085088806,    1.91892418565631,
  275,     11.51076872538847,    2.54219387274761,    1.73867896921078,    4.42005902220277,    1.91954641359235,
  276,     11.54928457409556,    2.53976145204542,    1.74032121919896,    4.42000074669821,    1.92016864181575,
  277,     11.58778161492985,    2.53726650473180,    1.74205571048036,    4.42005960357858,    1.92082200655869,
  278,     11.62625981923725,    2.53470895711907,    1.74379020213511,    4.42000064468835,    1.92147537167498,
  279,     11.66471915579028,    2.53208871868005,    1.74561822878187,    4.42006022422082,    1.92215976491043,
  280,     11.70315959375715,    2.52940571421163,    1.74744625590038,    4.42000054495213,    1.92284415861762,
  281,     11.74158109992286,    2.52665985253785,    1.74936918296564,    4.42006088186624,    1.92355946293785,
  282,     11.77998364150837,    2.52385105872729,    1.75129211061850,    4.42000044752525,    1.92427476784566,
  283,     11.81836718358993,    2.52097924336993,    1.75331137102748,    4.42006157352475,    1.92502085454772,
  284,     11.85673169172989,    2.51804433388952,    1.75533063215175,    4.42000035239243,    1.92576694196507,
  285,     11.89507712964349,    2.51504624563703,    1.75744772205385,    4.42006229525489,    1.92654366842094,
  286,     11.93340346159302,    2.51198491085152,    1.75956481281789,    4.42000025946382,    1.92732039573876,
  287,     11.97171065036356,    2.50886025328325,    1.76178128541210,    4.42006304194870,    1.92812760228999,
  288,     12.00999865936043,    2.50567221293164,    1.76399775903057,    4.42000016847657,    1.92893480986548,
  289,     12.04826745096939,    2.50242072635865,    1.76631521648966,    4.42006380702640,    1.92977231614781,
  290,     12.08651698828318,    2.49910574482843,    1.76863267515115,    4.42000007896152,    1.93060982363253,
  291,     12.12474723393945,    2.49572722303904,    1.77105275819518,    4.42006458206608,    1.93147742422520,
  292,     12.16295815138427,    2.49228512773335,    1.77347284263402,    4.41999999013574,    1.93234502621268,
  293,     12.20114970430297,    2.48877943809010,    1.77599721722002,    4.42006535632242,    1.93324248550314,
  294,     12.23932185730644,    2.48521014146253,    1.77852159340946,    4.41999990075131,    1.93413994639704,
  295,     12.27747457609702,    2.48157724904543,    1.78115193386079,    4.42006611616221,    1.93506699250601,
  296,     12.31560782743666,    2.47788077504697,    1.78378227613936,    4.41999980891524,    1.93599404044221,
  297,     12.35372158022223,    2.47412077156976,    1.78652024391740,    4.42006684430591,    1.93695035805559,
  298,     12.39181580456226,    2.47029728738303,    1.78925821376675,    4.41999971189582,    1.93790667774027,
  299,     12.42989047397585,    2.46641042586284,    1.79210543086091,    4.42006751892076,    1.93889189961736,
  300,     12.46794556336515,    2.46246027992286,    1.79495265029429,    4.41999960569197,    1.93987712383368,
  301,     12.50598105259949,    2.45844701628974,    1.79791066603460,    4.42006811246825,    1.94089082077702,
  302,     12.54399692312372,    2.45437078393745,    1.80086868441891,    4.41999948474565,    1.94190452036437,
  303,     12.58199316324651,    2.45023182689328,    1.80393893416455,    4.42006859026192,    1.94294618931655,
  304,     12.61996976306844,    2.44603036513622,    1.80700918691598,    4.41999934127659,    1.94398786127452,
  305,     12.65792672186097,    2.44176673606919,    1.81019294078975,    4.42006890868769,    1.94505691121224,
  306,     12.69586404093220,    2.43744124939087,    1.81337669811734,    4.41999916467542,    1.94612596460378,
  307,     12.73378173356339,    2.43305435435240,    1.81667499745825,    4.42006901300891,    1.94722169975853,
  308,     12.77167981535210,    2.42860647380722,    1.81997330083663,    4.41999894056812,    1.94831743895076,
  309,     12.80955831726791,    2.42409819018577,    1.82338687953660,    4.42006883469315,    1.94943903882286,
  310,     12.84741727292210,    2.41953006869192,    1.82680046305770,    4.41999864986843,    1.95056064351608,
  311,     12.88525673541442,    2.41490284965490,    1.83032965025256,    4.42006828820277,    1.95170713900213,
  312,     12.92307676087332,    2.41021727691254,    1.83385884334373,    4.41999826764592,    1.95285364038448,
  313,     12.96087742989534,    2.40547427762494,    1.83750344306350,    4.42006726733652,    1.95402388515265,
  314,     12.99865882657727,    2.40067481901649,    1.84114805016977,    4.41999776212388,    1.95519413730732,
  315,     13.03642106550168,    2.39582004945382,    1.84490719251192,    4.42006564120163,    1.95638677334947,
  316,     13.07416426534011,    2.39091121436604,    1.84866634430247,    4.41999709421383,    1.95757941884001,
  317,     13.11188858251693,    2.38594972490025,    1.85253830131126,    4.42006325038079,    1.95879283477118,
  318,     13.14959417829617,    2.38093717130055,    1.85641027060685,    4.41999621847195,    1.96000626298913,
  319,     13.18728126046806,    2.37587527883169,    1.86039222837080,    4.42005990431679,    1.96123854323166,
  320,     13.22495004263550,    2.37076606285419,    1.86437420227964,    4.41999508722541,    1.96247083961907,
  321,     13.26260079552195,    2.36561162749561,    1.86846197860329,    4.42005538211740,    1.96371970192666,
  322,     13.30023379693756,    2.36041450935859,    1.87254977625057,    4.41999366135803,    1.96496858555788,
  323,     13.33784939461817,    2.35517727467754,    1.87673747051968,    4.42004944110376,    1.96623130331065,
  324,     13.37544794506246,    2.34990309575092,    1.88092519297406,    4.41999193384563,    1.96749404924869,
  325,     13.41302989019578,    2.34459510964084,    1.88520475150160,    4.42004184104234,    1.96876735352815,
  326,     13.45059568291255,    2.33925726022134,    1.88948434717124,    4.41998997719490,    1.97004069494969,
  327,     13.48814588033881,    2.33389339880853,    1.89384502321570,    4.42003239804950,    1.97132064928161,
  328,     13.52568105346376,    2.32850840210411,    1.89820574789556,    4.41998803289713,    1.97260065224894,
  329,     13.56320190037603,    2.32310702523282,    1.90263343146701,    4.42002109108383,    1.97388249056753,
  330,     13.60070913679873,    2.31769526882786,    1.90706117798065,    4.41998666957105,    1.97516439182833,
  331,     13.63820363340839,    2.31227903931818,    1.91153756864194,    4.42000825283999,    1.97644230920020,
  332,     13.67568628337216,    2.30686568470229,    1.91601403885816,    4.41998703764973,    1.97772030612700,
  333,     13.71315816868996,    2.30146257306056,    1.92051564259192,    4.41999487240265,    1.97898719850571,
  334,     13.75062039995738,    2.29607864617238,    1.92501734167514,    4.41999121173180,    1.98025418623389,
  335,     13.78807431741691,    2.29072308334241,    1.92951431116368,    4.41998297222217,    1.98150136845316,
  336,     13.82552129717964,    2.28540663983945,    1.93401138127079,    4.42000245228133,    1.98274865129100,
  337,     13.86296299280095,    2.28014059270097,    1.93846633238291,    4.41997577205046,    1.98396568244566,
  338,     13.90040110131686,    2.27493755531598,    1.94292135990020,    4.42002476866256,    1.98518279000548,
  339,     13.93783764964671,    2.26981088713135,    1.94728852876300,    4.41997670297224,    1.98635773810564,
  340,     13.97527471387149,    2.26477466836600,    1.95165572693245,    4.42006045172806,    1.98753271551246,
  341,     14.01271475169975,    2.25984392928713,    1.95588088052177,    4.41998553425589,    1.98865318422125,
  342,     14.05016027203169,    2.25503365022991,    1.96010612860393,    4.42010527802373,    1.98977374742287,
  343,     14.08761421869567,    2.25036117929500,    1.96412598864392,    4.41999287608870,    1.99082722237301,
  344,     14.12507959372709,    2.24584363695289,    1.96814612673931,    4.42014845533095,    1.99188097537854,
  345,     14.16255990961692,    2.24150346994878,    1.97188453422410,    4.41998602580166,    1.99285131098445,
  346,     14.20005875803605,    2.23736214076070,    1.97562309760668,    4.42018432299756,    1.99382180248816,
  347,     14.23758031681650,    2.23344641575733,    1.97898977907135,    4.41996762888731,    1.99468697807160,
  348,     14.27512885458764,    2.22977908397311,    1.98235640166534,    4.42021684141357,    1.99555209478436,
  349,     14.31270922092631,    2.22638654746116,    1.98525658861717,    4.41994856215591,    1.99629026163965,
  350,     14.35032635156642,    2.22328938599114,    1.98815656223283,    4.42024738250088,    1.99702821515877,
  351,     14.38798566474901,    2.22051106065841,    1.99050205726206,    4.41993183441372,    1.99762070207828,
  352,     14.42569264863523,    2.21806669842082,    1.99284732608994,    4.42026828903706,    1.99821296279644,
  353,     14.46345301594225,    2.21597318075639,    1.99457354166316,    4.41992147537186,    1.99864634055419,
  354,     14.50127253218865,    2.21423292370071,    1.99629917011738,    4.42027134803032,    1.99907913119293,
  355,     14.53915662237604,    2.21284206186759,    1.99739742681392,    4.41992504031993,    1.99935430202942,
  356,     14.57711071985517,    2.21178541594804,    1.99849413176977,    4.42024017450612,    1.99962792112522,
  357,     14.61513907817220,    2.21103264650454,    1.99904324915281,    4.41994988565138,    1.99976526807168,
  358,     14.65324584125669,    2.21053447603936,    1.99959226160695,    4.42016763230368,    1.99990251008924,
  359,     14.69143298708973,    2.21024888950931,    1.99977124574489,    4.41999217518028,    1.99994659492403,
  360,     14.72970237563676,    2.21009560375956,    1.99995200193604,    4.42008512720898,    1.99999245181204,
  361,     14.76805313164603,    2.21003874770753,    1.99997727787091,    4.42002727862936,    1.99999801921448,
  362,     14.80648439714227,    2.21001625262523,    2.00000401049356,    4.42004136850642,    2.00000504330472,
  363,     14.84499311606273,    2.21001162613696,    2.00000459591716,    4.42003340930428,    2.00000511242244,
  364,     14.88357636177497,    2.21001424958663,    2.00000477565973,    4.42003905344930,    2.00000477585913,
  365,     14.92222984357949,    2.21000994618268,    2.00000535761761,    4.42003173275356,    2.00000535771731,
  366,     14.96094936937321,    2.21001328847213,    2.00000460627782,    4.42003675687944,    2.00000460627782,
  367,     14.99972967147217,    2.21000992138270,    2.00000499105607,    4.42003087304884,    2.00000499105607,
  368,     15.03856547778885,    2.21001146209810,    2.00000457946629,    4.42003304486919,    2.00000457946629,
  369,     15.07745066658820,    2.21001037099278,    2.00000470810359,    4.42003114694333,    2.00000470810359,
  370,     15.11637904981966,    2.21000923733107,    2.00000459300192,    4.42002862523881,    2.00000459300192,
  371,     15.15534403087378,    2.21001043306587,    2.00000436275395,    4.42003050786347,    2.00000436275395,
  372,     15.19433892769094,    2.21000755308788,    2.00000422222023,    4.42002443731437,    2.00000422222023,
  373,     15.23335742189856,    2.21000980791344,    2.00000395154963,    4.42002834879032,    2.00000395154963,
  374,     15.27239311654200,    2.21000594332098,    2.00000375837997,    4.42002019268403,    2.00000375837997,
  375,     15.31144105327268,    2.21000898973215,    2.00000352597486,    4.42002577190044,    2.00000352597486,
  376,     15.35049620114250,    2.21000515100971,    2.00000330310729,    4.42001760190355,    2.00000330310729,
  377,     15.38955583680050,    2.21000764240910,    2.00000299372283,    4.42002190096854,    2.00000299372283,
  378,     15.42861716501438,    2.21000381826968,    2.00000255535728,    4.42001328388871,    2.00000255535728,
  379,     15.46767943735058,    2.21000555417678,    2.00000218268341,    4.42001593209603,    2.00000218268341,
  380,     15.50674182341126,    2.21000289634601,    2.00000176740567,    4.42000969866367,    2.00000176740567,
  381,     15.54580430292186,    2.21000330319325,    2.00000132768401,    4.42000954057255,    2.00000132768401,
  382,     15.58486677031450,    2.21000157593731,    2.00000092107639,    4.42000518745490,    2.00000092107639,
  383,     15.62392926997074,    2.21000041191793,    2.00000017276679,    4.42000120565053,    2.00000017276679,
  384,     15.66299176356580,    2.20999972094921,    1.99999970916504,    4.41999879915323,    1.99999970916504,
  385,     15.70205428631888,    2.20999692227423,    1.99999873485558,    4.41999104858320,    1.99999873485558,
  386,     15.74111681298554,    2.20999657173397,    1.99999818589652,    4.41998913430546,    1.99999818589652,
  387,     15.78017936240709,    2.20999327434994,    1.99999710192675,    4.41998014397750,    1.99999710192675,
  388,     15.81924192619170,    2.20999269834398,    1.99999644449856,    4.41997753905574,    1.99999644449856,
  389,     15.85830450767864,    2.20998905308073,    1.99999513330018,    4.41996735080814,    1.99999513330018,
  390,     15.89736711629766,    2.20998686956984,    1.99999399759160,    4.41996047389594,    1.99999399759160,
  391,     15.93642974407002,    2.20998368819896,    1.99999266511585,    4.41995116642359,    1.99999266511585,
  392,     15.97549240281767,    2.20998068097631,    1.99999128959638,    4.41994211212890,    1.99999128959638,
  393,     16.01455508523573,    2.20997759133233,    1.99998982048039,    4.41993268615443,    1.99998982048039,
  394,     16.05361780045724,    2.20997352431122,    1.99998819204189,    4.41992095334764,    1.99998819204189,
  395,     16.09268054779238,    2.20997002078783,    1.99998642992145,    4.41991005210889,    1.99998642992145,
  396,     16.13174333054209,    2.20996572396116,    1.99998456250939,    4.41989733159720,    1.99998456250939,
  397,     16.17080615240105,    2.20996141040682,    1.99998253361856,    4.41988422078469,    1.99998253361856,
  398,     16.20986901282865,    2.20995674237953,    1.99998050346214,    4.41987039825378,    1.99998050346214,
  399,     16.24893191309447,    2.20995243287783,    1.99997856521703,    4.41985749590489,    1.99997856521703,
  400,     16.28799485013391,    2.20994835757552,    1.99997660114336,    4.41984500488624,    1.99997660114336,
  401,     16.32705782652097,    2.20994394704967,    1.99997469872270,    4.41983197969471,    1.99997469872270,
  402,     16.36612083847762,    2.20994037333927,    1.99997293944628,    4.41982094446835,    1.99997293944628,
  403,     16.40518387611476,    2.20993755541139,    1.99997194542926,    4.41981311197331,    1.99997194542926,
  404,     16.44424693437469,    2.20993601852616,    1.99997084593549,    4.41980760843508,    1.99997084593549,
  405,     16.48330999681184,    2.20993682380808,    1.99997160496588,    4.41981089638465,    1.99997160496588,
  406,     16.52237304357146,    2.20993954168522,    1.99997235228151,    4.41981798358410,    1.99997235228151,
  407,     16.56143605739997,    2.20994433895724,    1.99997508772929,    4.41983362318284,    1.99997508772929,
  408,     16.60049901671931,    2.20995208781712,    1.99997795763712,    4.41985546306839,    1.99997795763712,
  409,     16.63956189581730,    2.20996237363703,    1.99998314401650,    4.41988749618475,    1.99998314401650,
  410,     16.67862467516223,    2.20997401854829,    1.99998839718794,    4.41992239518338,    1.99998839718794,
  411,     16.71768735607595,    2.20998489714901,    1.99999293144688,    4.41995417290238,    1.99999293144688,
  412,     16.75674995127893,    2.20999291045039,    1.99999732184282,    4.41997990219242,    1.99999732184282,
  413,     16.79581248985210,    2.20999764081254,    1.99999872623246,    4.41999246660181,    1.99999872623246,
  414,     16.83487500103555,    2.20999962128403,    2.00000004106378,    4.41999933331900,    2.00000004106378,
  415,     16.87393750135520,    2.21000008768127,    2.00000001372464,    4.42000020569400,    2.00000001372464,
  416,     16.91300000049943,    2.21000009730387,    2.00000005432649,    4.42000031466929,    2.00000005432649,
  417,     16.95206250002311,    2.21000002222228,    2.00000001402878,    4.42000007544815,    2.00000001402878,
  418,     16.99112499995143,    2.20999999661788,    1.99999999541010,    4.41999998309208,    1.99999999541010,
  419,     17.03018749998833,    2.20999999729153,    1.99999999871257,    4.41999999173782,    1.99999999871257,
  420,     17.06925000000172,    2.20999999958731,    1.99999999997031,    4.41999999910899,    1.99999999997031,
  421,     17.10831250000107,    2.21000000015133,    2.00000000004225,    4.42000000039603,    2.00000000004225,
  422,     17.14737500000007,    2.21000000006640,    2.00000000003583,    4.42000000021199,    2.00000000003583,
  423,     17.18643749999993,    2.20999999999761,    2.00000000000273,    4.42000000000126,    2.00000000000273,
  424,     17.22549999999997,    2.20999999999292,    1.99999999999595,    4.41999999997689,    1.99999999999595,
  425,     17.26456249999999,    2.21000000000000,    1.99999999999977,    4.41999999999950,    1.99999999999977,
  426,     17.30362499999998,    2.21000000000001,    2.00000000000023,    4.42000000000052,    2.00000000000023,
  427,     17.34268749999999,    2.21000000000025,    1.99999999999968,    4.41999999999979,    1.99999999999968,
  428,     17.38174999999999,    2.20999999999786,    1.99999999999955,    4.41999999999471,    1.99999999999955,
  429,     17.42081250000000,    2.21000000000062,    1.99999999999964,    4.42000000000043,    1.99999999999964,
  430,     17.45987500000000,    2.20999999999716,    1.99999999999927,    4.41999999999272,    1.99999999999927,
  431,     17.49893750000002,    2.21000000000176,    2.00000000000018,    4.42000000000393,    2.00000000000018,
  432,     17.53800000000000,    2.20999999999760,    2.00000000000123,    4.41999999999792,    2.00000000000123,
  433,     17.57706249999999,    2.21000000000231,    1.99999999999986,    4.42000000000432,    1.99999999999986,
  434,     17.61612500000000,    2.20999999999715,    1.99999999999991,    4.41999999999411,    1.99999999999991,
  435,     17.65518750000000,    2.21000000000026,    2.00000000000000,    4.42000000000051,    2.00000000000000,
  436,     17.69425000000000,    2.21000000000054,    1.99999999999955,    4.42000000000007,    1.99999999999955,
  437,     17.73331250000000,    2.21000000000074,    2.00000000000073,    4.42000000000308,    2.00000000000073,
  438,     17.77237499999998,    2.21000000000134,    2.00000000000023,    4.42000000000319,    2.00000000000023,
  439,     17.81143749999999,    2.20999999999826,    1.99999999999959,    4.41999999999563,    1.99999999999959,
  440,     17.85049999999999,    2.21000000000206,    2.00000000000032,    4.42000000000483,    2.00000000000032,
  441,     17.88956249999999,    2.20999999999820,    1.99999999999968,    4.41999999999570,    1.99999999999968,
  442,     17.92862500000000,    2.21000000000203,    1.99999999999914,    4.42000000000214,    1.99999999999914,
  443,     17.96768750000001,    2.20999999999936,    2.00000000000041,    4.41999999999963,    2.00000000000041,
  444,     18.00674999999999,    2.21000000000101,    1.99999999999996,    4.42000000000193,    1.99999999999996,
  445,     18.04581250000001,    2.20999999999914,    1.99999999999996,    4.41999999999819,    1.99999999999996,
  446,     18.08487499999999,    2.21000000000248,    2.00000000000077,    4.42000000000668,    2.00000000000077,
  447,     18.12393749999999,    2.20999999999928,    2.00000000000005,    4.41999999999866,    2.00000000000005,
  448,     18.16299999999999,    2.21000000000135,    1.99999999999950,    4.42000000000160,    1.99999999999950,
  449,     18.20206250000000,    2.20999999999869,    2.00000000000005,    4.41999999999748,    2.00000000000005,
  450,     18.24112499999999,    2.21000000000297,    2.00000000000005,    4.42000000000604,    2.00000000000005,
  451,     18.28018750000000,    2.20999999999861,    2.00000000000005,    4.41999999999732,    2.00000000000005,
  452,     18.31924999999999,    2.21000000000278,    2.00000000000005,    4.42000000000566,    2.00000000000005,
  453,     18.35831250000000,    2.20999999999861,    2.00000000000005,    4.41999999999732,    2.00000000000005,
  454,     18.39737499999999,    2.21000000000278,    2.00000000000005,    4.42000000000566,    2.00000000000005,
  455,     18.43643750000000,    2.20999999999861,    2.00000000000005,    4.41999999999732,    2.00000000000005,
  456,     18.47549999999999,    2.21000000000278,    2.00000000000005,    4.42000000000566,    2.00000000000005,
  457,     18.51456250000000,    2.20999999999861,    2.00000000000005,    4.41999999999732,    2.00000000000005,
  458,     18.55362499999999,    2.21000000000278,    2.00000000000005,    4.42000000000566,    2.00000000000005,
  459,     18.59268750000000,    2.20999999999861,    2.00000000000005,    4.41999999999732,    2.00000000000005,
  460,     18.63174999999999,    2.21000000000278,    2.00000000000005,    4.42000000000566,    2.00000000000005,
  461,     18.67081250000000,    2.20999999999861,    2.00000000000005,    4.41999999999732,    2.00000000000005,
  462,     18.70987499999999,    2.21000000000278,    2.00000000000005,    4.42000000000566,    2.00000000000005,
  463,     18.74893750000000,    2.20999999999861,    2.00000000000005,    4.41999999999732,    2.00000000000005,
  464,     18.78799999999999,    2.21000000000278,    2.00000000000005,    4.42000000000566,    2.00000000000005,
  465,     18.82706250000000,    2.20999999999861,    2.00000000000005,    4.41999999999732,    2.00000000000005,
  466,     18.86612499999999,    2.21000000000278,    2.00000000000005,    4.42000000000566,    2.00000000000005,
  467,     18.90518750000000,    2.20999999999861,    2.00000000000005,    4.41999999999732,    2.00000000000005,
  468,     18.94424999999999,    2.21000000000278,    2.00000000000005,    4.42000000000566,    2.00000000000005,
  469,     18.98331250000000,    2.20999999999861,    2.00000000000005,    4.41999999999732,    2.00000000000005,
  470,     19.02237499999999,    2.21000000000278,    2.00000000000005,    4.42000000000566,    2.00000000000005,
  471,     19.06143750000000,    2.20999999999861,    2.00000000000005,    4.41999999999732,    2.00000000000005,
  472,     19.10049999999999,    2.21000000000278,    2.00000000000005,    4.42000000000566,    2.00000000000005,
  473,     19.13956250000000,    2.20999999999861,    2.00000000000005,    4.41999999999732,    2.00000000000005,
  474,     19.17862499999999,    2.21000000000278,    2.00000000000005,    4.42000000000566,    2.00000000000005,
  475,     19.21768750000000,    2.20999999999861,    2.00000000000005,    4.41999999999732,    2.00000000000005,
  476,     19.25674999999999,    2.21000000000278,    2.00000000000005,    4.42000000000566,    2.00000000000005,
  477,     19.29581250000000,    2.20999999999861,    2.00000000000005,    4.41999999999732,    2.00000000000005,
  478,     19.33487499999999,    2.21000000000278,    2.00000000000005,    4.42000000000566,    2.00000000000005,
  479,     19.37393750000000,    2.20999999999861,    2.00000000000005,    4.41999999999732,    2.00000000000005,
  480,     19.41299999999999,    2.21000000000278,    2.00000000000005,    4.42000000000566,    2.00000000000005,
  481,     19.45206250000000,    2.20999999999861,    2.00000000000005,    4.41999999999732,    2.00000000000005,
  482,     19.49112499999999,    2.21000000000278,    2.00000000000005,    4.42000000000566,    2.00000000000005,
  483,     19.53018750000000,    2.20999999999861,    2.00000000000005,    4.41999999999732,    2.00000000000005,
  484,     19.56924999999999,    2.21000000000278,    2.00000000000005,    4.42000000000566,    2.00000000000005,
  485,     19.60831250000000,    2.20999999999861,    2.00000000000005,    4.41999999999732,    2.00000000000005,
  486,     19.64737499999999,    2.21000000000278,    2.00000000000005,    4.42000000000566,    2.00000000000005,
  487,     19.68643750000000,    2.20999999999861,    2.00000000000005,    4.41999999999732,    2.00000000000005,
  488,     19.72549999999999,    2.21000000000278,    2.00000000000005,    4.42000000000566,    2.00000000000005,
  489,     19.76456250000000,    2.20999999999861,    2.00000000000005,    4.41999999999732,    2.00000000000005,
  490,     19.80362499999999,    2.21000000000278,    2.00000000000005,    4.42000000000566,    2.00000000000005,
  491,     19.84268750000000,    2.20999999999861,    2.00000000000005,    4.41999999999732,    2.00000000000005,
  492,     19.88174999999999,    2.21000000000278,    2.00000000000005,    4.42000000000566,    2.00000000000005,
  493,     19.92081250000000,    2.20999999999861,    2.00000000000005,    4.41999999999732,    2.00000000000005,
  494,     19.95987499999999,    2.21000000000278,    2.00000000000005,    4.42000000000566,    2.00000000000005,
  495,     19.99893750000000,    2.20999999999861,    2.00000000000005,    4.41999999999732,    2.00000000000005,
  496,     20.03799999999999,    2.21000000000278,    2.00000000000005,    4.42000000000566,    2.00000000000005,
  497,     20.07706250000000,    2.20999999999861,    2.00000000000005,    4.41999999999732,    2.00000000000005,
  498,     20.11612499999999,    2.21000000000278,    2.00000000000005,    4.42000000000566,    2.00000000000005,
  499,     20.15518750000000,    2.20999999999861,    2.00000000000005,    4.41999999999732,    2.00000000000005,
  500,     20.19424999999999,    2.21000000000278,    2.00000000000005,    4.42000000000566,    2.00000000000005,
  501,     20.23331250000000,    2.20999999999861,    2.00000000000005,    4.41999999999732,    2.00000000000005,
  502,     20.27237499999999,    2.21000000000278,    2.00000000000005,    4.42000000000566,    2.00000000000005,
  503,     20.31143750000000,    2.20999999999861,    2.00000000000005,    4.41999999999732,    2.00000000000005,
  504,     20.35049999999999,    2.21000000000278,    2.00000000000005,    4.42000000000566,    2.00000000000005,
  505,     20.38956250000000,    2.20999999999861,    2.00000000000005,    4.41999999999732,    2.00000000000005,
  506,     20.42862499999999,    2.21000000000278,    2.00000000000005,    4.42000000000566,    2.00000000000005,
  507,     20.46768750000000,    2.20999999999861,    2.00000000000005,    4.41999999999732,    2.00000000000005,
  508,     20.50674999999999,    2.21000000000278,    2.00000000000005,    4.42000000000566,    2.00000000000005,
  509,     20.54581250000000,    2.20999999999861,    2.00000000000005,    4.41999999999732,    2.00000000000005,
  510,     20.58487499999999,    2.21000000000278,    2.00000000000005,    4.42000000000566,    2.00000000000005,
  511,     20.62393750000000,    2.20999999999861,    2.00000000000005,    4.41999999999732,    2.00000000000005,
  512,     20.66299999999999,    2.21000000000278,    2.00000000000005,    4.42000000000566,    2.00000000000005,
  513,     20.70206250000000,    2.20999999999861,    2.00000000000005,    4.41999999999732,    2.00000000000005,
  514,     20.74112499999999,    2.21000000000273,    2.00000000000014,    4.42000000000576,    2.00000000000014,
  515,     20.78018750000000,    2.20999999999894,    1.99999999999996,    4.41999999999779,    1.99999999999996,
  516,     20.81924999999999,    2.21000000000202,    2.00000000000014,    4.42000000000435,    2.00000000000014,
  517,     20.85831250000000,    2.20999999999926,    1.99999999999996,    4.41999999999842,    1.99999999999996,
  518,     20.89737499999999,    2.21000000000045,    2.00000000000032,    4.42000000000160,    2.00000000000032,
  519,     20.93643750000000,    2.20999999999986,    1.99999999999959,    4.41999999999881,    1.99999999999959,
  520,     20.97550000000001,    2.21000000000245,    1.99999999999936,    4.42000000000349,    1.99999999999936,
  521,     21.01456250000001,    2.20999999999771,    2.00000000000036,    4.41999999999622,    2.00000000000036,
  522,     21.05362499999999,    2.21000000000410,    1.99999999999996,    4.42000000000810,    1.99999999999996,
  523,     21.09268750000000,    2.20999999999785,    2.00000000000032,    4.41999999999640,    2.00000000000032,
  524,     21.13174999999998,    2.21000000000193,    1.99999999999996,    4.42000000000376,    1.99999999999996,
  525,     21.17081250000000,    2.21000000000021,    1.99999999999932,    4.41999999999892,    1.99999999999932,
  526,     21.20987500000000,    2.20999999999805,    1.99999999999973,    4.41999999999550,    1.99999999999973,
  527,     21.24893750000001,    2.21000000000094,    2.00000000000036,    4.42000000000268,    2.00000000000036,
  528,     21.28799999999999,    2.20999999999959,    2.00000000000096,    4.42000000000130,    2.00000000000096,
  529,     21.32706249999999,    2.20999999999988,    1.99999999999959,    4.41999999999886,    1.99999999999959,
  530,     21.36612500000000,    2.21000000000203,    1.99999999999955,    4.42000000000306,    1.99999999999955,
  531,     21.40518750000000,    2.20999999999801,    2.00000000000027,    4.41999999999663,    2.00000000000027,
  532,     21.44424999999999,    2.21000000000231,    1.99999999999977,    4.42000000000412,    1.99999999999977,
  533,     21.48331250000000,    2.21000000000083,    2.00000000000032,    4.42000000000236,    2.00000000000032,
  534,     21.52237499999998,    2.20999999999922,    2.00000000000046,    4.41999999999946,    2.00000000000046,
  535,     21.56143749999999,    2.20999999999902,    2.00000000000009,    4.41999999999825,    2.00000000000009,
  536,     21.60049999999998,    2.21000000000031,    1.99999999999950,    4.41999999999951,    1.99999999999950,
  537,     21.63956250000000,    2.21000000000073,    1.99999999999950,    4.42000000000036,    1.99999999999950,
  538,     21.67862499999999,    2.20999999999949,    2.00000000000041,    4.41999999999989,    2.00000000000041,
  539,     21.71768749999999,    2.21000000000106,    1.99999999999968,    4.42000000000142,    1.99999999999968,
  540,     21.75675000000000,    2.20999999999851,    2.00000000000082,    4.41999999999883,    2.00000000000082,
  541,     21.79581249999998,    2.20999999999885,    2.00000000000009,    4.41999999999790,    2.00000000000009,
  542,     21.83487500000000,    2.21000000000082,    1.99999999999905,    4.41999999999953,    1.99999999999905,
  543,     21.87393750000000,    2.21000000000006,    2.00000000000032,    4.42000000000083,    2.00000000000032,
  544,     21.91299999999999,    2.20999999999896,    2.00000000000046,    4.41999999999893,    2.00000000000046,
  545,     21.95206249999999,    2.21000000000224,    1.99999999999973,    4.42000000000388,    1.99999999999973,
  546,     21.99112500000000,    2.20999999999609,    1.99999999999986,    4.41999999999187,    1.99999999999986,
  547,     22.03018749999999,    2.21000000000200,    2.00000000000041,    4.42000000000491,    2.00000000000041,
  548,     22.06924999999999,    2.20999999999863,    2.00000000000036,    4.41999999999806,    2.00000000000036,
  549,     22.10831249999998,    2.20999999999916,    2.00000000000018,    4.41999999999873,    2.00000000000018,
  550,     22.14737499999998,    2.20999999999903,    1.99999999999882,    4.41999999999545,    1.99999999999882,
  551,     22.18643750000000,    2.20999999999893,    2.00000000000027,    4.41999999999846,    2.00000000000027,
  552,     22.22549999999998,    2.21000000000505,    2.00000000000100,    4.42000000001231,    2.00000000000100,
  553,     22.26456249999999,    2.20999999999902,    1.99999999999955,    4.41999999999704,    1.99999999999955,
  554,     22.30362499999999,    2.21000000000125,    1.99999999999923,    4.42000000000080,    1.99999999999923,
  555,     22.34268750000000,    2.20999999999919,    2.00000000000050,    4.41999999999948,    2.00000000000050,
  556,     22.38174999999998,    2.20999999999982,    2.00000000000132,    4.42000000000255,    2.00000000000132,
  557,     22.42081249999998,    2.21000000000016,    1.99999999999932,    4.41999999999881,    1.99999999999932,
  558,     22.45987500000000,    2.21000000000371,    2.00000000000027,    4.42000000000802,    2.00000000000027,
  559,     22.49893749999998,    2.20999999999605,    2.00000000000027,    4.41999999999270,    2.00000000000027,
  560,     22.53799999999999,    2.21000000000559,    2.00000000000014,    4.42000000001148,    2.00000000000014,
  561,     22.57706249999998,    2.21000000000084,    1.99999999999959,    4.42000000000079,    1.99999999999959,
  562,     22.61612500000001,    2.20999999999843,    1.99999999999959,    4.41999999999595,    1.99999999999959,
  563,     22.65518749999998,    2.20999999999753,    2.00000000000068,    4.41999999999658,    2.00000000000068,
  564,     22.69424999999998,    2.21000000000088,    1.99999999999823,    4.41999999999784,    1.99999999999823,
  565,     22.73331250000000,    2.21000000000069,    2.00000000000041,    4.42000000000229,    2.00000000000041,
  566,     22.77237499999996,    2.21000000000674,    2.00000000000046,    4.42000000001449,    2.00000000000046,
  567,     22.81143749999999,    2.20999999999441,    1.99999999999973,    4.41999999998821,    1.99999999999973,
  568,     22.85049999999998,    2.21000000000894,    2.00000000000000,    4.42000000001787,    2.00000000000000,
  569,     22.88956250000000,    2.20999999999688,    1.99999999999982,    4.41999999999336,    1.99999999999982,
  570,     22.92862499999998,    2.21000000000453,    2.00000000000068,    4.42000000001058,    2.00000000000068,
  571,     22.96768749999999,    2.20999999999946,    2.00000000000014,    4.41999999999922,    2.00000000000014,
  572,     23.00674999999998,    2.21000000000167,    1.99999999999991,    4.42000000000315,    1.99999999999991,
  573,     23.04581249999999,    2.20999999999900,    2.00000000000009,    4.41999999999820,    2.00000000000009,
  574,     23.08487499999998,    2.21000000000090,    1.99999999999964,    4.42000000000100,    1.99999999999964,
  575,     23.12393750000000,    2.20999999999935,    1.99999999999964,    4.41999999999789,    1.99999999999964,
  576,     23.16299999999998,    2.21000000000366,    2.00000000000014,    4.42000000000763,    2.00000000000014,
  577,     23.20206250000000,    2.20999999999777,    1.99999999999977,    4.41999999999504,    1.99999999999977,
  578,     23.24112499999999,    2.21000000000229,    2.00000000000018,    4.42000000000499,    2.00000000000018,
  579,     23.28018750000000,    2.20999999999806,    1.99999999999982,    4.41999999999571,    1.99999999999982,
  580,     23.31925000000000,    2.21000000000430,    2.00000000000000,    4.42000000000860,    2.00000000000000,
  581,     23.35831250000000,    2.20999999999777,    2.00000000000000,    4.41999999999555,    2.00000000000000,
  582,     23.39737500000000,    2.21000000000493,    2.00000000000050,    4.42000000001097,    2.00000000000050,
  583,     23.43643749999998,    2.20999999999906,    2.00000000000050,    4.41999999999924,    2.00000000000050,
  584,     23.47549999999998,    2.21000000000183,    1.99999999999986,    4.42000000000336,    1.99999999999986,
  585,     23.51456249999998,    2.21000000000000,    2.00000000000005,    4.42000000000010,    2.00000000000005,
  586,     23.55362499999997,    2.21000000000003,    1.99999999999977,    4.41999999999955,    1.99999999999977,
  587,     23.59268749999998,    2.20999999999925,    1.99999999999996,    4.41999999999840,    1.99999999999996,
  588,     23.63174999999998,    2.21000000000090,    2.00000000000018,    4.42000000000221,    2.00000000000018,
  589,     23.67081249999998,    2.20999999999959,    1.99999999999982,    4.41999999999877,    1.99999999999982,
  590,     23.70987499999998,    2.21000000000073,    2.00000000000000,    4.42000000000145,    2.00000000000000,
  591,     23.74893749999998,    2.20999999999969,    2.00000000000000,    4.41999999999939,    2.00000000000000,
  592,     23.78799999999998,    2.21000000000062,    2.00000000000000,    4.42000000000124,    2.00000000000000,
  593,     23.82706249999998,    2.20999999999969,    2.00000000000000,    4.41999999999939,    2.00000000000000,
  594,     23.86612499999998,    2.21000000000062,    2.00000000000000,    4.42000000000124,    2.00000000000000,
  595,     23.90518749999998,    2.20999999999969,    2.00000000000000,    4.41999999999939,    2.00000000000000,
  596,     23.94424999999998,    2.21000000000062,    2.00000000000000,    4.42000000000124,    2.00000000000000,
  597,     23.98331249999998,    2.20999999999969,    2.00000000000000,    4.41999999999939,    2.00000000000000,
  598,     24.02237499999998,    2.21000000000062,    2.00000000000000,    4.42000000000124,    2.00000000000000,
  599,     24.06143749999998,    2.20999999999969,    2.00000000000000,    4.41999999999939,    2.00000000000000,
  600,     24.10049999999998,    2.21000000000062,    2.00000000000000,    4.42000000000124,    2.00000000000000,
  601,     24.13956249999998,    2.20999999999969,    2.00000000000000,    4.41999999999939,    2.00000000000000,
  602,     24.17862499999998,    2.21000000000062,    2.00000000000000,    4.42000000000124,    2.00000000000000,
  603,     24.21768749999998,    2.20999999999969,    2.00000000000000,    4.41999999999939,    2.00000000000000,
  604,     24.25674999999998,    2.21000000000073,    1.99999999999986,    4.42000000000117,    1.99999999999986,
  605,     24.29581249999998,    2.20999999999921,    2.00000000000023,    4.41999999999892,    2.00000000000023,
  606,     24.33487499999997,    2.21000000000083,    2.00000000000027,    4.42000000000227,    2.00000000000027,
  607,     24.37393749999998,    2.20999999999948,    2.00000000000009,    4.41999999999917,    2.00000000000009,
  608,     24.41299999999998,    2.21000000000256,    2.00000000000005,    4.42000000000522,    2.00000000000005,
  609,     24.45206249999998,    2.20999999999929,    1.99999999999914,    4.41999999999667,    1.99999999999914,
  610,     24.49112500000000,    2.21000000000434,    1.99999999999973,    4.42000000000807,    1.99999999999973,
  611,     24.53018749999999,    2.20999999999726,    2.00000000000009,    4.41999999999472,    2.00000000000009,
  612,     24.56925000000000,    2.21000000000395,    1.99999999999982,    4.42000000000749,    1.99999999999982,
  613,     24.60831249999999,    2.20999999999878,    2.00000000000055,    4.41999999999878,    2.00000000000055,
  614,     24.64737499999998,    2.21000000000339,    1.99999999999986,    4.42000000000648,    1.99999999999986,
  615,     24.68643749999999,    2.20999999999695,    1.99999999999986,    4.41999999999360,    1.99999999999986,
  616,     24.72549999999999,    2.21000000000491,    2.00000000000009,    4.42000000001002,    2.00000000000009,
  617,     24.76456249999999,    2.20999999999901,    1.99999999999991,    4.41999999999782,    1.99999999999991,
  618,     24.80362499999999,    2.21000000000228,    1.99999999999982,    4.42000000000416,    1.99999999999982,
  619,     24.84268750000000,    2.20999999999766,    1.99999999999982,    4.41999999999492,    1.99999999999982,
  620,     24.88175000000000,    2.21000000000417,    2.00000000000027,    4.42000000000895,    2.00000000000027,
  621,     24.92081249999999,    2.20999999999906,    2.00000000000082,    4.41999999999993,    2.00000000000082,
  622,     24.95987499999996,    2.21000000000137,    1.99999999999936,    4.42000000000133,    1.99999999999936,
  623,     24.99893749999999,    2.20999999999988,    1.99999999999973,    4.41999999999915,    1.99999999999973,
  624,     25.03799999999998,    2.21000000000067,    2.00000000000064,    4.42000000000274,    2.00000000000064,
  625,     25.07706249999999,    2.20999999999896,    1.99999999999955,    4.41999999999692,    1.99999999999955,
  626,     25.11612499999999,    2.21000000000160,    2.00000000000087,    4.42000000000511,    2.00000000000087,
  627,     25.15518749999998,    2.20999999999892,    2.00000000000014,    4.41999999999814,    2.00000000000014,
  628,     25.19424999999999,    2.21000000000384,    1.99999999999946,    4.42000000000648,    1.99999999999946,
  629,     25.23331249999998,    2.20999999999733,    2.00000000000055,    4.41999999999587,    2.00000000000055,
  630,     25.27237499999997,    2.21000000000569,    2.00000000000027,    4.42000000001198,    2.00000000000027,
  631,     25.31143749999998,    2.20999999999727,    1.99999999999936,    4.41999999999313,    1.99999999999936,
  632,     25.35049999999999,    2.21000000000309,    1.99999999999996,    4.42000000000607,    1.99999999999996,
  633,     25.38956249999998,    2.20999999999873,    2.00000000000086,    4.41999999999937,    2.00000000000086,
  634,     25.42862499999996,    2.21000000000148,    1.99999999999927,    4.42000000000136,    1.99999999999927,
  635,     25.46768749999999,    2.21000000000018,    1.99999999999982,    4.41999999999996,    1.99999999999982,
  636,     25.50674999999997,    2.20999999999937,    2.00000000000032,    4.41999999999945,    2.00000000000032,
  637,     25.54581249999998,    2.21000000000054,    1.99999999999977,    4.42000000000058,    1.99999999999977,
  638,     25.58487499999998,    2.21000000000194,    2.00000000000059,    4.42000000000519,    2.00000000000059,
  639,     25.62393749999998,    2.20999999999777,    1.99999999999968,    4.41999999999483,    1.99999999999968,
  640,     25.66299999999999,    2.20999999999962,    1.99999999999891,    4.41999999999683,    1.99999999999891,
