 indi,                  x_v,                   v,                   H,                   q,                 eta
    0,     3.60000000000000,    12.00000000000001,    2.00000000000010,    24.00000000000127,    2.00000000000010,
    1,     3.63906250000000,    11.99999999999970,    2.00000000000001,    23.99999999999948,    2.00000000000001,
    2,     3.67812500000000,    12.00000000000014,    2.00000000000002,    24.00000000000056,    2.00000000000002,
    3,     3.71718750000000,    12.00000000000001,    1.99999999999998,    23.99999999999977,    1.99999999999998,
    4,     3.75625000000000,    12.00000000000021,    2.00000000000000,    24.00000000000044,    2.00000000000000,
    5,     3.79531250000000,    11.99999999999995,    1.99999999999996,    23.99999999999938,    1.99999999999996,
    6,     3.83437500000000,    12.00000000000000,    2.00000000000017,    24.00000000000199,    2.00000000000017,
    7,     3.87343749999999,    11.99999999999994,    2.00000000000003,    24.00000000000024,    2.00000000000003,
    8,     3.91250000000000,    11.99999999999987,    1.99999999999998,    23.99999999999955,    1.99999999999998,
    9,     3.95156249999999,    11.99999999999991,    2.00000000000010,    24.00000000000099,    2.00000000000010,
   10,     3.99062499999999,    11.99999999999995,    1.99999999999984,    23.99999999999801,    1.99999999999984,
   11,     4.02968750000000,    11.99999999999992,    1.99999999999998,    23.99999999999958,    1.99999999999998,
   12,     4.06875000000000,    12.00000000000013,    1.99999999999992,    23.99999999999932,    1.99999999999992,
   13,     4.10781250000000,    12.00000000000034,    1.99999999999992,    23.99999999999974,    1.99999999999992,
   14,     4.14687500000000,    11.99999999999957,    2.00000000000014,    24.00000000000080,    2.00000000000014,
   15,     4.18593750000000,    12.00000000000014,    2.00000000000009,    24.00000000000138,    2.00000000000009,
   16,     4.22500000000000,    12.00000000000033,    1.99999999999980,    23.99999999999821,    1.99999999999980,
   17,     4.26406250000000,    11.99999999999945,    2.00000000000000,    23.99999999999891,    2.00000000000000,
   18,     4.30312500000000,    12.00000000000074,    2.00000000000004,    24.00000000000190,    2.00000000000004,
   19,     4.34218750000000,    12.00000000000011,    1.99999999999983,    23.99999999999818,    1.99999999999983,
   20,     4.38125000000000,    11.99999999999947,    2.00000000000010,    24.00000000000018,    2.00000000000010,
   21,     4.42031250000000,    12.00000000000015,    2.00000000000017,    24.00000000000237,    2.00000000000017,
   22,     4.45937500000000,    11.99999999999937,    1.99999999999999,    23.99999999999863,    1.99999999999999,
   23,     4.49843750000000,    11.99999999999994,    1.99999999999999,    23.99999999999975,    1.99999999999999,
   24,     4.53750000000000,    12.00000000000071,    1.99999999999986,    23.99999999999980,    1.99999999999986,
   25,     4.57656250000000,    12.00000000000010,    1.99999999999996,    23.99999999999968,    1.99999999999996,
   26,     4.61562500000000,    11.99999999999905,    2.00000000000021,    24.00000000000056,    2.00000000000021,
   27,     4.65468750000000,    12.00000000000060,    1.99999999999996,    24.00000000000066,    1.99999999999996,
   28,     4.69375000000000,    11.99999999999892,    1.99999999999977,    23.99999999999514,    1.99999999999977,
   29,     4.73281250000000,    12.00000000000053,    1.99999999999996,    24.00000000000053,    1.99999999999996,
   30,     4.77187500000000,    11.99999999999976,    1.99999999999991,    23.99999999999845,    1.99999999999991,
   31,     4.81093750000000,    11.99999999999999,    1.99999999999996,    23.99999999999946,    1.99999999999996,
   32,     4.85000000000000,    11.99999999999918,    2.00000000000022,    24.00000000000097,    2.00000000000022,
   33,     4.88906250000000,    12.00000000000029,    2.00000000000017,    24.00000000000265,    2.00000000000017,
   34,     4.92812500000000,    11.99999999999960,    2.00000000000001,    23.99999999999936,    2.00000000000001,
   35,     4.96718750000000,    12.00000000000007,    2.00000000000017,    24.00000000000221,    2.00000000000017,
   36,     5.00624999999999,    11.99999999999327,    2.00000000001950,    24.00000000022053,    2.00000000001950,
   37,     5.04531250000002,    12.00000000002660,    1.99999999995797,    23.99999999954886,    1.99999999995800,
   38,     5.08437500000163,    12.00000000017823,    1.99999998287592,    23.99999979486752,    1.99999998287598,
   39,     5.12343749997428,    11.99999997086961,    2.00000003692604,    24.00000038485164,    2.00000008082700,
   40,     5.16249999855921,    11.99999889546807,    1.99999953923949,    23.99999226181049,    1.99999962704136,
   41,     5.20156249384997,    11.99999601033202,    2.00000151172937,    24.00001016141044,    2.00000802545181,
   42,     5.24062493950745,    11.99997308981825,    2.00000015794638,    23.99994807498881,    2.00001309758939,
   43,     5.27968732749964,    11.99992981974802,    2.00001520696585,    24.00004212201899,    2.00010407312633,
   44,     5.31874934549687,    11.99980123992689,    2.00002414243259,    23.99989218424634,    2.00018893511054,
   45,     5.35781098512808,    11.99958410904392,    2.00007397252089,    24.00005585757399,    2.00054140022173,
   46,     5.39687145612207,    11.99921252170870,    2.00012302882128,    23.99990129239020,    2.00089309154501,
   47,     5.43593061740366,    11.99864189179083,    2.00022967786053,    24.00003960598057,    2.00169735385034,
   48,     5.47498748563008,    11.99788457392277,    2.00034523821963,    23.99991127615516,    2.00251052747551,
   49,     5.51404147996496,    11.99686089656575,    2.00052782812480,    24.00005407372205,    2.00388208227526,
   50,     5.55309187344802,    11.99561975831874,    2.00071763028794,    23.99984793669873,    2.00526084933298,
   51,     5.59213769858842,    11.99413666422465,    2.00098531490287,    24.00009133005164,    2.00722183139268,
   52,     5.63117840487935,    11.99241044213574,    2.00125031689294,    23.99981519763441,    2.00918013082752,
   53,     5.67021312999596,    11.99048733467474,    2.00159328307902,    24.00007890992899,    2.01167592402890,
   54,     5.70924121905718,    11.98835242256116,    2.00193376374448,    23.99988748639315,    2.01416923170967,
   55,     5.74826208445070,    11.98602831325606,    2.00233411579326,    24.00003340449657,    2.01710822905914,
   56,     5.78727515205998,    11.98355800168469,    2.00273940601032,    23.99994383418423,    2.02005216457688,
   57,     5.82627980800272,    11.98092049590589,    2.00318764540083,    24.00003191792828,    2.02334276126693,
   58,     5.86527583662129,    11.97816574358282,    2.00363814926731,    23.99990984208934,    2.02663562243294,
   59,     5.90426257518307,    11.97531231783425,    2.00412769603692,    24.00005508486366,    2.03019249295329,
   60,     5.94323993509326,    11.97234758669403,    2.00461146042592,    23.99990518048950,    2.03374358109305,
   61,     5.98220754892554,    11.96933145042724,    2.00512714679383,    24.00003142022483,    2.03748173691490,
   62,     6.02116517316158,    11.96624625468020,    2.00564024974576,    23.99998512675602,    2.04121730932077,
   63,     6.06011271550650,    11.96310485813662,    2.00616735797168,    23.99999046638608,    2.04506298876586,
   64,     6.09905000675051,    11.95994750331499,    2.00669947736495,    24.00002040421447,    2.04891367937831,
   65,     6.13797686193482,    11.95674630932013,    2.00723514315954,    24.00000138991055,    2.05281564185193,
   66,     6.17689340815463,    11.95353483369586,    2.00777176690677,    23.99996975383116,    2.05671856227818,
   67,     6.21579939709650,    11.95033167749005,    2.00831467485317,    24.00002647726592,    2.06063677430705,
   68,     6.25469496642957,    11.94710894259037,    2.00885152935410,    23.99996807068273,    2.06454893289046,
   69,     6.29358013406132,    11.94391518124518,    2.00939140972966,    24.00000056373372,    2.06844271950600,
   70,     6.33245483470002,    11.94073302914482,    2.00993029521469,    24.00004106234880,    2.07233551123100,
   71,     6.37131925078416,    11.93755617928969,    2.01045915965756,    23.99996916457961,    2.07617340576528,
   72,     6.41017340468266,    11.93442449653606,    2.01099356468059,    24.00005086070036,    2.08001684087973,
   73,     6.44901729806943,    11.93130457795853,    2.01151446147854,    23.99999170286863,    2.08378407637162,
   74,     6.48785120085616,    11.92821611987535,    2.01203512030418,    23.99998975576771,    2.08755107389122,
   75,     6.52667505560333,    11.92518078157596,    2.01254932762721,    24.00001456379364,    2.09123568952812,
   76,     6.56548905446168,    11.92216160186881,    2.01305759153406,    23.99999792013788,    2.09491436174884,
   77,     6.60429339139471,    11.91919755942434,    2.01355708101596,    23.99998464580700,    2.09849874344602,
   78,     6.64308805137747,    11.91627769378035,    2.01405725353174,    24.00006552425676,    2.10208380817708,
   79,     6.68187330184180,    11.91338142529641,    2.01453824311485,    23.99996248607377,    2.10555747167101,
   80,     6.72064925405825,    11.91054984518036,    2.01502482683590,    24.00005363930490,    2.10903672930287,
   81,     6.75941594908487,    11.90775124628252,    2.01549332398310,    23.99999314053380,    2.11240124736651,
   82,     6.79817370251717,    11.90499274939297,    2.01596016776894,    23.99999118035430,    2.11576411206880,
   83,     6.83692253730685,    11.90230239814795,    2.01641739064841,    24.00000954438179,    2.11901804670833,
   84,     6.87566262355665,    11.89963907661056,    2.01686907464788,    24.00001405308730,    2.12226644246785,
   85,     6.91439422985528,    11.89703269068881,    2.01730768620040,    23.99997548990394,    2.12540117716504,
   86,     6.95311734629325,    11.89448219435072,    2.01774859948275,    24.00007478922362,    2.12853821359206,
   87,     6.99183223603270,    11.89195658367728,    2.01816774626707,    23.99996321718580,    2.13155266633116,
   88,     7.03053906065336,    11.88949704624678,    2.01859201787381,    24.00004383408800,    2.13457224389269,
   89,     7.06923784424398,    11.88707863814113,    2.01899891043342,    23.99999881864337,    2.13747419895803,
   90,     7.10792890243120,    11.88469612140244,    2.01940269160902,    23.99998733651533,    2.14037304263936,
   91,     7.14661230081871,    11.88238414981595,    2.01979717903673,    24.00000598602904,    2.14316353181165,
   92,     7.18528815788576,    11.88010160611887,    2.02018692939210,    24.00002598453142,    2.14594928391158,
   93,     7.22395677145191,    11.87786809816785,    2.02056204532500,    23.99996945853456,    2.14862296946661,
   94,     7.26261812944670,    11.87569398255592,    2.02094092804972,    24.00007601834104,    2.15130042181345,
   95,     7.30127245117988,    11.87354110428433,    2.02129827047588,    23.99996809851425,    2.15386084582423,
   96,     7.33991993451594,    11.87144804905040,    2.02165979036102,    24.00002917412491,    2.15642544729397,
   97,     7.37856057375605,    11.86940016834895,    2.02200656332459,    24.00000504312762,    2.15888198035503,
   98,     7.41719466117955,    11.86738059586329,    2.02234896384023,    23.99998485154177,    2.16133414096815,
   99,     7.45582230493359,    11.86542948836224,    2.02268216833496,    23.99999264574607,    2.16368610143089,
  100,     7.49444357685122,    11.86351045557803,    2.02301178975106,    24.00002151946934,    2.16603447881501,
  101,     7.53305879907965,    11.86163140587148,    2.02332409962154,    23.99992468432746,    2.16827694378219,
  102,     7.57166798387990,    11.85981351814487,    2.02364125843410,    24.00000795265239,    2.17052425769146,
  103,     7.61027129549081,    11.85801351621059,    2.02393822294991,    23.99988680371531,    2.17266521234301,
  104,     7.64886895848189,    11.85626264848276,    2.02423801608081,    23.99989758169773,    2.17480899560964,
  105,     7.68746092867549,    11.85455792282834,    2.02452813631977,    23.99988605839845,    2.17685937638464,
  106,     7.72604743791422,    11.85287114572521,    2.02481298399269,    23.99984739345668,    2.17890448459359,
  107,     7.76462860525677,    11.85124361358655,    2.02509210710463,    23.99985990124827,    2.18086255049740,
  108,     7.80320442373995,    11.84964644369409,    2.02536919815981,    23.99990891614194,    2.18281858434445,
  109,     7.84177517386480,    11.84807400395418,    2.02563172008122,    23.99983452427927,    2.18468109542775,
  110,     7.88034085537735,    11.84655816840124,    2.02589994747847,    23.99994157116473,    2.18654931198690,
  111,     7.91890156143879,    11.84505924543490,    2.02615043817166,    23.99987198030718,    2.18832313747832,
  112,     7.95745753901846,    11.84359908116955,    2.02640228944539,    23.99989629335536,    2.19009832355028,
  113,     7.99600873803285,    11.84218911405813,    2.02664600256084,    23.99992522957537,    2.19179094427523,
  114,     8.03455536567386,    11.84079467965851,    2.02688349346434,    23.99991128570020,    2.19347734278825,
  115,     8.07309759183592,    11.83945047777621,    2.02711459227344,    23.99992282799890,    2.19508506914113,
  116,     8.11163537026589,    11.83814185875935,    2.02734512103537,    23.99999913948031,    2.19669222544685,
  117,     8.15016898585385,    11.83684994987553,    2.02755941955390,    23.99991661371626,    2.19821292748084,
  118,     8.18869846409910,    11.83561015882758,    2.02778002491248,    24.00001386272176,    2.19973993635487,
  119,     8.22722385054340,    11.83439230748235,    2.02798434340120,    23.99996231324180,    2.20118239554286,
  120,     8.26574541076306,    11.83319970111699,    2.02818877761553,    23.99996283708891,    2.20262497045647,
  121,     8.30426309352871,    11.83206254287886,    2.02838664145044,    23.99999760278163,    2.20399458054190,
  122,     8.34277707634836,    11.83093612704098,    2.02857912651805,    23.99999007448362,    2.20535881186004,
  123,     8.38128751915300,    11.82984965526883,    2.02876430574865,    23.99997672298241,    2.20665111645752,
  124,     8.41979440206360,    11.82880700035020,    2.02895045155842,    24.00006330475796,    2.20794438763417,
  125,     8.45829792200638,    11.82776377999432,    2.02912151254391,    23.99996993127414,    2.20915962828504,
  126,     8.49679816953775,    11.82678030695176,    2.02929655593963,    24.00004454475183,    2.21037885134614,
  127,     8.53529515065022,    11.82580800204436,    2.02946069878561,    24.00001257153342,    2.21152580693589,
  128,     8.57378906721009,    11.82486344491909,    2.02962079484370,    23.99998874399495,    2.21266871573775,
  129,     8.61228000063256,    11.82396598672059,    2.02977821780027,    24.00002860785672,    2.21374907095577,
  130,     8.65076792114949,    11.82308056708858,    2.02993000249973,    24.00002596510463,    2.21482378791669,
  131,     8.68925317679442,    11.82223051825653,    2.03007353826728,    23.99999733840843,    2.21583176915022,
  132,     8.72773557685625,    11.82141433210987,    2.03022064160949,    24.00007939006770,    2.21684331795840,
  133,     8.76621541750751,    11.82061253394133,    2.03035145547473,    23.99999786289066,    2.21778139128334,
  134,     8.80469272681124,    11.81983995822079,    2.03048718588256,    24.00003357434993,    2.21872438115085,
  135,     8.84316763926996,    11.81911072959895,    2.03061294596555,    24.00003925732392,    2.21960142951718,
  136,     8.88164039400420,    11.81837433848423,    2.03073490655729,    23.99998530792082,    2.22047467839226,
  137,     8.92011143346864,    11.81770865833949,    2.03085384949747,    24.00003912102836,    2.22129007749430,
  138,     8.95858101679022,    11.81703577698517,    2.03096932773444,    24.00003720779736,    2.22210201189312,
  139,     8.99705004337822,    11.81640501009402,    2.03107486700089,    24.00000323430541,    2.22285023971597,
  140,     9.03551896684613,    11.81579944558086,    2.03118512250948,    24.00007604441964,    2.22360318378095,
  141,     9.07398871134260,    11.81521173797676,    2.03128061268827,    24.00001053815911,    2.22428857724220,
  142,     9.11246011255491,    11.81464780725679,    2.03137866280298,    24.00002346419349,    2.22497653063937,
  143,     9.15093394835303,    11.81412362156486,    2.03147037232663,    24.00004211221324,    2.22560625078340,
  144,     9.18941110207647,    11.81360429116118,    2.03155673812108,    24.00000739920459,    2.22623062719821,
  145,     9.22789246254433,    11.81312566941622,    2.03164005248710,    24.00001925504943,    2.22680085761898,
  146,     9.26637861920077,    11.81267902052868,    2.03172277429131,    24.00008899140127,    2.22737049547794,
  147,     9.30487047761238,    11.81222281090636,    2.03179173239178,    23.99997664836920,    2.22787597644636,
  148,     9.34336859901776,    11.81184027642104,    2.03186970679475,    24.00012043915802,    2.22839047371726,
  149,     9.38187346449762,    11.81142804910611,    2.03192976485893,    23.99999221846838,    2.22883726884413,
  150,     9.42038589410425,    11.81107573562913,    2.03199511922450,    24.00004824758935,    2.22928936027238,
  151,     9.45890595501244,    11.81073469580112,    2.03205251704369,    24.00003316673785,    2.22968422850405,
  152,     9.49743445503941,    11.81041098373059,    2.03210563896222,    24.00000275850031,    2.23007482083507,
  153,     9.53597146271661,    11.81012895518848,    2.03215654005487,    24.00003079517761,    2.23041436121277,
  154,     9.57451746317955,    11.80985658441954,    2.03220356825120,    24.00003269139233,    2.23075002869416,
  155,     9.61307262594365,    11.80961381796303,    2.03224365212672,    24.00001271562333,    2.23103027580932,
  156,     9.65163724342928,    11.80939390742519,    2.03228427339876,    24.00004551643141,    2.23131106032102,
  157,     9.69021140881762,    11.80919534050264,    2.03231595074693,    24.00001605598981,    2.23153470320712,
  158,     9.72879537904546,    11.80901999403586,    2.03234760293800,    24.00003347792575,    2.23175832093614,
  159,     9.76738917113850,    11.80887056217066,    2.03237206050643,    24.00001859669250,    2.23192675119472,
  160,     9.80599296404520,    11.80874132854671,    2.03239570826482,    24.00003519614769,    2.23209437164327,
  161,     9.84460676046463,    11.80863758248491,    2.03241185377488,    24.00001499957382,    2.23220663027644,
  162,     9.88323066356359,    11.80855546269324,    2.03242772528240,    24.00003551791262,    2.23231861490708,
  163,     9.92186465049549,    11.80849781673985,    2.03243593340124,    24.00001528223218,    2.23237513979257,
  164,     9.96050877810127,    11.80846215274867,    2.03244390339980,    24.00003691088138,    2.23243142655779,
  165,     9.99916300593761,    11.80845067501251,    2.03244398113742,    24.00001450098728,    2.23243201891741,
  166,     10.03782735517739,    11.80846119499985,    2.03244376825751,    24.00003336848811,    2.23243232065951,
  167,     10.07650176752475,    11.80849657596994,    2.03243641136069,    24.00001840442934,    2.23237760201130,
  168,     10.11518622421504,    11.80855612247162,    2.03242895267101,    24.00005135255179,    2.23232278157023,
  169,     10.15388064284715,    11.80864178889172,    2.03241559349284,    24.00006770971478,    2.23221404195368,
  170,     10.19258497282104,    11.80875211464312,    2.03240220398686,    24.00013382413513,    2.23210527200931,
  171,     10.23129913277029,    11.80888730444785,    2.03238170506041,    24.00016651467989,    2.23194116352521,
  172,     10.27002307083571,    11.80904510324211,    2.03236107728631,    24.00024362774776,    2.23177692619347,
  173,     10.30875672128159,    11.80922570412174,    2.03233137244295,    24.00025988274628,    2.23155510334846,
  174,     10.34750003807359,    11.80942771049958,    2.03230153350256,    24.00031804583595,    2.23133314640643,
  175,     10.38625296140382,    11.80965199329146,    2.03226198897965,    24.00030684904393,    2.23105262624529,
  176,     10.42501544094934,    11.80989802121413,    2.03222236658195,    24.00033890576326,    2.23077202820938,
  177,     10.46378741391539,    11.81016690711053,    2.03217335337535,    24.00030648754536,    2.23043276182008,
  178,     10.50256882105499,    11.81045842705667,    2.03212429930148,    24.00031955551181,    2.23009345456352,
  179,     10.54135959535325,    11.81077362384646,    2.03206633062429,    24.00027541964378,    2.22969546358373,
  180,     10.58015967022490,    11.81111230300146,    2.03200833771651,    24.00027867740506,    2.22929744837336,
  181,     10.61896897654292,    11.81147537047994,    2.03194175780461,    24.00023002655889,    2.22884051258399,
  182,     10.65778744375923,    11.81186259384407,    2.03187516159053,    24.00023021655203,    2.22838356049243,
  183,     10.69661500309364,    11.81227477001422,    2.03180012297137,    24.00018133028649,    2.22786719362018,
  184,     10.73545158309823,    11.81271163372585,    2.03172507299516,    24.00018240630241,    2.22735081539088,
  185,     10.77429711723611,    11.81317391619826,    2.03164158729385,    24.00013540608336,    2.22677431423842,
  186,     10.81315153543272,    11.81366133804624,    2.03155809412652,    24.00013931257743,    2.22619780561995,
  187,     10.85201477466576,    11.81417459959418,    2.03146608310985,    24.00009499901353,    2.22556029926141,
  188,     10.89088676780215,    11.81471342279169,    2.03137406797405,    24.00010246760397,    2.22492278878374,
  189,     10.92976745613443,    11.81527850017941,    2.03127339916983,    24.00006092119765,    2.22422327218967,
  190,     10.96865677652684,    11.81586956506162,    2.03117272913378,    24.00007203155493,    2.22352375436376,
  191,     11.00755467507535,    11.81648731617462,    2.03106323735938,    24.00003298260568,    2.22276110781130,
  192,     11.04646109335087,    11.81713150413131,    2.03095374680285,    24.00004750477751,    2.22199846247670,
  193,     11.08537598254593,    11.81780284173343,    2.03083524608597,    24.00001054228724,    2.22117146124992,
  194,     11.12429928941881,    11.81850110046082,    2.03071674862164,    24.00002812830902,    2.22034446327567,
  195,     11.16323097043208,    11.81922701122922,    2.03058903827251,    23.99999280985638,    2.21945178144086,
  196,     11.20217097786105,    11.81998036872028,    2.03046133283352,    24.00001309353780,    2.21855910451619,
  197,     11.24111927353950,    11.82076192368570,    2.03032420018709,    23.99997899830920,    2.21759931532232,
  198,     11.28007581548833,    11.82157149579337,    2.03018707377771,    24.00000164249878,    2.21663953236550,
  199,     11.31904057097049,    11.82240985604659,    2.03004029511818,    23.99996839317692,    2.21561110682259,
  200,     11.35801350391271,    11.82327685061471,    2.02989352374358,    23.99999310849014,    2.21458268856461,
  201,     11.39699458703927,    11.82417327040822,    2.02973686433439,    23.99996037722492,    2.21348399317468,
  202,     11.43598379029584,    11.82509898953661,    2.02958021301936,    23.99998692615874,    2.21238530587890,
  203,     11.47498109188546,    11.82605481806575,    2.02941342670157,    23.99995443269140,    2.21121460004793,
  204,     11.51398646785299,    11.82704065941484,    2.02924664908618,    23.99998262672359,    2.21004390291937,
  205,     11.55299990188973,    11.82805734185090,    2.02906947773174,    23.99995013321052,    2.20879933642027,
  206,     11.59202137619673,    11.82910479938284,    2.02889231551758,    23.99997982691994,    2.20755477906145,
  207,     11.63105087995923,    11.83018387742090,    2.02870448850251,    23.99994713193385,    2.20623438981849,
  208,     11.67008840157461,    11.83129454173575,    2.02851667092291,    23.99997821651016,    2.20491401001098,
  209,     11.70913393572639,    11.83243765371548,    2.02831790468568,    23.99994514910808,    2.20351572240431,
  210,     11.74818747703615,    11.83361321190660,    2.02811914804958,    23.99997754568029,    2.20211744439878,
  211,     11.78724902568999,    11.83482209247497,    2.02790914580831,    23.99994396034417,    2.20063906833100,
  212,     11.82631858255164,    11.83606432744816,    2.02769915321185,    23.99997761412757,    2.19916070190805,
  213,     11.86539615331459,    11.83734080652355,    2.02747760487519,    23.99994338650171,    2.19759993287912,
  214,     11.90448174509381,    11.83865159556034,    2.02725606610858,    23.99997826164577,    2.19603917342024,
  215,     11.94357536909530,    11.83999759637132,    2.02702264842190,    23.99994328510555,    2.19439359391865,
  216,     11.98267703868552,    11.84137890862716,    2.02678924010640,    23.99997936002846,    2.19274802378824,
  217,     12.02178677058740,    11.84279644461532,    2.02654361708606,    23.99994354328464,    2.19101510638602,
  218,     12.06090458440895,    11.84425033718953,    2.02629800310723,    23.99998080654933,    2.18928219802531,
  219,     12.10003050239184,    11.84574150723216,    2.02603982683595,    23.99994407205606,    2.18745931067007,
  220,     12.13916455036300,    11.84727011946014,    2.02578165911969,    23.99998251863910,    2.18563643186986,
  221,     12.17830675607995,    11.84883710103759,    2.02551057095458,    23.99994480167045,    2.18372084595384,
  222,     12.21745715154899,    11.85044264632931,    2.02523949067608,    23.99998442933802,    2.18180526792442,
  223,     12.25661577003230,    11.85208768595551,    2.02495512300422,    23.99994567797080,    2.17979416992909,
  224,     12.29578264965363,    11.85377244062256,    2.02467076232470,    23.99998648377881,    2.17778307892610,
  225,     12.33495782915608,    11.85549784080868,    2.02437274096680,    23.99994665952384,    2.17567358657746,
  226,     12.37414135268886,    11.85726412889234,    2.02407472543458,    23.99998863609308,    2.17356410005450,
  227,     12.41333326443388,    11.85907223071408,    2.02376267287055,    23.99994771539486,    2.17135328421237,
  228,     12.45253361443423,    11.86092240387814,    2.02345062462463,    23.99999084675149,    2.16914247268835,
  229,     12.49174245224275,    11.86281556388216,    2.02312416425738,    23.99994882341857,    2.16682738650681,
  230,     12.53095983361249,    11.86475197495487,    2.02279770626925,    23.99999308039228,    2.16451230270439,
  231,     12.57018581336454,    11.86673253499278,    2.02245646795897,    23.99994996893535,    2.16209001995899,
  232,     12.60942045270941,    11.86875750349970,    2.02211522955293,    23.99999530369740,    2.15966773711782,
  233,     12.64866381158703,    11.87082775154869,    2.02175885677677,    23.99995114396507,    2.15713540215013,
  234,     12.68791595632424,    11.87294351914320,    2.02140248075234,    23.99999748342844,    2.15460306393417,
  235,     12.72717695176883,    11.87510563883592,    2.02103063977929,    23.99995234670320,    2.15195795624509,
  236,     12.76644686890831,    11.87731431195212,    2.02065879154749,    23.99999958441883,    2.14931284129725,
  237,     12.80572577720736,    11.87957031775050,    2.02027118315495,    23.99995358121421,    2.14655245864551,
  238,     12.84501375171114,    11.88187379421556,    2.01988356241139,    24.00000156758265,    2.14379206364275,
  239,     12.88431086610699,    11.88422544856089,    2.01947993678156,    23.99995485755753,    2.14091422848387,
  240,     12.92361719870638,    11.88662532391572,    2.01907629235059,    24.00000338757240,    2.13803637452386,
  241,     12.96293282689208,    11.88907403168125,    2.01865646797321,    23.99995619226571,    2.13503936990061,
  242,     13.00225783121081,    11.89157147993601,    2.01823661662914,    24.00000499006969,    2.13204233831067,
  243,     13.04159229204367,    11.89411815429096,    2.01780050422009,    23.99995760898165,    2.12892508084708,
  244,     13.08093629083648,    11.89671377660508,    2.01736435451780,    24.00000630882387,    2.12580778609024,
  245,     13.12028991005533,    11.89935866887126,    2.01691198722571,    23.99995913954458,    2.12257004568444,
  246,     13.15965323032239,    11.90205230185574,    2.01645956960495,    24.00000726201560,    2.11933225494998,
  247,     13.19902633500080,    11.90479478622942,    2.01599114108135,    23.99996082542996,    2.11597493311830,
  248,     13.23840930167767,    11.90758525967366,    2.01552264580598,    24.00000774773777,    2.11261754453485,
  249,     13.27780221307728,    11.91042356144965,    2.01503855810997,    23.99996271974248,    2.10914302621446,
  250,     13.31720514092440,    11.91330839283339,    2.01455438302109,    24.00000763906440,    2.10566842050120,
  251,     13.35661816532940,    11.91623924616269,    2.01405530668209,    23.99996488942736,    2.10208101732209,
  252,     13.39604134855409,    11.91921425673939,    2.01355611711352,    24.00000677784430,    2.09849350091340,
  253,     13.43547476556651,    11.92223247522615,    2.01304306622024,    23.99996741811977,    2.09480000761761,
  254,     13.47491846459928,    11.92529130943872,    2.01252986993466,    24.00000496791762,    2.09110636892953,
  255,     13.51437251225494,    11.92838924993411,    2.01200429549543,    23.99997040920895,    2.08731675805691,
  256,     13.55383693697333,    11.93152277749789,    2.01147853595874,    24.00000196823980,    2.08352696208683,
  257,     13.59331179290038,    11.93468967512734,    2.01094244108338,    23.99997398887317,    2.07965524461374,
  258,     13.63279708145117,    11.93788525336549,    2.01040611271841,    23.99999748629694,    2.07578329365105,
  259,     13.67229283914547,    11.94110640542348,    2.00986219314052,    23.99997830852872,    2.07184857318566,
  260,     13.71179903137039,    11.94434698092587,    2.00931798223634,    23.99999117484466,    2.06791356139399,
  261,     13.75131567052271,    11.94760276052600,    2.00876979473623,    23.99998354485181,    2.06394130327413,
  262,     13.79084267487562,    11.95086579668931,    2.00822124891129,    23.99998263579863,    2.05996868682944,
  263,     13.83038002459433,    11.95413048940791,    2.00767340764033,    23.99998989504673,    2.05599220488019,
  264,     13.86992757740474,    11.95738672593632,    2.00712513446744,    23.99997144017414,    2.05201529102901,
  265,     13.90948527121610,    11.96062721129518,    2.00658352924344,    23.99999756160584,    2.04807741206626,
  266,     13.94905288732351,    11.96383930517458,    2.00604141914884,    23.99995717822112,    2.04413902823291,
  267,     13.98863030915307,    11.96701366462093,    2.00551343804687,    24.00000671768775,    2.04029380756556,
  268,     14.02821722351540,    11.97013484763770,    2.00498489552607,    23.99993956692382,    2.03644802547938,
  269,     14.06781344473872,    11.97319109659630,    2.00447961143029,    24.00001743688593,    2.03276222059598,
  270,     14.10741854599271,    11.97616414509515,    2.00397375702297,    23.99991865657017,    2.02907584540106,
  271,     14.14703225558648,    11.97903949913117,    2.00350199730290,    24.00002956227967,    2.02562955512170,
  272,     14.18665401534987,    11.98179659604165,    2.00302976313184,    23.99989519766314,    2.02218279039135,
  273,     14.22628344899867,    11.98441804921347,    2.00260391312627,    24.00004248189597,    2.01906815678710,
  274,     14.26591985597258,    11.98688258788241,    2.00217788541792,    23.99987123255923,    2.01595334548006,
  275,     14.30556273693864,    11.98917016879448,    2.00181117194104,    24.00005478619505,    2.01326942749252,
  276,     14.34521125396135,    11.99126223256567,    2.00144492094536,    23.99985089109252,    2.01058597198618,
  277,     14.38486477011509,    11.99313710384810,    2.00114979572453,    24.00006386546186,    2.00842690549768,
  278,     14.42452234629960,    11.99478508957007,    2.00085627434852,    23.99984100592833,    2.00626944285401,
  279,     14.46418320451256,    11.99618532142876,    2.00064146757510,    24.00006580676607,    2.00470244930894,
  280,     14.50384639158667,    11.99734610548474,    2.00042991785086,    23.99985008422314,    2.00313871281305,
  281,     14.54351100802380,    11.99825205471951,    2.00029609474768,    24.00005672885379,    2.00217074404267,
  282,     14.58317623742462,    11.99893863037662,    2.00016709052932,    23.99988216976028,    2.00120759415710,
  283,     14.62284111860221,    11.99940345986643,    2.00010257053841,    24.00003770500635,    2.00075013843369,
  284,     14.66250515573591,    11.99970716842079,    2.00004239341158,    23.99992304536647,    2.00029702557436,
  285,     14.70216744353185,    11.99986997573679,    2.00002352574835,    24.00002225739481,    2.00016394478153,
  286,     14.74182788656623,    11.99994538130137,    2.00000394687163,    23.99993812484676,    2.00003015277522,
  287,     14.78148581093643,    11.99998263637672,    2.00000502184046,    24.00002553475176,    2.00001830401225,
  288,     14.82114129612977,    11.99997682735447,    1.99999847300469,    23.99993533080063,    1.99999883144467,
  289,     14.86079406534581,    11.99999239015093,    2.00000284139333,    24.00001887700018,    2.00000302061594,
  290,     14.90044399044650,    11.99998721658454,    2.00000118032071,    23.99998859700252,    2.00000118032596,
  291,     14.94009112775998,    11.99998558392411,    2.00000075079401,    23.99998017736549,    2.00000075079663,
  292,     14.97973520413650,    11.99999815028280,    2.00000404350069,    24.00004482256644,    2.00000404350069,
  293,     15.01937620517092,    11.99998474043998,    2.00000060078321,    23.99997669026933,    2.00000060078321,
  294,     15.05901408214791,    11.99998889690174,    2.00000183116632,    23.99999976777896,    2.00000183116632,
  295,     15.09864856967477,    11.99999142521336,    2.00000273466702,    24.00001566640746,    2.00000273466702,
  296,     15.13827973850190,    11.99997870310617,    1.99999936572084,    23.99994979487597,    1.99999936572084,
  297,     15.17790742003509,    11.99999127191379,    2.00000275211351,    24.00001556916565,    2.00000275211351,
  298,     15.21753144313655,    11.99998883426828,    2.00000192637709,    24.00000078504014,    2.00000192637709,
  299,     15.25715187470844,    11.99998439150713,    2.00000067744552,    23.99997691234990,    2.00000067744552,
  300,     15.29676844532179,    11.99999776724771,    2.00000415174375,    24.00004535541118,    2.00000415174375,
  301,     15.33638109450348,    11.99998516279828,    2.00000089917504,    23.99998111568367,    2.00000089917504,
  302,     15.37598979973182,    11.99998660712763,    2.00000133327817,    23.99998921357539,    2.00000133327817,
  303,     15.41559427389244,    11.99999193393954,    2.00000289958117,    24.00001866282978,    2.00000289958117,
  304,     15.45519455984809,    11.99997898389361,    1.99999933482862,    23.99994998574464,    1.99999933482862,
  305,     15.49479051707708,    11.99999054536952,    2.00000232741156,    24.00000901965572,    2.00000232741156,
  306,     15.53438192860346,    11.99999123053939,    2.00000220030107,    24.00000886467229,    2.00000220030107,
  307,     15.57396885820277,    11.99998426418226,    2.00000016032002,    23.99997045220224,    2.00000016032002,
  308,     15.61355104620155,    11.99999795418432,    2.00000358999994,    24.00003898836053,    2.00000358999994,
  309,     15.65312838110735,    11.99998694693499,    2.00000061602616,    23.99998128617587,    2.00000061602616,
  310,     15.69270086103132,    11.99998572658765,    2.00000013741369,    23.99997310213763,    2.00000013741369,
  311,     15.73226818389177,    11.99999384519710,    2.00000220855934,    24.00001419309265,    2.00000220855934,
  312,     15.77183035466638,    11.99998154141525,    1.99999852714920,    23.99994540864814,    1.99999852714920,
  313,     15.81138726144087,    11.99999173148182,    2.00000084321317,    23.99999358151470,    2.00000084321317,
  314,     15.85093864414196,    11.99999586315154,    2.00000132076286,    24.00000757545196,    2.00000132076286,
  315,     15.89048455281303,    11.99998697942101,    1.99999842276309,    23.99995503201966,    1.99999842276309,
  316,     15.93002474395809,    12.00000061821101,    2.00000147898989,    24.00001898430157,    2.00000147898989,
  317,     15.96955905237166,    11.99999222294835,    1.99999876341814,    23.99996960692395,    1.99999876341814,
  318,     16.00908749022114,    11.99998874018373,    1.99999718513358,    23.99994370200206,    1.99999718513358,
  319,     16.04860974897182,    11.99999978366408,    1.99999944173086,    23.99999286809863,    1.99999944173086,
  320,     16.08812578731271,    11.99998931352451,    1.99999561445041,    23.99992600050080,    1.99999561445041,
  321,     16.12763552176765,    11.99999811978810,    1.99999683585684,    23.99995826986425,    1.99999683585684,
  322,     16.16713865521488,    12.00000617251424,    1.99999764479104,    23.99998408250647,    1.99999764479104,
  323,     16.20663521389129,    11.99999649400215,    1.99999370662557,    23.99991746753316,    1.99999370662557,
  324,     16.24612497787390,    12.00000997927663,    1.99999589210876,    23.99997066381739,    1.99999589210876,
  325,     16.28560772919009,    12.00000555112726,    1.99999325333432,    23.99993014222886,    1.99999325333432,
  326,     16.32508348739334,    12.00000063858290,    1.99999027796475,    23.99988461273658,    1.99999027796475,
  327,     16.36455194861955,    12.00001490522959,    1.99999224674028,    23.99993677122696,    1.99999224674028,
  328,     16.40401301987420,    12.00000763175972,    1.99998814223053,    23.99987297019535,    1.99998814223053,
  329,     16.44346664566874,    12.00001523677152,    1.99998786104821,    23.99988480593664,    1.99998786104821,
  330,     16.48291250203009,    12.00002733892351,    1.99998867507983,    23.99991877849540,    1.99998867507983,
  331,     16.52235058235756,    12.00001787628159,    1.99998378657863,    23.99984119121688,    1.99998378657863,
  332,     16.56178069806631,    12.00003027297051,    1.99998481915497,    23.99987837534109,    1.99998481915497,
  333,     16.60120258259906,    12.00002997875920,    1.99998272811985,    23.99985269443878,    1.99998272811985,
  334,     16.64061625438076,    12.00002267092588,    1.99997877667901,    23.99979066151871,    1.99997877667901,
  335,     16.68002142489133,    12.00003768336828,    1.99998137972535,    23.99985192273914,    1.99998137972535,
  336,     16.71941794383727,    12.00003102374943,    1.99997831185121,    23.99980178904055,    1.99997831185121,
  337,     16.75880577756521,    12.00003278584315,    1.99997875008399,    23.99981057199752,    1.99997875008399,
  338,     16.79818458380216,    12.00004211464899,    1.99998180888289,    23.99986593512651,    1.99998180888289,
  339,     16.83755431065725,    12.00002624565983,    1.99998005743964,    23.99981318007195,    1.99998005743964,
  340,     16.87691480412905,    12.00002709274561,    1.99998366781798,    23.99985819886451,    1.99998366781798,
  341,     16.91626576149568,    12.00002138829707,    1.99998705705797,    23.99988746101291,    1.99998705705797,
  342,     16.95560720001380,    12.00000143018679,    1.99998717692628,    23.99984898347065,    1.99998717692628,
  343,     16.99493888948749,    12.00000811028261,    1.99999362763958,    23.99993975218849,    1.99999362763958,
  344,     17.03426066232927,    11.99999680436918,    1.99999517673399,    23.99993572956162,    1.99999517673399,
  345,     17.07357256761683,    11.99999238124292,    1.99999546671434,    23.99993036309245,    1.99999546671434,
  346,     17.11287433157074,    12.00000203142081,    1.99999965402051,    23.99999991108698,    1.99999965402051,
  347,     17.15216593023787,    11.99999087507509,    1.99999609419777,    23.99993488055909,    1.99999609419777,
  348,     17.19144732327865,    11.99999173562193,    1.99999683477137,    23.99994548852648,    1.99999683477137,
  349,     17.23071825942902,    11.99999776462531,    1.99999803627913,    23.99997196460454,    1.99999803627913,
  350,     17.26997880885412,    11.99998211851212,    1.99999462384209,    23.99989972322540,    1.99999462384209,
  351,     17.30922887072984,    11.99999678923172,    1.99999780422051,    23.99996722911666,    1.99999780422051,
  352,     17.34846830324584,    11.99999240211297,    1.99999732281360,    23.99995267800945,    1.99999732281360,
  353,     17.38769726461752,    11.99999066266655,    1.99999556847831,    23.99992814711424,    1.99999556847831,
  354,     17.42691558476141,    11.99999861847943,    1.99999910304492,    23.99998647349911,    1.99999910304492,
  355,     17.46612331462340,    11.99999229410845,    1.99999612432276,    23.99993808011983,    1.99999612432276,
  356,     17.50532059181574,    11.99998625484026,    1.99999571854436,    23.99992113227166,    1.99999571854436,
  357,     17.54450733652997,    11.99999875660548,    1.99999813288941,    23.99997510788614,    1.99999813288941,
  358,     17.58368375725567,    11.99997910118186,    1.99999439874337,    23.99989098740116,    1.99999439874337,
  359,     17.62285005741836,    11.99999717318980,    1.99999694531493,    23.99995769016743,    1.99999694531493,
  360,     17.66200624689956,    11.99998881985363,    1.99999812918780,    23.99995518998182,    1.99999812918780,
  361,     17.70115277945220,    11.99999236764848,    1.99999488312326,    23.99992333281512,    1.99999488312326,
  362,     17.74028980868220,    11.99999111295938,    1.99999896616687,    23.99996981993036,    1.99999896616687,
  363,     17.77941763474549,    11.99999560433012,    1.99999603280313,    23.99994360231519,    1.99999603280313,
  364,     17.81853683140543,    11.99997944049119,    1.99999523092396,    23.99990165216790,    1.99999523092396,
  365,     17.85764763369387,    11.99999925150462,    1.99999788281263,    23.99997309676244,    1.99999788281263,
  366,     17.89675071687411,    11.99998186117911,    1.99999443174999,    23.99989690345909,    1.99999443174999,
  367,     17.93584665721745,    11.99999300282408,    1.99999664300772,    23.99994572176433,    1.99999664300772,
  368,     17.97493599380920,    11.99999840137166,    1.99999761180936,    23.99996814445943,    1.99999761180936,
  369,     18.01401954738180,    11.99998721079159,    1.99999532776504,    23.99991835482346,    1.99999532776504,
  370,     18.05309800436875,    11.99999966389325,    1.99999731420076,    23.99996709819652,    1.99999731420076,
  371,     18.09217207093610,    11.99999160341406,    1.99999694374484,    23.99994653179189,    1.99999694374484,
  372,     18.13124265273182,    11.99998791387949,    1.99999419192974,    23.99990613098602,    1.99999419192974,
  373,     18.17031043002126,    11.99999467472209,    1.99999807060962,    23.99996619676987,    1.99999807060962,
  374,     18.20937609644168,    11.99999306195543,    1.99999531586093,    23.99992991427446,    1.99999531586093,
  375,     18.24844045926910,    11.99998838406706,    1.99999629769671,    23.99993234053762,    1.99999629769671,
  376,     18.28750382088254,    12.00000812555498,    1.99999903515296,    24.00000467293761,    1.99999903515296,
  377,     18.32656675350648,    11.99998505764371,    1.99999548277490,    23.99991590865374,    1.99999548277490,
  378,     18.36562946165191,    12.00000571851104,    1.99999838140189,    23.99999201383554,    1.99999838140189,
  379,     18.40469200730521,    11.99999110952939,    1.99999752431128,    23.99995251081615,    1.99999752431128,
  380,     18.44375458872881,    11.99999522964010,    1.99999599212069,    23.99994236474756,    1.99999599212069,
  381,     18.48281713247027,    11.99999402383385,    1.99999847076032,    23.99996969680071,    1.99999847076032,
  382,     18.52187964861104,    12.00000185550899,    1.99999816194975,    23.99998165441159,    1.99999816194975,
  383,     18.56094221098744,    11.99999023875810,    1.99999716893826,    23.99994650480293,    1.99999716893826,
  384,     18.60000475919956,    12.00001054734023,    2.00000128006196,    24.00003645543743,    2.00000128006196,
  385,     18.63906723459110,    11.99999330441590,    1.99999785396653,    23.99996085644450,    1.99999785396653,
  386,     18.67812984302999,    11.99999874795128,    1.99999946184215,    23.99999103800903,    1.99999946184215,
  387,     18.71719225382492,    12.00000500727025,    2.00000125292479,    24.00002504964421,    2.00000125292479,
  388,     18.75625479408850,    11.99998558978778,    1.99999723557094,    23.99993800646666,    1.99999723557094,
  389,     18.79531726674446,    12.00000989548108,    2.00000295301920,    24.00005522722180,    2.00000295301920,
  390,     18.83437967873654,    11.99999732715566,    2.00000078031758,    24.00000401812023,    2.00000078031758,
  391,     18.87344219986658,    12.00000555720676,    2.00000233470352,    24.00003913086872,    2.00000233470352,
  392,     18.91250458753821,    12.00001607497716,    2.00000581575261,    24.00010193907918,    2.00000581575261,
  393,     18.95156702802477,    12.00000637309181,    2.00000363047133,    24.00005631186276,    2.00000363047133,
  394,     18.99062944572320,    12.00001811453371,    2.00000689442845,    24.00011896233375,    2.00000689442845,
  395,     19.02969178580796,    12.00001582764489,    2.00000738376093,    24.00012026053776,    2.00000738376093,
  396,     19.06875415729616,    12.00001505634177,    2.00000732973837,    24.00011806965432,    2.00000732973837,
  397,     19.10781646901777,    12.00002351121085,    2.00001039621846,    24.00017177728760,    2.00001039621846,
  398,     19.14687875119603,    12.00002346526147,    2.00001094259900,    24.00017824196775,    2.00001094259900,
  399,     19.18594103218207,    12.00002780616912,    2.00001245081548,    24.00020502247017,    2.00001245081548,
  400,     19.22500326483920,    12.00003298890021,    2.00001467117801,    24.00024203242056,    2.00001467117801,
  401,     19.26406547365356,    12.00003392313564,    2.00001540056280,    24.00025265354731,    2.00001540056280,
  402,     19.30312766325937,    12.00003689111281,    2.00001674944624,    24.00027477619846,    2.00001674944624,
  403,     19.34218982267081,    12.00003950946718,    2.00001776173582,    24.00029216046599,    2.00001776173582,
  404,     19.38125196944773,    12.00004014303215,    2.00001835423359,    24.00030053760419,    2.00001835423359,
  405,     19.42031411386049,    12.00004039731680,    2.00001811263230,    24.00029814695293,    2.00001811263230,
  406,     19.45937626192944,    12.00003917536852,    2.00001791250992,    24.00029330155786,    2.00001791250992,
  407,     19.49843843035886,    12.00003585680834,    2.00001605353018,    24.00026435655452,    2.00001605353018,
  408,     19.53750063484352,    12.00003082864891,    2.00001419153798,    24.00023195619105,    2.00001419153798,
  409,     19.57656289031323,    12.00002423987750,    2.00001086446366,    24.00017885358222,    2.00001086446366,
  410,     19.61562521045293,    12.00001669246564,    2.00000744691392,    24.00012274802263,    2.00000744691392,
  411,     19.65468759434766,    12.00000972747951,    2.00000454871698,    24.00007403960703,    2.00000454871698,
  412,     19.69375003276923,    12.00000462938302,    2.00000175882351,    24.00003036465632,    2.00000175882351,
  413,     19.73281250731089,    12.00000157607985,    2.00000084621902,    24.00001330678930,    2.00000084621902,
  414,     19.77187499971382,    12.00000027447768,    1.99999998718713,    24.00000039520094,    1.99999998718713,
  415,     19.81093749929932,    11.99999996305316,    1.99999999979191,    23.99999992360924,    1.99999999979191,
  416,     19.84999999972195,    11.99999994835433,    1.99999996934566,    23.99999952885663,    1.99999996934566,
  417,     19.88906249997423,    11.99999998768528,    1.99999999240645,    23.99999988424793,    1.99999999240645,
  418,     19.92812500001858,    12.00000000082558,    2.00000000194932,    24.00000002504301,    2.00000000194932,
  419,     19.96718750000566,    12.00000000105586,    2.00000000047567,    24.00000000781973,    2.00000000047567,
  420,     20.00624999999999,    12.00000000024798,    2.00000000006830,    24.00000000131562,    2.00000000006830,
  421,     20.04531249999966,    11.99999999997822,    2.00000000000255,    23.99999999998702,    2.00000000000255,
  422,     20.08437499999989,    11.99999999997007,    1.99999999998154,    23.99999999971861,    1.99999999998154,
  423,     20.12343750000002,    11.99999999999645,    1.99999999999727,    23.99999999996018,    1.99999999999727,
  424,     20.16250000000000,    12.00000000000396,    2.00000000000241,    24.00000000003686,    2.00000000000241,
  425,     20.20156249999999,    11.99999999999988,    2.00000000000077,    24.00000000000906,    2.00000000000077,
  426,     20.24062499999997,    11.99999999999848,    1.99999999999932,    23.99999999998879,    1.99999999999932,
  427,     20.27968750000000,    12.00000000000119,    1.99999999999996,    24.00000000000185,    1.99999999999996,
  428,     20.31874999999998,    11.99999999999399,    2.00000000000000,    23.99999999998800,    2.00000000000000,
  429,     20.35781250000000,    12.00000000000230,    1.99999999999982,    24.00000000000244,    1.99999999999982,
  430,     20.39687499999998,    11.99999999999625,    2.00000000000037,    23.99999999999688,    2.00000000000037,
  431,     20.43593750000000,    12.00000000000195,    2.00000000000000,    24.00000000000392,    2.00000000000000,
  432,     20.47499999999998,    11.99999999999323,    1.99999999999927,    23.99999999997775,    1.99999999999927,
  433,     20.51406250000001,    12.00000000000327,    2.00000000000000,    24.00000000000655,    2.00000000000000,
  434,     20.55312499999998,    11.99999999999581,    1.99999999999977,    23.99999999998891,    1.99999999999977,
  435,     20.59218750000002,    12.00000000000255,    2.00000000000014,    24.00000000000676,    2.00000000000014,
  436,     20.63124999999998,    11.99999999999614,    2.00000000000087,    24.00000000000265,    2.00000000000087,
  437,     20.67031249999999,    12.00000000000303,    2.00000000000032,    24.00000000000990,    2.00000000000032,
  438,     20.70937499999996,    11.99999999999604,    1.99999999999936,    23.99999999998447,    1.99999999999936,
  439,     20.74843750000000,    12.00000000000324,    2.00000000000000,    24.00000000000651,    2.00000000000000,
  440,     20.78749999999996,    11.99999999999210,    2.00000000000000,    23.99999999998422,    2.00000000000000,
  441,     20.82656250000000,    12.00000000000240,    1.99999999999982,    24.00000000000264,    1.99999999999982,
  442,     20.86562499999997,    11.99999999999347,    1.99999999999991,    23.99999999998586,    1.99999999999991,
  443,     20.90468750000000,    12.00000000000441,    2.00000000000000,    24.00000000000884,    2.00000000000000,
  444,     20.94374999999997,    11.99999999999401,    2.00000000000091,    23.99999999999896,    2.00000000000091,
  445,     20.98281249999998,    12.00000000000417,    2.00000000000037,    24.00000000001272,    2.00000000000037,
  446,     21.02187499999995,    11.99999999999174,    1.99999999999923,    23.99999999997423,    1.99999999999923,
  447,     21.06093750000000,    12.00000000000320,    1.99999999999977,    24.00000000000369,    1.99999999999977,
  448,     21.09999999999996,    11.99999999999178,    1.99999999999996,    23.99999999998303,    1.99999999999996,
  449,     21.13906250000000,    12.00000000000405,    1.99999999999996,    24.00000000000757,    1.99999999999996,
  450,     21.17812499999996,    11.99999999999188,    1.99999999999996,    23.99999999998323,    1.99999999999996,
  451,     21.21718750000000,    12.00000000000405,    1.99999999999996,    24.00000000000757,    1.99999999999996,
  452,     21.25624999999996,    11.99999999999188,    1.99999999999996,    23.99999999998323,    1.99999999999996,
  453,     21.29531250000000,    12.00000000000405,    1.99999999999996,    24.00000000000757,    1.99999999999996,
  454,     21.33437499999996,    11.99999999999188,    1.99999999999996,    23.99999999998323,    1.99999999999996,
  455,     21.37343750000000,    12.00000000000405,    1.99999999999996,    24.00000000000757,    1.99999999999996,
  456,     21.41249999999996,    11.99999999999190,    1.99999999999996,    23.99999999998327,    1.99999999999996,
  457,     21.45156250000000,    12.00000000000409,    1.99999999999996,    24.00000000000765,    1.99999999999996,
  458,     21.49062499999996,    11.99999999999172,    2.00000000000005,    23.99999999998401,    2.00000000000005,
  459,     21.52968750000000,    12.00000000000404,    1.99999999999968,    24.00000000000428,    1.99999999999968,
  460,     21.56874999999997,    11.99999999999187,    2.00000000000023,    23.99999999998649,    2.00000000000023,
  461,     21.60781250000000,    12.00000000000424,    2.00000000000005,    24.00000000000904,    2.00000000000005,
  462,     21.64687499999997,    11.99999999999151,    2.00000000000005,    23.99999999998358,    2.00000000000005,
  463,     21.68593750000000,    12.00000000000422,    2.00000000000005,    24.00000000000900,    2.00000000000005,
  464,     21.72499999999997,    11.99999999999169,    1.99999999999986,    23.99999999998177,    1.99999999999986,
  465,     21.76406250000000,    12.00000000000370,    2.00000000000041,    24.00000000001233,    2.00000000000041,
  466,     21.80312499999996,    11.99999999999236,    2.00000000000027,    23.99999999998801,    2.00000000000027,
  467,     21.84218749999999,    12.00000000000362,    1.99999999999955,    24.00000000000180,    1.99999999999955,
  468,     21.88124999999997,    11.99999999999214,    1.99999999999986,    23.99999999998266,    1.99999999999986,
  469,     21.92031250000000,    12.00000000000431,    2.00000000000023,    24.00000000001136,    2.00000000000023,
  470,     21.95937499999997,    11.99999999999408,    2.00000000000077,    23.99999999999745,    2.00000000000077,
  471,     21.99843749999999,    12.00000000000241,    2.00000000000005,    24.00000000000539,    2.00000000000005,
  472,     22.03749999999997,    11.99999999999327,    1.99999999999882,    23.99999999997237,    1.99999999999882,
  473,     22.07656250000001,    12.00000000000439,    2.00000000000046,    24.00000000001425,    2.00000000000046,
  474,     22.11562499999996,    11.99999999999331,    2.00000000000077,    23.99999999999591,    2.00000000000077,
  475,     22.15468749999999,    12.00000000000309,    1.99999999999950,    24.00000000000019,    1.99999999999950,
  476,     22.19374999999997,    11.99999999999252,    1.99999999999977,    23.99999999998233,    1.99999999999977,
  477,     22.23281250000000,    12.00000000000289,    1.99999999999996,    24.00000000000525,    1.99999999999996,
  478,     22.27187499999998,    11.99999999999445,    2.00000000000009,    23.99999999999000,    2.00000000000009,
  479,     22.31093750000000,    12.00000000000447,    2.00000000000046,    24.00000000001441,    2.00000000000046,
  480,     22.34999999999996,    11.99999999999075,    1.99999999999964,    23.99999999997715,    1.99999999999964,
  481,     22.38906250000000,    12.00000000000291,    1.99999999999964,    24.00000000000147,    1.99999999999964,
  482,     22.42812499999997,    11.99999999999491,    2.00000000000032,    23.99999999999366,    2.00000000000032,
  483,     22.46718750000000,    12.00000000000343,    1.99999999999977,    24.00000000000415,    1.99999999999977,
  484,     22.50624999999998,    11.99999999999025,    2.00000000000041,    23.99999999998542,    2.00000000000041,
  485,     22.54531249999999,    12.00000000000469,    1.99999999999968,    24.00000000000558,    1.99999999999968,
  486,     22.58437499999998,    11.99999999999654,    1.99999999999964,    23.99999999998874,    1.99999999999964,
  487,     22.62343749999999,    12.00000000000092,    2.00000000000091,    24.00000000001277,    2.00000000000091,
  488,     22.66249999999995,    11.99999999999313,    2.00000000000027,    23.99999999998956,    2.00000000000027,
  489,     22.70156249999998,    12.00000000000406,    1.99999999999991,    24.00000000000706,    1.99999999999991,
  490,     22.74062499999996,    11.99999999999139,    1.99999999999886,    23.99999999996916,    1.99999999999886,
  491,     22.77968750000001,    12.00000000000461,    1.99999999999977,    24.00000000000652,    1.99999999999977,
  492,     22.81874999999996,    11.99999999999293,    2.00000000000073,    23.99999999999461,    2.00000000000073,
  493,     22.85781250000000,    12.00000000000107,    1.99999999999946,    23.99999999999561,    1.99999999999946,
  494,     22.89687499999998,    11.99999999999650,    2.00000000000032,    23.99999999999683,    2.00000000000032,
  495,     22.93593749999999,    12.00000000000205,    2.00000000000014,    24.00000000000575,    2.00000000000014,
  496,     22.97499999999998,    11.99999999999896,    2.00000000000064,    24.00000000000558,    2.00000000000064,
  497,     23.01406249999997,    12.00000000000249,    2.00000000000064,    24.00000000001264,    2.00000000000064,
  498,     23.05312499999994,    11.99999999999181,    1.99999999999896,    23.99999999997108,    1.99999999999896,
  499,     23.09218749999999,    12.00000000000239,    1.99999999999932,    23.99999999999662,    1.99999999999932,
  500,     23.13124999999997,    11.99999999999576,    2.00000000000050,    23.99999999999754,    2.00000000000050,
  501,     23.17031249999999,    12.00000000000250,    1.99999999999996,    24.00000000000446,    1.99999999999996,
  502,     23.20937499999998,    11.99999999999841,    1.99999999999941,    23.99999999998975,    1.99999999999941,
  503,     23.24843750000000,    12.00000000000035,    2.00000000000032,    24.00000000000453,    2.00000000000032,
  504,     23.28749999999996,    12.00000000000120,    1.99999999999973,    23.99999999999914,    1.99999999999973,
  505,     23.32656250000000,    11.99999999999749,    1.99999999999955,    23.99999999998954,    1.99999999999955,
  506,     23.36562499999997,    12.00000000000495,    2.00000000000114,    24.00000000002356,    2.00000000000114,
  507,     23.40468749999998,    11.99999999999938,    2.00000000000023,    24.00000000000151,    2.00000000000023,
  508,     23.44374999999997,    12.00000000000136,    1.99999999999900,    23.99999999999074,    1.99999999999900,
  509,     23.48281250000000,    11.99999999999959,    1.99999999999973,    23.99999999999594,    1.99999999999973,
  510,     23.52187499999999,    11.99999999999990,    1.99999999999914,    23.99999999998945,    1.99999999999914,
  511,     23.56093750000002,    11.99999999999786,    2.00000000000077,    24.00000000000502,    2.00000000000077,
  512,     23.59999999999996,    12.00000000000157,    2.00000000000155,    24.00000000002170,    2.00000000000155,
  513,     23.63906249999998,    12.00000000000185,    2.00000000000082,    24.00000000001354,    2.00000000000082,
  514,     23.67812499999993,    11.99999999999959,    1.99999999999964,    23.99999999999484,    1.99999999999964,
  515,     23.71718749999999,    11.99999999999967,    1.99999999999891,    23.99999999998626,    1.99999999999891,
  516,     23.75624999999997,    11.99999999999710,    1.99999999999986,    23.99999999999257,    1.99999999999986,
  517,     23.79531250000000,    12.00000000000283,    1.99999999999986,    24.00000000000404,    1.99999999999986,
  518,     23.83437499999997,    11.99999999999226,    1.99999999999996,    23.99999999998398,    1.99999999999996,
  519,     23.87343750000000,    12.00000000000612,    1.99999999999959,    24.00000000000735,    1.99999999999959,
  520,     23.91249999999999,    11.99999999999291,    2.00000000000105,    23.99999999999839,    2.00000000000105,
  521,     23.95156249999999,    12.00000000000111,    1.99999999999996,    24.00000000000169,    1.99999999999996,
  522,     23.99062499999999,    11.99999999999822,    1.99999999999996,    23.99999999999592,    1.99999999999996,
  523,     24.02968749999999,    11.99999999999893,    2.00000000000032,    24.00000000000169,    2.00000000000032,
  524,     24.06874999999998,    12.00000000000617,    1.99999999999986,    24.00000000001071,    1.99999999999986,
  525,     24.10781249999998,    11.99999999999849,    2.00000000000005,    23.99999999999755,    2.00000000000005,
  526,     24.14687499999997,    12.00000000000260,    1.99999999999996,    24.00000000000466,    1.99999999999996,
  527,     24.18593749999998,    11.99999999999712,    1.99999999999996,    23.99999999999371,    1.99999999999996,
  528,     24.22499999999998,    12.00000000000147,    1.99999999999955,    23.99999999999749,    1.99999999999955,
  529,     24.26406249999999,    12.00000000000044,    2.00000000000046,    24.00000000000635,    2.00000000000046,
  530,     24.30312499999996,    11.99999999999363,    1.99999999999950,    23.99999999998127,    1.99999999999950,
  531,     24.34218749999999,    12.00000000000330,    1.99999999999986,    24.00000000000498,    1.99999999999986,
  532,     24.38124999999996,    11.99999999999365,    2.00000000000091,    23.99999999999823,    2.00000000000091,
  533,     24.42031249999998,    12.00000000000267,    1.99999999999982,    24.00000000000317,    1.99999999999982,
  534,     24.45937499999997,    12.00000000000220,    1.99999999999955,    23.99999999999895,    1.99999999999955,
  535,     24.49843749999999,    12.00000000000234,    2.00000000000027,    24.00000000000798,    2.00000000000027,
  536,     24.53749999999996,    11.99999999999542,    2.00000000000009,    23.99999999999195,    2.00000000000009,
  537,     24.57656249999999,    11.99999999999871,    1.99999999999936,    23.99999999998979,    1.99999999999936,
  538,     24.61562499999999,    12.00000000000150,    2.00000000000068,    24.00000000001120,    2.00000000000068,
  539,     24.65468749999998,    11.99999999999945,    2.00000000000032,    24.00000000000274,    2.00000000000032,
  540,     24.69374999999998,    11.99999999999882,    1.99999999999905,    23.99999999998620,    1.99999999999905,
  541,     24.73281250000000,    11.99999999999892,    1.99999999999959,    23.99999999999294,    1.99999999999959,
  542,     24.77187499999999,    12.00000000000205,    2.00000000000105,    24.00000000001667,    2.00000000000105,
  543,     24.81093749999999,    12.00000000000079,    1.99999999999996,    24.00000000000105,    1.99999999999996,
  544,     24.84999999999999,    12.00000000000328,    1.99999999999959,    24.00000000000167,    1.99999999999959,
  545,     24.88906249999999,    11.99999999999925,    1.99999999999996,    23.99999999999797,    1.99999999999996,
  546,     24.92812499999999,    11.99999999999496,    2.00000000000041,    23.99999999999485,    2.00000000000041,
  547,     24.96718749999998,    12.00000000000265,    2.00000000000041,    24.00000000001023,    2.00000000000041,
  548,     25.00624999999997,    11.99999999999871,    1.99999999999900,    23.99999999998544,    1.99999999999900,
  549,     25.04531249999999,    11.99999999999897,    1.99999999999991,    23.99999999999687,    1.99999999999991,
  550,     25.08437499999997,    12.00000000000172,    2.00000000000059,    24.00000000001056,    2.00000000000059,
  551,     25.12343749999998,    12.00000000000051,    2.00000000000005,    24.00000000000159,    2.00000000000005,
  552,     25.16249999999997,    12.00000000000418,    1.99999999999909,    23.99999999999747,    1.99999999999909,
  553,     25.20156250000000,    11.99999999999538,    2.00000000000018,    23.99999999999296,    2.00000000000018,
  554,     25.24062499999997,    12.00000000000230,    2.00000000000091,    24.00000000001553,    2.00000000000091,
  555,     25.27968749999998,    11.99999999999893,    1.99999999999964,    23.99999999999351,    1.99999999999964,
  556,     25.31874999999998,    12.00000000000160,    2.00000000000037,    24.00000000000758,    2.00000000000037,
  557,     25.35781249999998,    11.99999999999980,    2.00000000000037,    24.00000000000398,    2.00000000000037,
  558,     25.39687499999997,    11.99999999999762,    1.99999999999905,    23.99999999998379,    1.99999999999905,
  559,     25.43593749999999,    12.00000000000139,    2.00000000000050,    24.00000000000880,    2.00000000000050,
  560,     25.47499999999995,    11.99999999999712,    1.99999999999996,    23.99999999999371,    1.99999999999996,
  561,     25.51406249999999,    12.00000000000144,    1.99999999999959,    23.99999999999799,    1.99999999999959,
  562,     25.55312499999996,    11.99999999999751,    2.00000000000077,    24.00000000000432,    2.00000000000077,
  563,     25.59218749999998,    12.00000000000157,    1.99999999999968,    23.99999999999934,    1.99999999999968,
  564,     25.63124999999997,    12.00000000000282,    1.99999999999941,    23.99999999999856,    1.99999999999941,
  565,     25.67031249999999,    11.99999999999853,    2.00000000000032,    24.00000000000090,    2.00000000000032,
  566,     25.70937499999996,    11.99999999999936,    2.00000000000009,    23.99999999999983,    2.00000000000009,
  567,     25.74843749999999,    11.99999999999877,    1.99999999999955,    23.99999999999209,    1.99999999999955,
  568,     25.78749999999997,    12.00000000000246,    2.00000000000018,    24.00000000000712,    2.00000000000018,
  569,     25.82656249999998,    11.99999999999941,    2.00000000000018,    24.00000000000103,    2.00000000000018,
  570,     25.86562499999997,    12.00000000000209,    1.99999999999918,    23.99999999999438,    1.99999999999918,
  571,     25.90468750000000,    11.99999999999778,    1.99999999999973,    23.99999999999230,    1.99999999999973,
  572,     25.94374999999997,    12.00000000000241,    2.00000000000018,    24.00000000000702,    2.00000000000018,
  573,     25.98281249999999,    11.99999999999922,    2.00000000000037,    24.00000000000282,    2.00000000000037,
  574,     26.02187499999997,    12.00000000000453,    2.00000000000050,    24.00000000001508,    2.00000000000050,
  575,     26.06093749999998,    11.99999999999835,    2.00000000000014,    23.99999999999836,    2.00000000000014,
  576,     26.09999999999996,    12.00000000000651,    2.00000000000000,    24.00000000001303,    2.00000000000000,
  577,     26.13906249999998,    11.99999999999624,    1.99999999999982,    23.99999999999030,    1.99999999999982,
  578,     26.17812499999997,    12.00000000000733,    2.00000000000014,    24.00000000001632,    2.00000000000014,
  579,     26.21718749999998,    11.99999999999651,    2.00000000000014,    23.99999999999467,    2.00000000000014,
  580,     26.25624999999996,    12.00000000000748,    1.99999999999996,    24.00000000001443,    1.99999999999996,
  581,     26.29531249999998,    11.99999999999632,    1.99999999999996,    23.99999999999211,    1.99999999999996,
  582,     26.33437499999996,    12.00000000000738,    1.99999999999996,    24.00000000001424,    1.99999999999996,
  583,     26.37343749999998,    11.99999999999632,    1.99999999999996,    23.99999999999211,    1.99999999999996,
  584,     26.41249999999996,    12.00000000000738,    1.99999999999996,    24.00000000001424,    1.99999999999996,
  585,     26.45156249999998,    11.99999999999632,    1.99999999999996,    23.99999999999211,    1.99999999999996,
  586,     26.49062499999996,    12.00000000000738,    1.99999999999996,    24.00000000001424,    1.99999999999996,
  587,     26.52968749999998,    11.99999999999632,    1.99999999999996,    23.99999999999211,    1.99999999999996,
  588,     26.56874999999996,    12.00000000000738,    1.99999999999996,    24.00000000001424,    1.99999999999996,
  589,     26.60781249999998,    11.99999999999632,    1.99999999999996,    23.99999999999211,    1.99999999999996,
  590,     26.64687499999996,    12.00000000000738,    1.99999999999996,    24.00000000001424,    1.99999999999996,
  591,     26.68593749999998,    11.99999999999632,    1.99999999999996,    23.99999999999211,    1.99999999999996,
  592,     26.72499999999996,    12.00000000000738,    1.99999999999996,    24.00000000001424,    1.99999999999996,
  593,     26.76406249999998,    11.99999999999632,    1.99999999999996,    23.99999999999211,    1.99999999999996,
  594,     26.80312499999996,    12.00000000000738,    1.99999999999996,    24.00000000001424,    1.99999999999996,
  595,     26.84218749999998,    11.99999999999632,    1.99999999999996,    23.99999999999211,    1.99999999999996,
  596,     26.88124999999996,    12.00000000000738,    1.99999999999996,    24.00000000001424,    1.99999999999996,
  597,     26.92031249999998,    11.99999999999632,    1.99999999999996,    23.99999999999211,    1.99999999999996,
  598,     26.95937499999996,    12.00000000000738,    1.99999999999996,    24.00000000001424,    1.99999999999996,
  599,     26.99843749999998,    11.99999999999632,    1.99999999999996,    23.99999999999211,    1.99999999999996,
  600,     27.03749999999996,    12.00000000000738,    1.99999999999996,    24.00000000001424,    1.99999999999996,
  601,     27.07656249999998,    11.99999999999632,    1.99999999999996,    23.99999999999211,    1.99999999999996,
  602,     27.11562499999996,    12.00000000000738,    1.99999999999996,    24.00000000001424,    1.99999999999996,
  603,     27.15468749999998,    11.99999999999632,    1.99999999999996,    23.99999999999211,    1.99999999999996,
  604,     27.19374999999996,    12.00000000000738,    1.99999999999996,    24.00000000001424,    1.99999999999996,
  605,     27.23281249999998,    11.99999999999632,    1.99999999999996,    23.99999999999211,    1.99999999999996,
  606,     27.27187499999996,    12.00000000000738,    1.99999999999996,    24.00000000001424,    1.99999999999996,
  607,     27.31093749999998,    11.99999999999632,    1.99999999999996,    23.99999999999211,    1.99999999999996,
  608,     27.34999999999996,    12.00000000000738,    1.99999999999996,    24.00000000001424,    1.99999999999996,
  609,     27.38906249999998,    11.99999999999632,    1.99999999999996,    23.99999999999211,    1.99999999999996,
  610,     27.42812499999996,    12.00000000000738,    1.99999999999996,    24.00000000001424,    1.99999999999996,
  611,     27.46718749999998,    11.99999999999632,    1.99999999999996,    23.99999999999211,    1.99999999999996,
  612,     27.50624999999996,    12.00000000000748,    1.99999999999991,    24.00000000001388,    1.99999999999991,
  613,     27.54531249999998,    11.99999999999603,    2.00000000000009,    23.99999999999316,    2.00000000000009,
  614,     27.58437499999996,    12.00000000000727,    2.00000000000018,    24.00000000001674,    2.00000000000018,
  615,     27.62343749999998,    11.99999999999698,    1.99999999999982,    23.99999999999180,    1.99999999999982,
  616,     27.66249999999997,    12.00000000000917,    1.99999999999918,    24.00000000000854,    1.99999999999918,
  617,     27.70156250000000,    11.99999999999771,    1.99999999999973,    23.99999999999216,    1.99999999999973,
  618,     27.74062499999997,    12.00000000000292,    2.00000000000018,    24.00000000000804,    2.00000000000018,
  619,     27.77968749999999,    11.99999999999872,    2.00000000000037,    24.00000000000182,    2.00000000000037,
  620,     27.81874999999997,    12.00000000000040,    2.00000000000073,    24.00000000000955,    2.00000000000073,
  621,     27.85781249999998,    11.99999999999886,    2.00000000000037,    24.00000000000210,    2.00000000000037,
  622,     27.89687499999995,    12.00000000000258,    2.00000000000027,    24.00000000000846,    2.00000000000027,
  623,     27.93593749999997,    11.99999999999843,    1.99999999999936,    23.99999999998924,    1.99999999999936,
  624,     27.97499999999997,    12.00000000000228,    1.99999999999941,    23.99999999999748,    1.99999999999941,
  625,     28.01406249999998,    11.99999999999984,    2.00000000000068,    24.00000000000788,    2.00000000000068,
  626,     28.05312499999995,    11.99999999999697,    2.00000000000009,    23.99999999999506,    2.00000000000009,
  627,     28.09218749999998,    12.00000000000258,    1.99999999999973,    24.00000000000191,    1.99999999999973,
  628,     28.13124999999996,    11.99999999999532,    2.00000000000055,    23.99999999999721,    2.00000000000055,
  629,     28.17031249999997,    12.00000000000261,    1.99999999999927,    23.99999999999651,    1.99999999999927,
  630,     28.20937499999998,    11.99999999999852,    1.99999999999896,    23.99999999998450,    1.99999999999896,
  631,     28.24843749999999,    12.00000000000010,    2.00000000000096,    24.00000000001168,    2.00000000000096,
  632,     28.28749999999994,    12.00000000000078,    2.00000000000014,    24.00000000000320,    2.00000000000014,
  633,     28.32656249999998,    11.99999999999928,    1.99999999999923,    23.99999999998929,    1.99999999999923,
  634,     28.36562499999998,    11.99999999999827,    2.00000000000132,    24.00000000001237,    2.00000000000132,
  635,     28.40468749999997,    12.00000000000042,    1.99999999999932,    23.99999999999267,    1.99999999999932,
  636,     28.44375000000000,    12.00000000000397,    1.99999999999814,    23.99999999998558,    1.99999999999814,
  637,     28.48281250000001,    11.99999999999614,    2.00000000000068,    24.00000000000049,    2.00000000000068,
  638,     28.52187499999998,    12.00000000000527,    2.00000000000068,    24.00000000001873,    2.00000000000068,
  639,     28.56093749999999,    11.99999999999859,    1.99999999999959,    23.99999999999228,    1.99999999999959,
  640,     28.59999999999999,    11.99999999999992,    2.00000000000073,    24.00000000000858,    2.00000000000073,
