 indi,                  x_v,                   v,                   H,                   q,                 eta
    0,     3.60000000000000,    11.99999999999999,    1.99999999999998,    23.99999999999973,    1.99999999999998,
    1,     3.75625000000000,    11.99999999999999,    2.00000000000001,    24.00000000000006,    2.00000000000001,
    2,     3.91250000000000,    12.00000000000002,    1.99999999999998,    23.99999999999985,    1.99999999999998,
    3,     4.06875000000000,    11.99999999999999,    2.00000000000005,    24.00000000000054,    2.00000000000005,
    4,     4.22499999999999,    11.99999999999799,    2.00000000000693,    24.00000000007909,    2.00000000000693,
    5,     4.38125000000002,    12.00000000000827,    1.99999999998550,    23.99999999984249,    1.99999999998550,
    6,     4.53750000000226,    12.00000000016121,    2.00000000162315,    24.00000001980021,    2.00000000162315,
    7,     4.69374999999008,    11.99999999904043,    1.99999999702278,    23.99999996235425,    1.99999999702278,
    8,     4.85000000046745,    12.00000032510497,    1.99999813492409,    23.99997826929838,    1.99999813492409,
    9,     5.00624999851973,    11.99999873743268,    2.00000377081208,    24.00004272460562,    2.00000381471058,
   10,     5.16249941128356,    11.99984409957947,    1.99992760464722,    23.99881946621199,    1.99992769244421,
   11,     5.31874688611411,    11.99941310244196,    2.00022080511555,    24.00147573668048,    2.00130322368745,
   12,     5.47496492538462,    11.99642210825465,    2.00032215667794,    23.99670894400283,    2.00248690602476,
   13,     5.63115434048342,    11.99131860693686,    2.00150652183129,    24.00070239714098,    2.01124370648273,
   14,     5.78722987465458,    11.98354762860395,    2.00292220256585,    24.00211361083621,    2.02023182252193,
   15,     5.94318904902800,    11.97153102991979,    2.00458318283477,    23.99792977536188,    2.03434361433262,
   16,     6.09901561524702,    11.96029471150960,    2.00679964668609,    24.00191520131892,    2.04901088972571,
   17,     6.25463524875593,    11.94731623741471,    2.00889368035250,    24.00088808651520,    2.06450920558452,
   18,     6.41013232295138,    11.93360821152701,    2.01074310480165,    23.99542042673230,    2.07976291222607,
   19,     6.56544388261726,    11.92286977798136,    2.01316289778293,    24.00267907212943,    2.09467648042433,
   20,     6.72058942287328,    11.91031877550778,    2.01490454382198,    23.99815541913884,    2.10891190168037,
   21,     6.87562859785148,    11.89969682748768,    2.01674990795950,    23.99871248158174,    2.12174223063734,
   22,     7.03049437449555,    11.89071303209441,    2.01883725603409,    24.00541447000227,    2.13481454353138,
   23,     7.18524904576903,    11.87986996665360,    2.01998381232037,    23.99714502511117,    2.14535481005799,
   24,     7.33990292592921,    11.87199999815629,    2.02173947738333,    24.00209107176744,    2.15650418536130,
   25,     7.49440997554931,    11.86415552007612,    2.02294419768789,    24.00052456980476,    2.16561179967179,
   26,     7.64885860059123,    11.85583378925521,    2.02379825666910,    23.99381575405337,    2.17436875265894,
   27,     7.80321356865217,    11.85079528826475,    2.02522251040967,    24.00049738405056,    2.18235595389779,
   28,     7.95746679968224,    11.84417985501755,    2.02609002380671,    23.99737464442349,    2.18978641479314,
   29,     8.11168474588410,    11.83822055835078,    2.02708535913933,    23.99708357209512,    2.19615237048954,
   30,     8.26579142093490,    11.83449438794526,    2.02844595400175,    24.00563225888400,    2.20288358571574,
   31,     8.41984191352131,    11.82866076461878,    2.02876802985588,    23.99760879526917,    2.20751168597144,
   32,     8.57386016914921,    11.82468535233817,    2.02966097339431,    24.00010238230809,    2.21271065391144,
   33,     8.72778398411107,    11.82193472477837,    2.03033227735558,    24.00245565250824,    2.21672750083124,
   34,     8.88169326897538,    11.81728334653124,    2.03054271843665,    23.99549865100174,    2.22028348487083,
   35,     9.03558823464567,    11.81615927569331,    2.03130656518096,    24.00224191193972,    2.22351429410147,
   36,     9.18947136327471,    11.81368060612548,    2.03160853766502,    24.00077438065221,    2.22628322907186,
   37,     9.34345808995638,    11.81142171958434,    2.03177313489099,    23.99812933471938,    2.22809544392716,
   38,     9.49752615637143,    11.81148200468320,    2.03239231839552,    24.00556529518502,    2.23036224506102,
   39,     9.65172216346668,    11.80909975340684,    2.03224385198043,    23.99897037128468,    2.23107830210637,
   40,     9.80609277394549,    11.80878498051535,    2.03237493255510,    23.99987857833251,    2.23207390614146,
   41,     9.96059430836235,    11.80855211652888,    2.03252826425914,    24.00121593682208,    2.23232458997042,
   42,     10.11526811832839,    11.80856588415458,    2.03246481267220,    24.00049464766556,    2.23235849050838,
   43,     10.27009200989577,    11.80951538212511,    2.03253588356200,    24.00326378164668,    2.23175739051884,
   44,     10.42506296684759,    11.81046388727992,    2.03254091843292,    24.00525111657073,    2.23109025451042,
   45,     10.58018434119743,    11.81164119640823,    2.03222131554888,    24.00386901095608,    2.22930881290666,
   46,     10.73545854861951,    11.81306048077317,    2.03189914871569,    24.00294753460999,    2.22752480735375,
   47,     10.89088204145003,    11.81493150585186,    2.03144451942209,    24.00137785491012,    2.22477980754392,
   48,     11.04644954942144,    11.81722180064378,    2.03099491866597,    24.00071742985628,    2.22203983627158,
   49,     11.20215646932894,    11.82002420523477,    2.03043893410136,    23.99983734832921,    2.21830615646791,
   50,     11.35799801278763,    11.82327035062234,    2.02988373655718,    23.99986419764703,    2.21457326368467,
   51,     11.51397167603714,    11.82703367369515,    2.02918698534388,    23.99926280588606,    2.20973061835659,
   52,     11.67007501150912,    11.83127389797646,    2.02849164275687,    23.99964022521278,    2.20488938165479,
   53,     11.82630722282051,    11.83606084641042,    2.02762634315703,    23.99910877139120,    2.19880477187603,
   54,     11.98266800369753,    11.84137808355461,    2.02676289465948,    23.99966572138252,    2.19272201319958,
   55,     12.13915795155005,    11.84729199516067,    2.02570463765637,    23.99911433826620,    2.18524044379548,
   56,     12.29577872659126,    11.85380397053510,    2.02464807031055,    23.99978133478348,    2.17776056404868,
   57,     12.45253219671407,    11.86097719414139,    2.02337244402450,    23.99917441382877,    2.16870490763853,
   58,     12.60942181854453,    11.86882295143867,    2.02209742646724,    23.99991634529945,    2.15964985995716,
   59,     12.76645069183807,    11.87740076678445,    2.02058131809022,    23.99925409683507,    2.14883736712531,
   60,     12.92362369884384,    11.88671509470012,    2.01906267995953,    24.00002283502061,    2.13802234453979,
   61,     13.08094511844207,    11.89681848141177,    2.01729199355454,    23.99935667132367,    2.12531886733942,
   62,     13.23842022988665,    11.90766723609197,    2.01551054997636,    24.00002893995117,    2.11260463296585,
   63,     13.39605427694504,    11.91929630399305,    2.01350178307509,    23.99952436109035,    2.09807248516351,
   64,     13.55385014392775,    11.93151016578061,    2.01146171545014,    23.99977590597184,    2.08350903663749,
   65,     13.71181335136741,    11.94429835585217,    2.00931567548079,    23.99986591903324,    2.06778399739737,
   66,     13.86993722349192,    11.95706902523301,    2.00709357329019,    23.99895639593241,    2.05198289593599,
   67,     14.02822571557205,    11.96970299844095,    2.00510820485505,    24.00054969185202,    2.03712964782512,
   68,     14.18664655117458,    11.98081962695333,    2.00300793262163,    23.99767675209648,    2.02216149591599,
   69,     14.34519807434727,    11.99009373235194,    2.00173874438995,    24.00103517291594,    2.01267047922018,
   70,     14.50380588554330,    11.99627760964503,    2.00058317918432,    23.99955119868137,    2.00329308555045,
   71,     14.66245513950677,    11.99854093131238,    2.00012585743873,    23.99859196825489,    2.00148099050312,
   72,     14.82109413588181,    12.00049752746010,    2.00016294019575,    24.00295041833646,    2.00016329995841,
   73,     14.97966437750810,    11.99973717419597,    2.00000999391706,    23.99959427277006,    2.00001017379839,
   74,     15.13822733014247,    11.99914059259430,    1.99985656156533,    23.99656004724464,    1.99985656156533,
   75,     15.29669722927122,    12.00033273200306,    2.00018952039231,    24.00293977177338,    2.00018952039231,
   76,     15.45510808118473,    11.99901553340982,    1.99982695492914,    23.99595469632642,    1.99982695492914,
   77,     15.61348078588721,    11.99982760404873,    2.00002394430114,    23.99994253558330,    2.00002394430114,
   78,     15.77173555292791,    12.00062380247756,    2.00020446241804,    24.00370128151580,    2.00020446241804,
   79,     15.92993929494719,    11.99934596301125,    1.99982536880107,    23.99659646585054,    1.99982536880107,
   80,     16.08805315853208,    12.00067771429517,    2.00014000309271,    24.00303556058492,    2.00014000309271,
   81,     16.24603264888234,    12.00010306497469,    1.99991551426069,    23.99919229237016,    1.99991551426069,
   82,     16.40394688210460,    11.99937916765239,    1.99961640796985,    23.99415546908932,    1.99961640796985,
   83,     16.56171792308833,    12.00091749466087,    1.99990684468645,    24.00071704008964,    1.99990684468645,
   84,     16.71935778432669,    11.99990717096793,    1.99950745324490,    23.99390382659724,    1.99950745324490,
   85,     16.87689543913271,    12.00023257073618,    1.99974793139922,    23.99744025963917,    1.99974793139922,
   86,     17.03423217325752,    12.00094176650154,    2.00011596201247,    24.00327518636191,    2.00011596201247,
   87,     17.19143253517353,    11.99949414236902,    1.99975897717985,    23.99609613281944,    1.99975897717985,
   88,     17.34847382156301,    12.00003645568795,    2.00013613159094,    24.00170649542991,    2.00013613159094,
   89,     17.50530395935407,    12.00018849487547,    2.00000527382711,    24.00044027667036,    2.00000527382711,
   90,     17.66201420412654,    11.99879656468515,    1.99965482448906,    23.99345143863541,    1.99965482448906,
   91,     17.81855396430925,    12.00039197036256,    2.00010271171129,    24.00201652152051,    2.00010271171129,
   92,     17.97494694082772,    11.99942550447993,    1.99985257921821,    23.99708204427090,    1.99985257921821,
   93,     18.13129629621067,    11.99965013739007,    1.99988326028181,    23.99789943900478,    1.99988326028181,
   94,     18.28756105248858,    12.00094502220359,    2.00015262382112,    24.00372167449349,    2.00015262382112,
   95,     18.44382117701768,    11.99945663118257,    1.99984376742912,    23.99703855640653,    1.99984376742912,
   96,     18.60008720274065,    12.00031147147407,    2.00005071590754,    24.00123154963521,    2.00005071590754,
   97,     18.75632083188432,    12.00009421407202,    2.00007489305896,    24.00108715190755,    2.00007489305896,
   98,     18.91257550680803,    11.99978234242903,    1.99991458660543,    23.99853974271410,    1.99991458660543,
   99,     19.06881777619504,    12.00043151551054,    2.00017424417609,    24.00295403632318,    2.00017424417609,
  100,     19.22504828529771,    12.00048804993806,    2.00027497122504,    24.00427588877630,    2.00027497122504,
  101,     19.38128066129618,    12.00056354281337,    2.00022608493041,    24.00384023220021,    2.00022608493041,
  102,     19.53751296352026,    12.00046984311177,    2.00021047290751,    24.00346546000290,    2.00021047290751,
  103,     19.69375203606724,    12.00015188325579,    2.00008585476157,    24.00133403669027,    2.00008585476157,
  104,     19.84999955020178,    12.00000103527761,    1.99998603650545,    23.99983450860615,    1.99998603650545,
  105,     20.00624988946724,    11.99999333672842,    1.99999703498202,    23.99995109326087,    1.99999703498202,
  106,     20.16250001348712,    11.99999951483301,    1.99999997709861,    23.99999875484939,    1.99999997709861,
  107,     20.31875000357682,    12.00000022607946,    2.00000008962367,    24.00000152764303,    2.00000008962367,
  108,     20.47499999948342,    12.00000000857734,    2.00000000383040,    24.00000006311943,    2.00000000383040,
  109,     20.63124999991049,    11.99999999279408,    1.99999999657358,    23.99999994447116,    1.99999999657358,
  110,     20.78750000001880,    12.00000000044273,    2.00000000048518,    24.00000000670765,    2.00000000048518,
  111,     20.94375000000161,    12.00000000019073,    2.00000000012352,    24.00000000186372,    2.00000000012352,
  112,     21.09999999999950,    11.99999999996796,    1.99999999996069,    23.99999999946418,    1.99999999996069,
  113,     21.25624999999998,    11.99999999999654,    1.99999999999680,    23.99999999995462,    1.99999999999680,
  114,     21.41250000000000,    12.00000000000088,    2.00000000000132,    24.00000000001760,    2.00000000000132,
  115,     21.56875000000000,    12.00000000000008,    2.00000000000009,    24.00000000000128,    2.00000000000009,
  116,     21.72499999999999,    12.00000000000008,    2.00000000000000,    24.00000000000018,    2.00000000000000,
  117,     21.88125000000000,    11.99999999999992,    2.00000000000000,    23.99999999999986,    2.00000000000000,
  118,     22.03749999999999,    12.00000000000011,    2.00000000000001,    24.00000000000037,    2.00000000000001,
  119,     22.19375000000000,    12.00000000000004,    1.99999999999997,    23.99999999999968,    1.99999999999997,
  120,     22.35000000000000,    11.99999999999992,    2.00000000000004,    24.00000000000027,    2.00000000000004,
  121,     22.50625000000000,    12.00000000000000,    1.99999999999999,    23.99999999999989,    1.99999999999999,
  122,     22.66250000000000,    11.99999999999989,    2.00000000000004,    24.00000000000020,    2.00000000000004,
  123,     22.81875000000000,    12.00000000000012,    1.99999999999999,    24.00000000000011,    1.99999999999999,
  124,     22.97500000000000,    11.99999999999981,    1.99999999999994,    23.99999999999896,    1.99999999999994,
  125,     23.13125000000000,    11.99999999999995,    1.99999999999999,    23.99999999999979,    1.99999999999999,
  126,     23.28750000000000,    11.99999999999991,    1.99999999999998,    23.99999999999957,    1.99999999999998,
  127,     23.44375000000000,    12.00000000000009,    1.99999999999998,    23.99999999999991,    1.99999999999998,
  128,     23.60000000000000,    11.99999999999983,    2.00000000000004,    24.00000000000008,    2.00000000000004,
  129,     23.75625000000000,    12.00000000000005,    2.00000000000004,    24.00000000000052,    2.00000000000004,
  130,     23.91250000000000,    12.00000000000014,    2.00000000000000,    24.00000000000030,    2.00000000000000,
  131,     24.06875000000000,    11.99999999999994,    1.99999999999996,    23.99999999999935,    1.99999999999996,
  132,     24.22500000000001,    11.99999999999992,    2.00000000000000,    23.99999999999986,    2.00000000000000,
  133,     24.38125000000000,    12.00000000000003,    2.00000000000000,    24.00000000000008,    2.00000000000000,
  134,     24.53750000000001,    12.00000000000001,    1.99999999999999,    23.99999999999989,    1.99999999999999,
  135,     24.69375000000000,    11.99999999999993,    2.00000000000004,    24.00000000000028,    2.00000000000004,
  136,     24.85000000000000,    12.00000000000027,    2.00000000000004,    24.00000000000096,    2.00000000000004,
  137,     25.00625000000000,    11.99999999999992,    1.99999999999999,    23.99999999999973,    1.99999999999999,
  138,     25.16250000000000,    12.00000000000025,    2.00000000000006,    24.00000000000119,    2.00000000000006,
  139,     25.31875000000000,    11.99999999999985,    1.99999999999992,    23.99999999999876,    1.99999999999992,
  140,     25.47500000000001,    12.00000000000019,    1.99999999999993,    23.99999999999958,    1.99999999999993,
  141,     25.63125000000000,    11.99999999999986,    2.00000000000002,    24.00000000000002,    2.00000000000002,
  142,     25.78750000000002,    12.00000000000016,    2.00000000000002,    24.00000000000061,    2.00000000000002,
  143,     25.94375000000000,    11.99999999999993,    2.00000000000002,    24.00000000000014,    2.00000000000002,
  144,     26.10000000000002,    12.00000000000013,    2.00000000000002,    24.00000000000055,    2.00000000000002,
  145,     26.25625000000000,    11.99999999999993,    2.00000000000002,    24.00000000000014,    2.00000000000002,
  146,     26.41250000000002,    12.00000000000013,    2.00000000000002,    24.00000000000055,    2.00000000000002,
  147,     26.56875000000000,    11.99999999999993,    2.00000000000002,    24.00000000000014,    2.00000000000002,
  148,     26.72500000000002,    12.00000000000013,    2.00000000000002,    24.00000000000055,    2.00000000000002,
  149,     26.88125000000000,    11.99999999999993,    2.00000000000002,    24.00000000000014,    2.00000000000002,
  150,     27.03750000000002,    12.00000000000013,    2.00000000000002,    24.00000000000055,    2.00000000000002,
  151,     27.19375000000000,    11.99999999999993,    2.00000000000002,    24.00000000000014,    2.00000000000002,
  152,     27.35000000000002,    12.00000000000014,    2.00000000000001,    24.00000000000043,    2.00000000000001,
  153,     27.50625000000000,    11.99999999999987,    2.00000000000001,    23.99999999999990,    2.00000000000001,
  154,     27.66250000000001,    12.00000000000017,    2.00000000000009,    24.00000000000144,    2.00000000000009,
  155,     27.81875000000000,    11.99999999999988,    2.00000000000005,    24.00000000000033,    2.00000000000005,
  156,     27.97500000000001,    12.00000000000024,    1.99999999999996,    23.99999999999996,    1.99999999999996,
  157,     28.13125000000000,    11.99999999999993,    2.00000000000000,    23.99999999999988,    2.00000000000000,
  158,     28.28750000000001,    12.00000000000014,    1.99999999999999,    24.00000000000016,    1.99999999999999,
  159,     28.44375000000000,    11.99999999999996,    2.00000000000004,    24.00000000000034,    2.00000000000004,
  160,     28.60000000000000,    12.00000000000002,    1.99999999999991,    23.99999999999896,    1.99999999999991,
