 indi,                  x_v,                   v,                   H,                   q,                 eta
    0,     3.59999999999999,    11.99999999999988,    1.99999999999927,    23.99999999999097,    1.99999999999927,
    1,     3.62698018197594,    12.00000000000022,    2.00000000000013,    24.00000000000198,    2.00000000000013,
    2,     3.67812499999999,    11.99999999999994,    1.99999999999992,    23.99999999999888,    1.99999999999992,
    3,     3.72926981802406,    12.00000000000024,    1.99999999999989,    23.99999999999919,    1.99999999999989,
    4,     3.75624999999999,    11.99999999999902,    2.00000000000067,    24.00000000000609,    2.00000000000067,
    5,     3.78323018197593,    11.99999999999971,    2.00000000000015,    24.00000000000125,    2.00000000000015,
    6,     3.83437499999999,    12.00000000000021,    1.99999999999979,    23.99999999999788,    1.99999999999979,
    7,     3.88551981802406,    12.00000000000014,    1.99999999999999,    24.00000000000017,    1.99999999999999,
    8,     3.91249999999999,    11.99999999999907,    2.00000000000021,    24.00000000000072,    2.00000000000021,
    9,     3.93948018197593,    12.00000000000022,    1.99999999999997,    24.00000000000005,    1.99999999999997,
   10,     3.99062499999999,    11.99999999999988,    2.00000000000020,    24.00000000000213,    2.00000000000020,
   11,     4.04176981802405,    11.99999999999945,    2.00000000000009,    24.00000000000001,    2.00000000000009,
   12,     4.06874999999999,    12.00000000000109,    1.99999999999979,    23.99999999999967,    1.99999999999979,
   13,     4.09573018197593,    11.99999999999989,    1.99999999999988,    23.99999999999829,    1.99999999999988,
   14,     4.14687499999999,    12.00000000000018,    2.00000000000004,    24.00000000000086,    2.00000000000004,
   15,     4.19801981802405,    12.00000000000016,    2.00000000000000,    24.00000000000028,    2.00000000000000,
   16,     4.22499999999999,    11.99999999999832,    1.99999999999973,    23.99999999999338,    1.99999999999973,
   17,     4.25198018197593,    12.00000000000067,    2.00000000000020,    24.00000000000374,    2.00000000000020,
   18,     4.30312499999999,    11.99999999999953,    2.00000000000001,    23.99999999999921,    2.00000000000001,
   19,     4.35426981802406,    12.00000000000045,    1.99999999999993,    24.00000000000004,    1.99999999999993,
   20,     4.38124999999999,    11.99999999999868,    2.00000000000045,    24.00000000000280,    2.00000000000045,
   21,     4.40823018197593,    12.00000000000026,    1.99999999999988,    23.99999999999914,    1.99999999999988,
   22,     4.45937499999999,    11.99999999999992,    2.00000000000005,    24.00000000000041,    2.00000000000005,
   23,     4.51051981802405,    12.00000000000003,    1.99999999999991,    23.99999999999892,    1.99999999999991,
   24,     4.53750000000000,    12.00000000000042,    1.99999999999945,    23.99999999999424,    1.99999999999945,
   25,     4.56448018197594,    12.00000000000006,    2.00000000000017,    24.00000000000221,    2.00000000000017,
   26,     4.61562500000000,    11.99999999999985,    1.99999999999995,    23.99999999999908,    1.99999999999995,
   27,     4.66676981802406,    12.00000000000047,    1.99999999999995,    24.00000000000032,    1.99999999999995,
   28,     4.69375000000000,    11.99999999999979,    2.00000000000004,    24.00000000000011,    2.00000000000004,
   29,     4.72073018197593,    12.00000000000015,    2.00000000000026,    24.00000000000340,    2.00000000000026,
   30,     4.77187499999999,    11.99999999999939,    1.99999999999987,    23.99999999999723,    1.99999999999987,
   31,     4.82301981802405,    11.99999999999882,    2.00000000000089,    24.00000000000831,    2.00000000000089,
   32,     4.84999999999996,    11.99999999999180,    2.00000000004625,    24.00000000053859,    2.00000000004625,
   33,     4.87698018197598,    12.00000000001945,    1.99999999994933,    23.99999999943092,    1.99999999994933,
   34,     4.92812499999984,    11.99999999994806,    2.00000000007261,    24.00000000076744,    2.00000000007261,
   35,     4.97926981802592,    12.00000000084874,    1.99999999954695,    23.99999999626084,    1.99999999954695,
   36,     5.00625000001401,    12.00000000068329,    1.99999997627765,    23.99999971669841,    1.99999997627765,
   37,     5.03323018194512,    11.99999999190028,    2.00000002614991,    24.00000029759945,    2.00000003042606,
   38,     5.08437500008362,    12.00000002534837,    1.99999996330992,    23.99999961041577,    1.99999995254433,
   39,     5.13551981681800,    11.99999950209722,    2.00000025848212,    24.00000210597972,    2.00000027953178,
   40,     5.16249999200331,    11.99999857343061,    1.99999945171710,    23.99999056746722,    1.99999953951892,
   41,     5.18948018859610,    12.00000113571024,    1.99999965407419,    23.99999812031037,    2.00000176097280,
   42,     5.24062497773660,    11.99998699795196,    2.00000300572345,    24.00001006454628,    2.00001394594486,
   43,     5.29176962695867,    11.99992490964081,    2.00001151436079,    23.99998799074650,    2.00009257407779,
   44,     5.31874960050418,    11.99984465478324,    2.00002402051739,    23.99997755204375,    2.00018881422825,
   45,     5.34572927301394,    11.99971030381727,    2.00004907000541,    24.00000943348400,    2.00035193485237,
   46,     5.39687201786184,    11.99927305724593,    2.00012107784509,    23.99999896061628,    2.00089253179930,
   47,     5.44801223594243,    11.99850568340336,    2.00024952820761,    24.00000533242393,    2.00182694167036,
   48,     5.47498842759027,    11.99795392268538,    2.00034479900350,    24.00004472792730,    2.00251011080407,
   49,     5.50196326809406,    11.99727980875271,    2.00045196634854,    23.99998198425301,    2.00332229233556,
   50,     5.55309331532694,    11.99569839241980,    2.00071607399470,    23.99998659250666,    2.00526030800544,
   51,     5.60421568729264,    11.99370395441890,    2.00105147183149,    24.00001895070112,    2.00770107974051,
   52,     5.63118034271951,    11.99249286738314,    2.00125197105115,    23.99999998866732,    2.00918188097934,
   53,     5.65814219356217,    11.99117690563817,    2.00147245860381,    24.00001032288083,    2.01079208365071,
   54,     5.70924361533133,    11.98840905555870,    2.00193285569102,    23.99998997578667,    2.01416858998146,
   55,     5.76033262087881,    11.98533348559891,    2.00244621968283,    23.99998572987560,    2.01792865866714,
   56,     5.78727788525109,    11.98359267775191,    2.00273940357350,    24.00001325210866,    2.02005235161027,
   57,     5.81421916432644,    11.98179481345976,    2.00303932844045,    24.00000623666370,    2.02225519441985,
   58,     5.86527879662154,    11.97820636708886,    2.00364011905576,    24.00001483142839,    2.02663766062027,
   59,     5.91632272283634,    11.97443044572452,    2.00426984888107,    23.99998989988920,    2.03124202865860,
   60,     5.94324315298065,    11.97237697214701,    2.00461118028546,    23.99996073295813,    2.03374356150952,
   61,     5.97015890139408,    11.97029332673856,    2.00496316869183,    23.99999723854840,    2.03629278615859,
   62,     6.02116853726473,    11.96625837995600,    2.00564007555671,    24.00000736130611,    2.04121723855778,
   63,     6.07216078022937,    11.96214346284039,    2.00633016303426,    24.00000924403973,    2.04623739180189,
   64,     6.09905337703530,    11.95995191177034,    2.00669903180792,    24.00002392181886,    2.04891352379463,
   65,     6.12594101766277,    11.95773875562505,    2.00706735511809,    23.99998709744545,    2.05160053224734,
   66,     6.17689681450228,    11.95354047864034,    2.00777227383305,    23.99998714715513,    2.05671922567016,
   67,     6.22783464846128,    11.94933037481638,    2.00848153905534,    24.00000946189195,    2.06185010396925,
   68,     6.25469840265673,    11.94711849190342,    2.00885255289369,    23.99999948218363,    2.06455025410873,
   69,     6.28155719088709,    11.94490061788589,    2.00922697134357,    24.00001649147486,    2.06724873547133,
   70,     6.33245822566193,    11.94071860928316,    2.00992874860250,    23.99999361177105,    2.07233416274927,
   71,     6.38334157594803,    11.93657595383566,    2.01062572713784,    23.99998670671686,    2.07737640339094,
   72,     6.41017670996453,    11.93440469102669,    2.01099307321945,    24.00000516665236,    2.08001662850169,
   73,     6.43700700371284,    11.93225333643214,    2.01135494357156,    23.99999673618108,    2.08263644630119,
   74,     6.48785443218718,    11.92821316922764,    2.01203799404272,    24.00001809752670,    2.08755415412632,
   75,     6.53868474870048,    11.92422782699487,    2.01270887487132,    23.99999917338011,    2.09239466206615,
   76,     6.56549224748251,    11.92214702921802,    2.01305738367343,    23.99996610640758,    2.09491441132532,
   77,     6.59229510233575,    11.92009818971512,    2.01340547699206,    23.99999098145560,    2.09741335998566,
   78,     6.64309116475673,    11.91625448457326,    2.01405578269481,    24.00000125271776,    2.10208254355555,
   79,     6.69387098820041,    11.91249044828978,    2.01469302039499,    24.00001136169142,    2.10665964455623,
   80,     6.72065220681946,    11.91053066473926,    2.01502557558933,    24.00002390829056,    2.10903770233679,
   81,     6.74742902361904,    11.90859264034151,    2.01535125377833,    23.99999710844766,    2.11138583628847,
   82,     6.79817656969436,    11.90498391786099,    2.01596126898210,    23.99998648626252,    2.11576540039696,
   83,     6.84890888339770,    11.90145307980711,    2.01656013177711,    23.99999579095487,    2.12004871158229,
   84,     6.87566544983918,    11.89963240692375,    2.01686914470932,    24.00000143490762,    2.12226671292464,
   85,     6.90241791053477,    11.89782207287610,    2.01717774826151,    24.00002193818031,    2.12446031487667,
   86,     6.95312001097860,    11.89445712722075,    2.01774643747589,    23.99999849415937,    2.12853622101581,
   87,     7.00380799992296,    11.89117508893288,    2.01830244474653,    23.99998775290225,    2.13251304245443,
   88,     7.03054159133168,    11.88947974525063,    2.01859146319271,    24.00000231556560,    2.13457185562475,
   89,     7.05727141091326,    11.88780065994541,    2.01887543041518,    23.99998867403714,    2.13660171112963,
   90,     7.10793136659813,    11.88469209553803,    2.01940575668984,    24.00001563421573,    2.14037625618425,
   91,     7.15857820543597,    11.88165519229458,    2.01992143132690,    24.00000996255234,    2.14405124614613,
   92,     7.18529053022667,    11.88008330500624,    2.02018611894828,    23.99997938472280,    2.14594861744309,
   93,     7.21199938845378,    11.87854101040229,    2.02044908320073,    23.99998729422955,    2.14782102809045,
   94,     7.26262040372849,    11.87566710693848,    2.02093856905799,    23.99999368970531,    2.15129819175097,
   95,     7.31322933575545,    11.87288046979881,    2.02141448947960,    24.00001261351068,    2.15467994518620,
   96,     7.33992206352246,    11.87143073325104,    2.02166188397849,    24.00001902170440,    2.15642765969383,
   97,     7.36661156340232,    11.87001249727491,    2.02190214829989,    24.00000376858663,    2.15814598528422,
   98,     7.41719672621819,    11.86737336759518,    2.02235085360245,    23.99999265997515,    2.16133613926883,
   99,     7.46777080658429,    11.86480885631140,    2.02278731598283,    23.99998486110742,    2.16443604835276,
  100,     7.49444557103893,    11.86348938253482,    2.02301267408567,    23.99998937974877,    2.16603546508660,
  101,     7.52111734412093,    11.86218943493183,    2.02323699966080,    24.00002056173946,    2.16761271259771,
  102,     7.57166959639802,    11.85977183674752,    2.02364829192340,    24.00000702003537,    2.17053136998524,
  103,     7.62221173168699,    11.85742683743067,    2.02404712685039,    23.99999072214029,    2.17336371159117,
  104,     7.64887001282581,    11.85622177768233,    2.02425331838226,    23.99999627694941,    2.17482434713102,
  105,     7.67552558874571,    11.85502519756097,    2.02445673992974,    23.99998566323917,    2.17626224005697,
  106,     7.72604782076164,    11.85282942307888,    2.02483363149954,    24.00000764427737,    2.17892514988813,
  107,     7.77656078020286,    11.85068936101442,    2.02519987933859,    24.00001466400552,    2.18150771318950,
  108,     7.80320399965067,    11.84959147919692,    2.02538659416954,    24.00000372835104,    2.18283596233354,
  109,     7.82984479732329,    11.84850485572891,    2.02557142504296,    23.99999286524723,    2.18414349604053,
  110,     7.88033966010303,    11.84650048471984,    2.02591330625124,    23.99998296450575,    2.18656262399319,
  111,     7.93082612499443,    11.84456394981926,    2.02624678323292,    24.00000960211784,    2.18890764546802,
  112,     7.95745566972683,    11.84356100630615,    2.02642031445884,    24.00003261871143,    2.19011627652590,
  113,     7.98408301233575,    11.84258215732118,    2.02658536228481,    24.00000365168238,    2.19129867278439,
  114,     8.03455301362131,    11.84076632013683,    2.02689575434957,    23.99999898253076,    2.19348951885436,
  115,     8.08501540939738,    11.83900614490084,    2.02719583665641,    23.99998396709267,    2.19560810176105,
  116,     8.11163262874677,    11.83810171682661,    2.02734987284126,    23.99997401029038,    2.19669688183796,
  117,     8.13824782193105,    11.83722550723976,    2.02750313995201,    24.00001188424862,    2.19776814201362,
  118,     8.18869533320480,    11.83558286752416,    2.02778473505390,    24.00001426923101,    2.19974454459891,
  119,     8.23913598938979,    11.83400500613482,    2.02805368881842,    23.99999750618742,    2.20164979646527,
  120,     8.26574206486423,    11.83319052405093,    2.02819173869040,    23.99997926322965,    2.20262782689343,
  121,     8.29234630133399,    11.83238989872383,    2.02832969900836,    23.99998784182812,    2.20358993004920,
  122,     8.34277363389589,    11.83092788580672,    2.02858153504903,    24.00000185164420,    2.20536112010502,
  123,     8.39319480280723,    11.82951035733902,    2.02882535061419,    24.00001049832257,    2.20706889873781,
  124,     8.41979083180563,    11.82879181229661,    2.02894992723202,    24.00002628680194,    2.20794376359674,
  125,     8.44638525774846,    11.82807476829813,    2.02907056575289,    23.99999836187817,    2.20879967608961,
  126,     8.49679452864579,    11.82676304689748,    2.02929429645849,    23.99998279663513,    2.21037649761333,
  127,     8.54719832726160,    11.82550953497722,    2.02951123803851,    24.00000449676778,    2.21189392952796,
  128,     8.57378545446379,    11.82486360503172,    2.02962149817806,    23.99999738579570,    2.21266932966153,
  129,     8.60037116444186,    11.82423689085608,    2.02973030015292,    24.00001189355650,    2.21342898840754,
  130,     8.65076435494935,    11.82307982565304,    2.02992864066493,    24.00000835896077,    2.21482234494446,
  131,     8.70115275829007,    11.82196859606359,    2.03011679334049,    23.99997697721262,    2.21615538055049,
  132,     8.72773205434719,    11.82140479043037,    2.03021494636377,    23.99999269254804,    2.21683754621899,
  133,     8.75431006816691,    11.82085365167714,    2.03031036582925,    24.00000170195060,    2.21750333689530,
  134,     8.80468918928084,    11.81984494753845,    2.03048422040985,    24.00000865366791,    2.21872134526861,
  135,     8.85506419841475,    11.81888018605461,    2.03065038554024,    24.00001360646564,    2.21988368753533,
  136,     8.88163680543984,    11.81838848050566,    2.03073315364451,    23.99999331001320,    2.22047285797529,
  137,     8.90820855626846,    11.81790875118838,    2.03081447641586,    23.99998017287508,    2.22104750376275,
  138,     8.95857726241670,    11.81703937642984,    2.03096531404717,    23.99999708825860,    2.22209793418472,
  139,     9.00894466925024,    11.81621460550106,    2.03110790386733,    24.00000687902584,    2.22309402750284,
  140,     9.03551478301546,    11.81579939957547,    2.03118044548458,    24.00002068818617,    2.22359843974591,
  141,     9.06208525129151,    11.81539017038531,    2.03124993042617,    24.00001046155316,    2.22408720403991,
  142,     9.11245545561327,    11.81465083603526,    2.03137501463359,    23.99998651494194,    2.22497281582644,
  143,     9.16282993809655,    11.81395839746541,    2.03149448915901,    23.99999137960483,    2.22580833836944,
  144,     9.18940610038619,    11.81360780557562,    2.03155507473067,    23.99999488829499,    2.22622889721147,
  145,     9.21598423578656,    11.81327542537429,    2.03161382135869,    24.00001362970736,    2.22663542925889,
  146,     9.26637324314395,    11.81266830392470,    2.03171786952216,    24.00000927982179,    2.22736552782721,
  147,     9.31677191620207,    11.81210087518607,    2.03181406480106,    23.99999269305199,    2.22804457849150,
  148,     9.34336287607356,    11.81181930946375,    2.03186181214187,    23.99998458681929,    2.22838251789242,
  149,     9.36995712818071,    11.81154949364946,    2.03190838774031,    23.99998648835620,    2.22870741018445,
  150,     9.42037995134030,    11.81107283389455,    2.03199234560670,    24.00000959187703,    2.22928653219498,
  151,     9.47081623641029,    11.81063398392885,    2.03206806896045,    24.00001219292094,    2.22981519051833,
  152,     9.49742839952397,    11.81041866540692,    2.03210462588744,    24.00000640364076,    2.23007375857287,
  153,     9.52404469171453,    11.81021248727405,    2.03213884774729,    23.99999159553970,    2.23031834375003,
  154,     9.57451139524071,    11.80985593892469,    2.03219976305070,    23.99998644074567,    2.23074618314449,
  155,     9.62499386565005,    11.80954353203627,    2.03225512772404,    24.00000539906096,    2.23112691990366,
  156,     9.65163115539074,    11.80939440617827,    2.03228182975186,    24.00001767204933,    2.23130858257515,
  157,     9.67827302591081,    11.80925510604656,    2.03230542649865,    24.00001323492528,    2.23147564315190,
  158,     9.72878930513729,    11.80901945193416,    2.03234442322666,    23.99999482691349,    2.23175511598553,
  159,     9.77932254007730,    11.80882536358216,    2.03237710965973,    23.99998636091366,    2.23198714085776,
  160,     9.80598698997016,    11.80873989886280,    2.03239213404542,    23.99999008343706,    2.23209077885144,
  161,     9.83265622172243,    11.80866641675862,    2.03240591610330,    24.00000348671054,    2.23218175830483,
  162,     9.88322476481579,    11.80855716402344,    2.03242578186194,    24.00001602675173,    2.23231666161475,
  163,     9.93381064714458,    11.80848236722739,    2.03243711589577,    23.99999784555369,    2.23240206382772,
  164,     9.96050298637598,    11.80845905585098,    2.03243972117424,    23.99998123097120,    2.23242724067217,
  165,     9.98720015911484,    11.80844834208932,    2.03244197959969,    23.99998612439670,    2.23244066816414,
  166,     10.03782170994658,    11.80846079876339,    2.03244139736672,    24.00000456658880,    2.23242995432583,
  167,     10.08846051826365,    11.80851082224557,    2.03243330524905,    24.00001068052577,    2.23237069259834,
  168,     10.11518070481460,    11.80855257339486,    2.03242556247081,    24.00000410594822,    2.23231940154733,
  169,     10.14190566858225,    11.80860517603058,    2.03241595686912,    23.99999758813180,    2.23225479347434,
  170,     10.19257973407228,    11.80873542943978,    2.03239297236407,    23.99999089929997,    2.23209605769610,
  171,     10.24327076245697,    11.80890858544382,    2.03236400215696,    24.00000071381834,    2.23188999528049,
  172,     10.27001834011392,    11.80901630300772,    2.03234624384748,    24.00000992695136,    2.23176211325261,
  173,     10.29677057768835,    11.80913437060102,    2.03232571630375,    24.00000746865892,    2.23161989079156,
  174,     10.34749602262249,    11.80938701842658,    2.03228129256936,    23.99999631425981,    2.23131292907129,
  175,     10.39823799918489,    11.80968229734020,    2.03223046686691,    23.99999616867358,    2.23095768527413,
  176,     10.42501227031779,    11.80985496564001,    2.03220136951266,    24.00000343491946,    2.23075105285744,
  177,     10.45179106797363,    11.81003870523469,    2.03216975654676,    24.00000348042456,    2.23053015022199,
  178,     10.50256648117603,    11.81041732045190,    2.03210429467019,    23.99999975873746,    2.23007347014719,
  179,     10.55335792638841,    11.81083767728745,    2.03203184658819,    23.99999829513179,    2.22956714294771,
  180,     10.58015809636330,    11.81107631115428,    2.03199096891334,    24.00000039741177,    2.22928009437763,
  181,     10.60696265617650,    11.81132657625954,    2.03194791600656,    24.00000042190349,    2.22897886419992,
  182,     10.65778652381349,    11.81183299766554,    2.03186079686289,    24.00000040704805,    2.22836920688315,
  183,     10.70862592716889,    11.81238153774991,    2.03176639404122,    23.99999984199323,    2.22770857406123,
  184,     10.73545120189624,    11.81268801138927,    2.03171366046068,    23.99999959949968,    2.22733940744018,
  185,     10.76228073441874,    11.81300650166649,    2.03165887499570,    23.99999949949267,    2.22695585975405,
  186,     10.81315158250049,    11.81364347235703,    2.03154940682813,    24.00000038874594,    2.22618911902633,
  187,     10.86403750717881,    11.81432368856377,    2.03143243124766,    24.00000029420591,    2.22536988710963,
  188,     10.89088714411353,    11.81470010611465,    2.03136764365560,    23.99999951505573,    2.22491635892831,
  189,     10.91774091858960,    11.81508891253281,    2.03130078830330,    23.99999942190150,    2.22444803661956,
  190,     10.96865739963663,    11.81586026647275,    2.03116825560957,    24.00000028597787,    2.22351927221921,
  191,     11.01958855278993,    11.81667639128198,    2.03102797428669,    24.00000031378679,    2.22253620936576,
  192,     11.04646189272854,    11.81712514738875,    2.03095078637358,    23.99999961076418,    2.22199548806425,
  193,     11.07333926637419,    11.81758672023846,    2.03087145650142,    23.99999955486247,    2.22143942297643,
  194,     11.12430020951911,    11.81849722218200,    2.03071505163506,    24.00000019679213,    2.22034275036302,
  195,     11.17527548547992,    11.81945431012823,    2.03055061616628,    24.00000023218013,    2.21918964242805,
  196,     11.20217197217242,    11.81997818998964,    2.03046057603737,    23.99999972439549,    2.21855832745795,
  197,     11.22907240781761,    11.82051539302854,    2.03036829610501,    23.99999969762635,    2.21791101284264,
  198,     11.28007684834287,    11.82157068539886,    2.03018708513908,    24.00000013155551,    2.21663952270217,
  199,     11.33109535405782,    11.82267465137472,    2.02999751407108,    24.00000015196189,    2.21530910820851,
  200,     11.35801454580888,    11.82327688629686,    2.02989408491959,    23.99999981586050,    2.21458322537258,
  201,     11.38493762232733,    11.82389303700566,    2.02978830496163,    23.99999980563130,    2.21384058687812,
  202,     11.43598481895946,    11.82509965123856,    2.02958121234929,    24.00000008631187,    2.21238628117746,
  203,     11.48704588866013,    11.82635730910560,    2.02936537991833,    24.00000009364298,    2.21087019144228,
  204,     11.51398746502838,    11.82704160854575,    2.02924794516858,    23.99999988156475,    2.21004517253483,
  205,     11.54093288337850,    11.82774050566881,    2.02912803738266,    23.99999987893917,    2.20920253949549,
  206,     11.59202232826423,    11.82910589415310,    2.02889383782293,    24.00000005560213,    2.20755627621758,
  207,     11.64312553183994,    11.83052499348138,    2.02865046720949,    24.00000005535960,    2.20584498313511,
  208,     11.67008929746783,    11.83129556625275,    2.02851833022890,    23.99999992649966,    2.20491564256663,
  209,     11.69705688416067,    11.83208150941966,    2.02838358638715,    23.99999992650179,    2.20396772311712,
  210,     11.74818830859775,    11.83361407611931,    2.02812090040051,    24.00000003505124,    2.20211917217268,
  211,     11.79933345639596,    11.83520332890391,    2.02784856029314,    24.00000003129441,    2.20020194944231,
  212,     11.82631934321742,    11.83606489527810,    2.02770094356273,    23.99999995622517,    2.19916246688385,
  213,     11.85330905232592,    11.83694269541324,    2.02755057402074,    23.99999995673572,    2.19810333217053,
  214,     11.90448243009494,    11.83865181053031,    2.02725786733990,    24.00000002159537,    2.19604095217434,
  215,     11.95566957571014,    11.84042089638149,    2.02695497284193,    24.00000001646199,    2.19390586217146,
  216,     11.98267764423115,    11.84137868635221,    2.02679101905543,    23.99999997473300,    2.19274978029422,
  217,     12.00968955855029,    11.84235366108269,    2.02662415450456,    23.99999997573572,    2.19157286608593,
  218,     12.06090510780042,    11.84424964345452,    2.02629974339964,    24.00000001329320,    2.18928391934433,
  219,     12.11213454956508,    11.84620917601795,    2.02596456391305,    24.00000000731394,    2.18691784597835,
  220,     12.13916498949506,    11.84726890410771,    2.02578334116343,    23.99999998422494,    2.18563809591435,
  221,     12.16619932106316,    11.84834684742939,    2.02559903897260,    23.99999998756700,    2.18433623479197,
  222,     12.21745750497622,    11.85044089115513,    2.02524110533457,    24.00000000910500,    2.18180686841838,
  223,     12.26872978615405,    11.85260231874859,    2.02487178394095,    24.00000000150712,    2.17919562849423,
  224,     12.29578291629584,    11.85377011970585,    2.02467229775973,    23.99999998538049,    2.17778460232150,
  225,     12.32284000612052,    11.85495722876200,    2.02446955578611,    23.99999999477510,    2.17635010722848,
  226,     12.37414153187559,    11.85726123761440,    2.02407617811879,    24.00000000878658,    2.17356554458520,
  227,     12.42545743883277,    11.85963663590445,    2.02367076953613,    23.99999999739962,    2.17069412895515,
  228,     12.45253370574444,    11.86091893617724,    2.02345198599435,    23.99999997712583,    2.16914382953207,
  229,     12.47961402216914,    11.86222166834619,    2.02322976841445,    23.99999999892892,    2.16756866150953,
  230,     12.53095983691547,    11.86474794076117,    2.02279897834121,    24.00000001284764,    2.16451357368242,
  231,     12.58232039365992,    11.86734963106779,    2.02235551660498,    23.99999999386996,    2.16136659919617,
  232,     12.60942036809879,    11.86875291690200,    2.02211640300924,    23.99999995653125,    2.15966891516291,
  233,     12.63652450271687,    11.87017773473229,    2.02187368523521,    24.00000000092011,    2.15794498704295,
  234,     12.68791578417095,    11.87293840926779,    2.02140356459128,    24.00000002266662,    2.15460415450700,
  235,     12.73932224042159,    11.87577829783121,    2.02092017785980,    23.99999998987664,    2.15116665476554,
  236,     12.76644660987028,    11.87730871822082,    2.02065977128023,    23.99999991798471,    2.14931383634940,
  237,     12.79357526913145,    11.87886165515595,    2.02039561516188,    24.00000000119164,    2.14743353445787,
  238,     12.84501340681509,    11.88186777414209,    2.01988445731780,    24.00000004089486,    2.14379297334868,
  239,     12.89646721493145,    11.88495624693011,    2.01935955721308,    23.99999998429763,    2.14005173116121,
  240,     12.92361676943126,    11.88661895344526,    2.01907707701616,    23.99999985212719,    2.13803718676761,
  241,     12.95077075892901,    11.88830489467295,    2.01879075380130,    23.99999999973652,    2.13599424059574,
  242,     13.00225731962020,    11.89156486078003,    2.01823732645563,    24.00000007199435,    2.13204307026146,
  243,     13.05376009289784,    11.89490897207584,    2.01766991509580,    23.99999997576054,    2.12798881367195,
  244,     13.08093569975087,    11.89670704089165,    2.01736494486009,    23.99999974356504,    2.12580841749113,
  245,     13.10811589638181,    11.89852855169637,    2.01705613361247,    23.99999999616229,    2.12359932361674,
  246,     13.15965256353345,    11.90204562123322,    2.01646010164219,    24.00000012314196,    2.11933281396125,
  247,     13.21120600394951,    11.90564616252165,    2.01585026420120,    23.99999996220530,    2.11496378530692,
  248,     13.23840856424280,    11.90757885457369,    2.01552304305656,    23.99999956840633,    2.11261799683134,
  249,     13.26561586860922,    11.90953429234368,    2.01519214777551,    23.99999998959419,    2.11024432250989,
  250,     13.31720433950973,    11.91330254558339,    2.01455474783133,    24.00000020555606,    2.10566881173190,
  251,     13.36881011608086,    11.91714934782550,    2.01390443637568,    23.99999994053728,    2.10099650854183,
  252,     13.39604049190972,    11.91920932668182,    2.01355632180960,    23.99999929071215,    2.09849377373453,
  253,     13.42327574894035,    11.92128982683475,    2.01320497421781,    23.99999997847590,    2.09596584644491,
  254,     13.47491756409623,    11.92528775206989,    2.01253008183957,    24.00000033563366,    2.09110659668069,
  255,     13.52657711232952,    11.92935223434840,    2.01184435121659,    23.99999990634680,    2.08616490559161,
  256,     13.55383600734829,    11.93152116733857,    2.01147854709577,    23.99999886232064,    2.08352705099945,
  257,     13.58109987640789,    11.93370588961587,    2.01111039455604,    23.99999996018106,    2.08086979266777,
  258,     13.63279614161499,    11.93788630928929,    2.01040619019435,    24.00000053403155,    2.07578335997994,
  259,     13.68451033870919,    11.94210985812050,    2.00969511579633,    23.99999985416798,    2.07064283872626,
  260,     13.71179810553644,    11.94435159759605,    2.00931779687752,    23.99999823721214,    2.06791345597615,
  261,     13.73909085167110,    11.94660039369516,    2.00893971002246,    23.99999993066415,    2.06517539934660,
  262,     13.79084179367627,    11.95087506812149,    2.00822121211533,    24.00000081514183,    2.05996858938650,
  263,     13.84261044305140,    11.95515153097240,    2.00750276715709,    23.99999978020942,    2.05475803098906,
  264,     13.86992677948752,    11.95740197794178,    2.00712474895289,    23.99999744310523,    2.05201497449541,
  265,     13.89724794572307,    11.95964461224911,    2.00674858345861,    23.99999988429927,    2.04928153066867,
  266,     13.94905222055355,    11.96386208003195,    2.00604127504867,    24.00000114153367,    2.04413875583705,
  267,     14.00087325953150,    11.96801342376029,    2.00534531889040,    23.99999969575515,    2.03907523318329,
  268,     14.02821674685499,    11.97016689734874,    2.00498431189645,    23.99999683996647,    2.03644748109180,
  269,     14.05556466070223,    11.97228897020396,    2.00462917951457,    23.99999981525130,    2.03385825132531,
  270,     14.10741832958639,    11.97620724875924,    2.00397344236844,    24.00000126681389,    2.02907536618002,
  271,     14.15928668736272,    11.97995657204469,    2.00334613363920,    23.99999967977121,    2.02449762650003,
  272,     14.18665414139886,    11.98185236592252,    2.00302901059275,    23.99999788958220,    2.02218202880018,
  273,     14.21402523603906,    11.98368299176660,    2.00272318162508,    23.99999972885714,    2.01994586504027,
  274,     14.26592041357401,    11.98695178156067,    2.00217709417520,    24.00000028602335,    2.01595256896741,
  275,     14.31782660596387,    11.98991740263981,    2.00168185364987,    24.00000009162488,    2.01232857512242,
  276,     14.34521233409755,    11.99134393143549,    2.00144410663075,    24.00000464215395,    2.01058510038217,
  277,     14.37260042246419,    11.99266702618027,    2.00122288371942,    23.99999968961928,    2.00896608179065,
  278,     14.42452402229114,    11.99487526330272,    2.00085414800439,    23.99999592537445,    2.00626810675929,
  279,     14.47645319912771,    11.99666548821537,    2.00055610339848,    24.00000236287917,    2.00407874055488,
  280,     14.50384869510139,    11.99743548310815,    2.00042927797969,    24.00002120108198,    2.00313800974633,
  281,     14.53124486833378,    11.99808782710658,    2.00031870152919,    23.99999946315097,    2.00233693096570,
  282,     14.58317913366674,    11.99901523658629,    2.00016318266860,    23.99998850449945,    2.00120524615115,
  283,     14.63511290900842,    11.99957944053650,    2.00007070014030,    24.00000725302293,    2.00051340550805,
  284,     14.66250850103486,    11.99975822505373,    2.00004173426434,    24.00001725118922,    2.00029634775420,
  285,     14.68990334777742,    11.99987747312917,    2.00002040021313,    23.99999974631638,    2.00015387963292,
  286,     14.74183154535320,    11.99997372379981,    2.00000457831597,    24.00000238727091,    2.00002891850224,
  287,     14.79375566337751,    11.99999633534058,    1.99999942937294,    23.99998582315857,    2.00000304094622,
  288,     14.82114520451014,    12.00000354186582,    1.99999651335204,    23.99996524394373,    1.99999687168259,
  289,     14.84853341268627,    11.99999947787601,    2.00000154052379,    24.00001744203665,    2.00000162859989,
  290,     14.90044803171918,    12.00000191203590,    2.00000052413669,    24.00001011371313,    2.00000048174200,
  291,     14.95235774032551,    11.99999921316384,    1.99999978100781,    23.99999579842158,    1.99999979805087,
  292,     14.97973933322636,    12.00000034745686,    2.00000071921253,    24.00000932546438,    2.00000071921253,
  293,     15.00711949060878,    11.99999686740806,    1.99999845866670,    23.99997523882134,    1.99999845866670,
  294,     15.05901834194447,    12.00000114591067,    2.00000031247023,    24.00000604146440,    2.00000031247023,
  295,     15.11091151632195,    12.00000215237917,    2.00000148658340,    24.00002214376231,    2.00000148658340,
  296,     15.13828413008930,    11.99999700846937,    1.99999908928250,    23.99998308833144,    1.99999908928250,
  297,     15.16565511165321,    12.00000141330505,    1.99999962953818,    23.99999838106775,    1.99999962953818,
  298,     15.21753603479114,    11.99999674482012,    1.99999943721254,    23.99998673619257,    1.99999943721254,
  299,     15.26941064038966,    12.00000226753691,    1.99999928596959,    23.99999596670722,    1.99999928596959,
  300,     15.29677315673768,    11.99999742469589,    2.00000269975460,    24.00002724643996,    2.00000269975460,
  301,     15.32413377988852,    12.00000206524953,    2.00000076785734,    24.00001334478873,    2.00000076785734,
  302,     15.37599458899153,    12.00000059714424,    2.00000001176796,    24.00000133550395,    2.00000001176796,
  303,     15.42784832433068,    11.99999637878611,    1.99999906252721,    23.99998150790208,    1.99999906252721,
  304,     15.45519957463538,    12.00000077682312,    1.99999760336823,    23.99997279406309,    1.99999760336823,
  305,     15.48254870976059,    12.00000041370726,    2.00000078619748,    24.00001026178466,    2.00000078619748,
  306,     15.53438708514425,    12.00000161519962,    2.00000064324471,    24.00001094933683,    2.00000064324471,
  307,     15.58621761739445,    12.00000022173316,    2.00000017529916,    24.00000254705632,    2.00000017529916,
  308,     15.61355627439091,    12.00000388830514,    2.00000041955264,    24.00001281124354,    2.00000041955264,
  309,     15.64089264698257,    11.99999551138018,    1.99999879936205,    23.99997661511032,    1.99999879936205,
  310,     15.69270623106997,    12.00000078141321,    1.99999963407201,    23.99999717169023,    1.99999963407201,
  311,     15.74451109010631,    12.00000061484949,    2.00000162499792,    24.00002072967501,    2.00000162499792,
  312,     15.77183585247212,    12.00000208261916,    1.99999953133737,    23.99999854128572,    1.99999953133737,
  313,     15.79915812048644,    12.00000199584369,    2.00000003849028,    24.00000445357076,    2.00000003849028,
  314,     15.85094427394044,    11.99999661655735,    1.99999936977189,    23.99998567037956,    1.99999936977189,
  315,     15.90272091087932,    12.00000174545112,    1.99999918870843,    23.99999375540200,    1.99999918870843,
  316,     15.93003042104764,    11.99999572984030,    2.00000186417644,    24.00001382978990,    2.00000186417644,
  317,     15.95733714784590,    12.00000182336595,    2.00000047489765,    24.00000934550455,    2.00000047489765,
  318,     16.00909318537331,    12.00000166610979,    2.00000065187228,    24.00001115468800,    2.00000065187228,
  319,     16.06083876804635,    11.99999741933938,    1.99999900908526,    23.99998294770445,    1.99999900908526,
  320,     16.08813158058188,    11.99999541251961,    1.99999817952596,    23.99996897935904,    1.99999817952596,
  321,     16.11542131619747,    12.00000091655587,    1.99999996731945,    24.00000144094514,    1.99999996731945,
  322,     16.16714440957162,    12.00000063220903,    2.00000074214268,    24.00001017013064,    2.00000074214268,
  323,     16.21885606202725,    12.00000201762075,    2.00000036947946,    24.00000846899576,    2.00000036947946,
  324,     16.24613056580701,    12.00000353536621,    2.00000040553173,    24.00001193711457,    2.00000040553173,
  325,     16.27340173685377,    11.99999586138551,    1.99999931659765,    23.99998352194562,    1.99999931659765,
  326,     16.32508893058174,    12.00000010363867,    1.99999916840989,    23.99999022819593,    1.99999916840989,
  327,     16.37676365263694,    11.99999892981030,    2.00000118488060,    24.00001207818655,    2.00000118488060,
  328,     16.40401823418408,    12.00000666321898,    1.99999981340749,    24.00001108732662,    1.99999981340749,
  329,     16.43126922993428,    12.00000207997962,    2.00000072520716,    24.00001286244670,    2.00000072520716,
  330,     16.48291733176910,    11.99999742621489,    1.99999934841493,    23.99998703341063,    1.99999934841493,
  331,     16.53455199753927,    12.00000025262010,    1.99999927959834,    23.99999186042012,    1.99999927959834,
  332,     16.56178501042367,    11.99999819643556,    2.00000060894889,    24.00000370025665,    2.00000060894889,
  333,     16.58901414783452,    11.99999993681437,    2.00000026254613,    24.00000302418233,    2.00000026254613,
  334,     16.64061997697467,    12.00000293330813,    2.00000084135982,    24.00001596293659,    2.00000084135982,
  335,     16.69221128613099,    11.99999864931082,    1.99999948700206,    23.99999114264706,    1.99999948700206,
  336,     16.71942104099772,    11.99999241108880,    1.99999915665735,    23.99997470207217,    1.99999915665735,
  337,     16.74662660409675,    12.00000040914904,    1.99999931198492,    23.99999256211685,    1.99999931198492,
  338,     16.79818696098891,    11.99999990423603,    2.00000036894280,    24.00000423578562,    2.00000036894280,
  339,     16.84973171143681,    12.00000426713655,    2.00000032087336,    24.00001238475476,    2.00000032087336,
  340,     16.87691648432443,    11.99999895970758,    2.00000141952571,    24.00001495372216,    2.00000141952571,
  341,     16.90409675231892,    11.99999716231348,    1.99999997385725,    23.99999401091401,    1.99999997385725,
  342,     16.95560846956214,    11.99999975747140,    1.99999891902019,    23.99998654318537,    1.99999891902019,
  343,     17.00710358949162,    11.99999759039528,    2.00000019643307,    23.99999753798699,    2.00000019643307,
  344,     17.03426177818928,    12.00000603395843,    2.00000072296293,    24.00002074347637,    2.00000072296293,
  345,     17.06141520639957,    12.00000321778751,    2.00000105286281,    24.00001906993216,    2.00000105286281,
  346,     17.11287531953904,    11.99999861646473,    1.99999965245603,    23.99999306240235,    1.99999965245603,
  347,     17.16431802223644,    11.99999758106676,    1.99999960111675,    23.99999037553544,    1.99999960111675,
  348,     17.19144823739961,    12.00000291432007,    1.99999892555959,    23.99999293535210,    1.99999892555959,
  349,     17.21857352510126,    11.99999910978252,    1.99999972285980,    23.99999489388283,    1.99999972285980,
  350,     17.26997969520271,    12.00000262486408,    2.00000108199393,    24.00001823365812,    2.00000108199393,
  351,     17.32136784565293,    11.99999919546330,    2.00000046783481,    24.00000400494399,    2.00000046783481,
  352,     17.34846910410116,    11.99999724177510,    1.99999806387444,    23.99997125004884,    1.99999806387444,
  353,     17.37556534773394,    12.00000005581237,    1.99999886757327,    23.99998652250388,    1.99999886757327,
  354,     17.42691624484936,    11.99999761841457,    2.00000028097253,    23.99999860849881,    2.00000028097253,
  355,     17.47824899987777,    12.00000611549827,    2.00000038369688,    24.00001683536151,    2.00000038369688,
  356,     17.50532104319088,    11.99999643128090,    2.00000171044926,    24.00001338794686,    2.00000171044926,
  357,     17.53238809461623,    11.99999863606218,    2.00000012369008,    23.99999875640514,    2.00000012369008,
  358,     17.58368405239219,    11.99999989311129,    1.99999916184731,    23.99998972839041,    1.99999916184731,
  359,     17.63496252575778,    11.99999713104095,    1.99999926869164,    23.99998548638361,    1.99999926869164,
  360,     17.66200631290648,    11.99999967692868,    2.00000135256193,    24.00001558460005,    2.00000135256193,
  361,     17.68904539184135,    12.00000451331102,    2.00000097514894,    24.00002072841374,    2.00000097514894,
  362,     17.74028942913016,    11.99999937678588,    2.00000025841489,    24.00000185455024,    2.00000025841489,
  363,     17.79151777886778,    11.99999861529954,    1.99999940607571,    23.99999010350844,    1.99999940607571,
  364,     17.81853603356169,    12.00000394106858,    1.99999732995842,    23.99997584162773,    1.99999732995842,
  365,     17.84555030822602,    11.99999610299722,    2.00000027866390,    23.99999554996021,    2.00000027866390,
  366,     17.89674946143214,    12.00000319291282,    2.00000041528460,    24.00001136924219,    2.00000041528460,
  367,     17.94793628435244,    11.99999950506628,    2.00000086123763,    24.00000934498374,    2.00000086123763,
  368,     17.97493412390000,    12.00000195635786,    2.00000095844068,    24.00001541400570,    2.00000095844068,
  369,     18.00192921363119,    11.99999872675208,    1.99999850736840,    23.99997954192688,    1.99999850736840,
  370,     18.05309548794974,    11.99999798701868,    1.99999966180717,    23.99999191572409,    1.99999966180717,
  371,     18.10425430484486,    12.00000315714977,    2.00000069773222,    24.00001468708836,    2.00000069773222,
  372,     18.13123947523755,    11.99999749414616,    2.00000038132948,    23.99999956424515,    2.00000038132948,
  373,     18.15822332865807,    12.00000193120766,    2.00000066409735,    24.00001183158482,    2.00000066409735,
  374,     18.20937236586313,    11.99999885480694,    1.99999955371624,    23.99999235420923,    1.99999955371624,
  375,     18.26051905433571,    11.99999743458396,    1.99999885543659,    23.99998113440998,    1.99999885543659,
  376,     18.28749966810889,    12.00000251259969,    2.00000035579895,    24.00000929478762,    2.00000035579895,
  377,     18.31448005374988,    12.00000099757391,    2.00000078967077,    24.00001147119786,    2.00000078967077,
  378,     18.36562497758844,    12.00000147545822,    2.00000058063314,    24.00000991851497,    2.00000058063314,
  379,     18.41676980000232,    12.00000014989869,    1.99999979178447,    23.99999780121102,    1.99999979178447,
  380,     18.44374999369699,    11.99999361421128,    1.99999860119142,    23.99997044272859,    1.99999860119142,
  381,     18.47073019165312,    11.99999887301632,    1.99999924272634,    23.99998865874961,    1.99999924272634,
  382,     18.52187501341960,    12.00000110559840,    2.00000035987895,    24.00000652974456,    2.00000035987895,
  383,     18.57301981321392,    12.00000112282986,    2.00000101577297,    24.00001443493651,    2.00000101577297,
  384,     18.59999997964470,    12.00000311363189,    2.00000048122657,    24.00001200198414,    2.00000048122657,
  385,     18.62698016870138,    11.99999888719423,    1.99999932904809,    23.99998972296627,    1.99999932904809,
  386,     18.67812500472134,    11.99999810056103,    1.99999938956099,    23.99998887585505,    1.99999938956099,
  387,     18.72926983178389,    12.00000043152938,    1.99999994119850,    24.00000015744076,    1.99999994119850,
  388,     18.75625001241393,    12.00000213482772,    2.00000081019421,    24.00001399198775,    2.00000081019421,
  389,     18.78323017797492,    12.00000171172367,    2.00000101307656,    24.00001558036778,    2.00000101307656,
  390,     18.83437498425340,    11.99999995029862,    1.99999986653831,    23.99999829905699,    1.99999986653831,
  391,     18.88551981810994,    11.99999771458042,    1.99999904132166,    23.99998392502298,    1.99999904132166,
  392,     18.91250001307828,    11.99999782576353,    1.99999895427210,    23.99998310279455,    1.99999895427210,
  393,     18.93948020004253,    12.00000050896626,    2.00000029726396,    24.00000458510024,    2.00000029726396,
  394,     18.99062499754821,    12.00000233733495,    2.00000091372077,    24.00001563932125,    2.00000091372077,
  395,     19.04176980257387,    11.99999947605648,    1.99999997984019,    23.99999871019520,    1.99999997984019,
  396,     19.06874998879614,    11.99999852479053,    1.99999943566381,    23.99999027754767,    1.99999943566381,
  397,     19.09573018176004,    11.99999831610008,    1.99999905339809,    23.99998527297883,    1.99999905339809,
  398,     19.14687501613849,    11.99999969232853,    1.99999989483944,    23.99999812273033,    1.99999989483944,
  399,     19.19801982077780,    12.00000224876698,    2.00000101886555,    24.00001672392281,    2.00000101886555,
  400,     19.22499998842636,    12.00000184784503,    2.00000117712594,    24.00001782120349,    2.00000117712594,
  401,     19.25198016347171,    12.00000006111367,    1.99999982080069,    23.99999797183565,    1.99999982080069,
  402,     19.30312500095904,    11.99999760993775,    1.99999905471891,    23.99998387650467,    1.99999905471891,
  403,     19.35426983296692,    12.00000045393567,    2.00000003651459,    24.00000134604642,    2.00000003651459,
  404,     19.38125000917254,    12.00000148571238,    2.00000078010440,    24.00001233267875,    2.00000078010440,
  405,     19.40823018107226,    12.00000142772012,    2.00000069726475,    24.00001122261828,    2.00000069726475,
  406,     19.45937498937803,    11.99999993848662,    1.99999999204895,    23.99999978156059,    1.99999999204895,
  407,     19.51051981610362,    11.99999897862417,    1.99999945381978,    23.99999140308631,    1.99999945381978,
  408,     19.53750000472035,    11.99999917535860,    1.99999954673110,    23.99999291149073,    1.99999954673110,
  409,     19.56448018960221,    11.99999983061153,    2.00000005574257,    24.00000033013386,    2.00000005574257,
  410,     19.61562500017304,    12.00000095208263,    2.00000037369684,    24.00000638852763,    2.00000037369684,
  411,     19.66676981246399,    11.99999994793335,    1.99999999641133,    23.99999985280264,    1.99999999641133,
  412,     19.69374999664803,    11.99999945720037,    1.99999967785010,    23.99999504860206,    1.99999967785010,
  413,     19.72073018216065,    11.99999943953330,    1.99999979638639,    23.99999643570344,    1.99999979638639,
  414,     19.77187500230700,    12.00000012335635,    2.00000002866101,    24.00000059064477,    2.00000002866101,
  415,     19.82301981822414,    12.00000015070230,    2.00000008716665,    24.00000134740439,    2.00000008716665,
  416,     19.84999999968832,    12.00000002489976,    1.99999998429639,    23.99999986135624,    1.99999998429639,
  417,     19.87698018175905,    11.99999995790214,    1.99999998717943,    23.99999976195743,    1.99999998717943,
  418,     19.92812500006944,    11.99999999710162,    1.99999999528730,    23.99999993765084,    1.99999999528730,
  419,     19.97926981802686,    12.00000000718694,    2.00000000589881,    24.00000008515954,    2.00000000589881,
  420,     20.00624999998044,    12.00000000022275,    1.99999999671141,    23.99999996098237,    1.99999999671141,
  421,     20.03323018196869,    11.99999999736248,    1.99999999920729,    23.99999998521245,    1.99999999920729,
  422,     20.08437500000360,    12.00000000028129,    1.99999999995954,    24.00000000007704,    1.99999999995954,
  423,     20.13551981802322,    12.00000000018057,    2.00000000020276,    24.00000000279427,    2.00000000020276,
  424,     20.16249999999906,    11.99999999986104,    1.99999999979234,    23.99999999723018,    1.99999999979234,
  425,     20.18948018197605,    11.99999999990944,    1.99999999996537,    23.99999999940326,    1.99999999996537,
  426,     20.24062500000008,    12.00000000003153,    2.00000000001506,    24.00000000024384,    2.00000000001506,
  427,     20.29176981802400,    11.99999999999473,    1.99999999999407,    23.99999999991827,    1.99999999999407,
  428,     20.31875000000003,    11.99999999999175,    2.00000000000048,    23.99999999998924,    2.00000000000048,
  429,     20.34573018197595,    12.00000000000010,    1.99999999999902,    23.99999999998849,    1.99999999999902,
  430,     20.39687500000002,    12.00000000000291,    2.00000000000138,    24.00000000002233,    2.00000000000138,
  431,     20.44801981802402,    11.99999999999995,    2.00000000000093,    24.00000000001109,    2.00000000000093,
  432,     20.47500000000000,    11.99999999999370,    1.99999999999611,    23.99999999994075,    1.99999999999611,
  433,     20.50198018197594,    11.99999999999840,    1.99999999999949,    23.99999999999068,    1.99999999999949,
  434,     20.55312500000000,    11.99999999999963,    2.00000000000060,    24.00000000000651,    2.00000000000060,
  435,     20.60426981802404,    11.99999999999871,    2.00000000000021,    23.99999999999992,    2.00000000000021,
  436,     20.63124999999999,    11.99999999999328,    1.99999999999893,    23.99999999997376,    1.99999999999893,
  437,     20.65823018197593,    12.00000000000169,    1.99999999999960,    23.99999999999853,    1.99999999999960,
  438,     20.70937499999999,    12.00000000000151,    2.00000000000057,    24.00000000000986,    2.00000000000057,
  439,     20.76051981802405,    11.99999999999844,    1.99999999999921,    23.99999999998734,    1.99999999999921,
  440,     20.78750000000002,    12.00000000000228,    2.00000000000127,    24.00000000001986,    2.00000000000127,
  441,     20.81448018197592,    12.00000000000067,    2.00000000000052,    24.00000000000754,    2.00000000000052,
  442,     20.86562500000000,    11.99999999999932,    1.99999999999936,    23.99999999999090,    1.99999999999936,
  443,     20.91676981802406,    12.00000000000359,    1.99999999999953,    24.00000000000150,    1.99999999999953,
  444,     20.94375000000004,    11.99999999999038,    2.00000000000043,    23.99999999998596,    2.00000000000043,
  445,     20.97073018197594,    11.99999999999896,    1.99999999999991,    23.99999999999689,    1.99999999999991,
  446,     21.02187500000002,    12.00000000000011,    1.99999999999982,    23.99999999999802,    1.99999999999982,
  447,     21.07301981802404,    12.00000000000484,    2.00000000000212,    24.00000000003511,    2.00000000000212,
  448,     21.09999999999997,    11.99999999999115,    1.99999999999896,    23.99999999996977,    1.99999999999896,
  449,     21.12698018197592,    12.00000000000037,    1.99999999999824,    23.99999999997963,    1.99999999999824,
  450,     21.17812500000002,    11.99999999999926,    1.99999999999885,    23.99999999998475,    1.99999999999885,
  451,     21.22926981802408,    11.99999999999955,    2.00000000000173,    24.00000000001991,    2.00000000000173,
  452,     21.25624999999998,    11.99999999999970,    2.00000000000121,    24.00000000001388,    2.00000000000121,
  453,     21.28323018197594,    11.99999999999938,    1.99999999999901,    23.99999999998692,    1.99999999999901,
  454,     21.33437500000000,    12.00000000000287,    2.00000000000099,    24.00000000001759,    2.00000000000099,
  455,     21.38551981802404,    11.99999999999808,    1.99999999999956,    23.99999999999093,    1.99999999999956,
  456,     21.41250000000000,    11.99999999999588,    1.99999999999902,    23.99999999998004,    1.99999999999902,
  457,     21.43948018197592,    12.00000000000514,    2.00000000000105,    24.00000000002287,    2.00000000000105,
  458,     21.49062499999998,    11.99999999999624,    1.99999999999962,    23.99999999998797,    1.99999999999962,
  459,     21.54176981802405,    11.99999999999924,    1.99999999999940,    23.99999999999129,    1.99999999999940,
  460,     21.56875000000000,    12.00000000000313,    1.99999999999918,    23.99999999999646,    1.99999999999918,
  461,     21.59573018197594,    12.00000000000034,    2.00000000000025,    24.00000000000373,    2.00000000000025,
  462,     21.64687499999999,    12.00000000000230,    2.00000000000039,    24.00000000000923,    2.00000000000039,
  463,     21.69801981802405,    11.99999999999873,    1.99999999999980,    23.99999999999504,    1.99999999999980,
  464,     21.72499999999999,    11.99999999999853,    2.00000000000168,    24.00000000001726,    2.00000000000168,
  465,     21.75198018197592,    11.99999999999910,    1.99999999999908,    23.99999999998721,    1.99999999999908,
  466,     21.80312500000000,    11.99999999999853,    1.99999999999971,    23.99999999999354,    1.99999999999971,
  467,     21.85426981802405,    12.00000000000260,    2.00000000000093,    24.00000000001640,    2.00000000000093,
  468,     21.88124999999999,    11.99999999999369,    1.99999999999889,    23.99999999997404,    1.99999999999889,
  469,     21.90823018197595,    12.00000000000026,    1.99999999999918,    23.99999999999074,    1.99999999999918,
  470,     21.95937500000002,    12.00000000000193,    2.00000000000065,    24.00000000001168,    2.00000000000065,
  471,     22.01051981802406,    11.99999999999861,    2.00000000000014,    23.99999999999887,    2.00000000000014,
  472,     22.03750000000002,    12.00000000000956,    2.00000000000109,    24.00000000003224,    2.00000000000109,
  473,     22.06448018197592,    11.99999999999616,    2.00000000000074,    24.00000000000122,    2.00000000000074,
  474,     22.11562500000000,    11.99999999999995,    1.99999999999935,    23.99999999999212,    1.99999999999935,
  475,     22.16676981802405,    12.00000000000303,    2.00000000000070,    24.00000000001446,    2.00000000000070,
  476,     22.19374999999999,    12.00000000000163,    1.99999999999921,    23.99999999999373,    1.99999999999921,
  477,     22.22073018197595,    11.99999999999404,    1.99999999999906,    23.99999999997685,    1.99999999999906,
  478,     22.27187500000003,    12.00000000000448,    1.99999999999945,    24.00000000000239,    1.99999999999945,
  479,     22.32301981802408,    11.99999999999672,    2.00000000000166,    24.00000000001331,    2.00000000000166,
  480,     22.34999999999998,    12.00000000000273,    1.99999999999968,    24.00000000000167,    1.99999999999968,
  481,     22.37698018197595,    12.00000000000000,    1.99999999999909,    23.99999999998911,    1.99999999999909,
  482,     22.42812500000000,    12.00000000000060,    2.00000000000063,    24.00000000000870,    2.00000000000063,
  483,     22.47926981802407,    11.99999999999610,    1.99999999999917,    23.99999999998222,    1.99999999999917,
  484,     22.50625000000002,    12.00000000000297,    2.00000000000180,    24.00000000002752,    2.00000000000180,
  485,     22.53323018197592,    12.00000000000103,    2.00000000000093,    24.00000000001322,    2.00000000000093,
  486,     22.58437500000000,    12.00000000000004,    1.99999999999921,    23.99999999999059,    1.99999999999921,
  487,     22.63551981802406,    11.99999999999761,    2.00000000000142,    24.00000000001230,    2.00000000000142,
  488,     22.66249999999997,    12.00000000000467,    2.00000000000396,    24.00000000005683,    2.00000000000396,
  489,     22.68948018197591,    11.99999999999885,    1.99999999999684,    23.99999999995978,    1.99999999999684,
  490,     22.74062500000003,    12.00000000000149,    2.00000000000087,    24.00000000001346,    2.00000000000087,
  491,     22.79176981802401,    11.99999999999915,    2.00000000000178,    24.00000000001967,    2.00000000000178,
  492,     22.81874999999999,    12.00000000000033,    1.99999999999541,    23.99999999994557,    1.99999999999541,
  493,     22.84573018197593,    11.99999999999885,    1.99999999999959,    23.99999999999273,    1.99999999999959,
  494,     22.89687500000001,    12.00000000000215,    1.99999999999944,    23.99999999999761,    1.99999999999944,
  495,     22.94801981802406,    12.00000000000208,    2.00000000000223,    24.00000000003096,    2.00000000000223,
  496,     22.97499999999995,    11.99999999998097,    2.00000000000009,    23.99999999996304,    2.00000000000009,
  497,     23.00198018197593,    12.00000000000539,    1.99999999999854,    23.99999999999331,    1.99999999999854,
  498,     23.05312500000000,    11.99999999999978,    2.00000000000033,    24.00000000000353,    2.00000000000033,
  499,     23.10426981802406,    11.99999999999608,    1.99999999999973,    23.99999999998893,    1.99999999999973,
  500,     23.13125000000001,    12.00000000000125,    1.99999999999989,    24.00000000000115,    1.99999999999989,
  501,     23.15823018197593,    12.00000000000127,    2.00000000000149,    24.00000000002046,    2.00000000000149,
  502,     23.20937499999998,    11.99999999999915,    1.99999999999952,    23.99999999999252,    1.99999999999952,
  503,     23.26051981802406,    12.00000000000139,    1.99999999999942,    23.99999999999580,    1.99999999999942,
  504,     23.28749999999998,    12.00000000000698,    2.00000000000582,    24.00000000008383,    2.00000000000582,
  505,     23.31448018197587,    11.99999999999695,    2.00000000000010,    23.99999999999513,    2.00000000000010,
  506,     23.36562499999997,    12.00000000000088,    1.99999999999947,    23.99999999999538,    1.99999999999947,
  507,     23.41676981802401,    11.99999999999820,    2.00000000000085,    24.00000000000659,    2.00000000000085,
  508,     23.44374999999997,    12.00000000000553,    1.99999999999732,    23.99999999997888,    1.99999999999732,
  509,     23.47073018197592,    12.00000000000251,    1.99999999999863,    23.99999999998861,    1.99999999999863,
  510,     23.52187499999999,    11.99999999999583,    1.99999999999988,    23.99999999999025,    1.99999999999988,
  511,     23.57301981802404,    12.00000000000101,    2.00000000000096,    24.00000000001356,    2.00000000000096,
  512,     23.59999999999997,    12.00000000000841,    2.00000000000293,    24.00000000005203,    2.00000000000293,
  513,     23.62698018197590,    11.99999999999888,    1.99999999999795,    23.99999999997314,    1.99999999999795,
  514,     23.67812500000001,    12.00000000000184,    2.00000000000003,    24.00000000000407,    2.00000000000003,
  515,     23.72926981802402,    11.99999999999619,    2.00000000000133,    24.00000000000833,    2.00000000000133,
  516,     23.75624999999999,    11.99999999999799,    1.99999999999682,    23.99999999995780,    1.99999999999682,
  517,     23.78323018197592,    11.99999999999941,    2.00000000000029,    24.00000000000229,    2.00000000000029,
  518,     23.83437499999999,    12.00000000000143,    1.99999999999939,    23.99999999999559,    1.99999999999939,
  519,     23.88551981802406,    11.99999999999856,    2.00000000000112,    24.00000000001062,    2.00000000000112,
  520,     23.91249999999997,    12.00000000000367,    2.00000000000178,    24.00000000002864,    2.00000000000178,
  521,     23.93948018197591,    12.00000000000032,    1.99999999999895,    23.99999999998807,    1.99999999999895,
  522,     23.99062499999999,    12.00000000000064,    1.99999999999951,    23.99999999999546,    1.99999999999951,
  523,     24.04176981802405,    11.99999999999829,    2.00000000000092,    24.00000000000764,    2.00000000000092,
  524,     24.06874999999997,    11.99999999999655,    2.00000000000298,    24.00000000002886,    2.00000000000298,
  525,     24.09573018197590,    12.00000000000498,    1.99999999999890,    23.99999999999671,    1.99999999999890,
  526,     24.14687499999999,    11.99999999999863,    1.99999999999950,    23.99999999999123,    1.99999999999950,
  527,     24.19801981802403,    11.99999999999761,    2.00000000000121,    24.00000000000977,    2.00000000000121,
  528,     24.22499999999998,    11.99999999999895,    1.99999999999811,    23.99999999997527,    1.99999999999811,
  529,     24.25198018197593,    12.00000000000147,    2.00000000000017,    24.00000000000501,    2.00000000000017,
  530,     24.30312499999999,    11.99999999999978,    1.99999999999982,    23.99999999999744,    1.99999999999982,
  531,     24.35426981802406,    11.99999999999727,    1.99999999999972,    23.99999999999124,    1.99999999999972,
  532,     24.38125000000000,    11.99999999999997,    2.00000000000419,    24.00000000005016,    2.00000000000419,
  533,     24.40823018197591,    12.00000000000624,    1.99999999999905,    24.00000000000103,    1.99999999999905,
  534,     24.45937500000001,    11.99999999999661,    2.00000000000019,    23.99999999999548,    2.00000000000019,
  535,     24.51051981802405,    12.00000000000271,    1.99999999999914,    23.99999999999514,    1.99999999999914,
  536,     24.53750000000007,    11.99999999999593,    1.99999999999952,    23.99999999998615,    1.99999999999952,
  537,     24.56448018197593,    11.99999999999960,    2.00000000000099,    24.00000000001109,    2.00000000000099,
  538,     24.61562500000003,    12.00000000000093,    1.99999999999894,    23.99999999998919,    1.99999999999894,
  539,     24.66676981802406,    12.00000000000025,    2.00000000000192,    24.00000000002349,    2.00000000000192,
  540,     24.69375000000000,    12.00000000000164,    2.00000000000259,    24.00000000003440,    2.00000000000259,
  541,     24.72073018197591,    11.99999999999647,    1.99999999999868,    23.99999999997714,    1.99999999999868,
  542,     24.77187500000003,    12.00000000000241,    1.99999999999895,    23.99999999999226,    1.99999999999895,
  543,     24.82301981802407,    11.99999999999871,    2.00000000000125,    24.00000000001245,    2.00000000000125,
  544,     24.85000000000002,    12.00000000000023,    1.99999999999830,    23.99999999998002,    1.99999999999830,
  545,     24.87698018197595,    11.99999999999925,    2.00000000000044,    24.00000000000380,    2.00000000000044,
  546,     24.92812500000001,    12.00000000000182,    1.99999999999943,    23.99999999999680,    1.99999999999943,
  547,     24.97926981802408,    11.99999999999768,    1.99999999999994,    23.99999999999465,    1.99999999999994,
  548,     25.00625000000001,    11.99999999999883,    2.00000000000255,    24.00000000002824,    2.00000000000255,
  549,     25.03323018197594,    12.00000000000190,    1.99999999999914,    23.99999999999343,    1.99999999999914,
  550,     25.08437500000002,    11.99999999999605,    2.00000000000099,    24.00000000000398,    2.00000000000099,
  551,     25.13551981802404,    12.00000000000315,    1.99999999999919,    23.99999999999659,    1.99999999999919,
  552,     25.16250000000004,    12.00000000000792,    1.99999999999645,    23.99999999997328,    1.99999999999645,
  553,     25.18948018197596,    11.99999999999613,    2.00000000000153,    24.00000000001059,    2.00000000000153,
  554,     25.24062500000001,    12.00000000000104,    1.99999999999953,    23.99999999999642,    1.99999999999953,
  555,     25.29176981802408,    11.99999999999906,    2.00000000000051,    24.00000000000421,    2.00000000000051,
  556,     25.31874999999999,    12.00000000000362,    2.00000000000291,    24.00000000004219,    2.00000000000291,
  557,     25.34573018197592,    11.99999999999856,    1.99999999999901,    23.99999999998521,    1.99999999999901,
  558,     25.39687500000002,    12.00000000000276,    1.99999999999950,    23.99999999999956,    1.99999999999950,
  559,     25.44801981802405,    12.00000000000029,    2.00000000000089,    24.00000000001130,    2.00000000000089,
  560,     25.47499999999999,    11.99999999998388,    1.99999999999846,    23.99999999994921,    1.99999999999846,
  561,     25.50198018197594,    12.00000000000175,    1.99999999999971,    24.00000000000002,    1.99999999999971,
  562,     25.55312500000000,    12.00000000000239,    2.00000000000004,    24.00000000000520,    2.00000000000004,
  563,     25.60426981802406,    11.99999999999681,    2.00000000000041,    23.99999999999854,    2.00000000000041,
  564,     25.63124999999999,    11.99999999999246,    2.00000000000157,    24.00000000000376,    2.00000000000157,
  565,     25.65823018197592,    12.00000000000727,    1.99999999999965,    24.00000000001034,    1.99999999999965,
  566,     25.70937499999999,    11.99999999999691,    2.00000000000038,    23.99999999999836,    2.00000000000038,
  567,     25.76051981802404,    12.00000000000334,    1.99999999999932,    23.99999999999855,    1.99999999999932,
  568,     25.78750000000001,    11.99999999999839,    1.99999999999611,    23.99999999995015,    1.99999999999611,
  569,     25.81448018197595,    11.99999999999688,    2.00000000000241,    24.00000000002273,    2.00000000000241,
  570,     25.86562499999996,    12.00000000000463,    2.00000000000014,    24.00000000001094,    2.00000000000014,
  571,     25.91676981802406,    11.99999999999686,    1.99999999999847,    23.99999999997532,    1.99999999999847,
  572,     25.94374999999999,    12.00000000000326,    2.00000000000241,    24.00000000003545,    2.00000000000241,
  573,     25.97073018197592,    11.99999999999905,    2.00000000000077,    24.00000000000734,    2.00000000000077,
  574,     26.02187499999997,    12.00000000000180,    1.99999999999951,    23.99999999999774,    1.99999999999951,
  575,     26.07301981802406,    11.99999999999411,    1.99999999999887,    23.99999999997463,    1.99999999999887,
  576,     26.10000000000001,    11.99999999999554,    2.00000000000337,    24.00000000003148,    2.00000000000337,
  577,     26.12698018197592,    12.00000000000755,    1.99999999999934,    24.00000000000720,    1.99999999999934,
  578,     26.17812500000002,    11.99999999999678,    1.99999999999915,    23.99999999998340,    1.99999999999915,
  579,     26.22926981802406,    12.00000000000182,    2.00000000000180,    24.00000000002521,    2.00000000000180,
  580,     26.25624999999999,    12.00000000000332,    2.00000000000014,    24.00000000000830,    2.00000000000014,
  581,     26.28323018197593,    12.00000000000106,    1.99999999999961,    23.99999999999740,    1.99999999999961,
  582,     26.33437500000001,    11.99999999999817,    1.99999999999926,    23.99999999998750,    1.99999999999926,
  583,     26.38551981802408,    12.00000000000065,    2.00000000000092,    24.00000000001229,    2.00000000000092,
  584,     26.41250000000000,    12.00000000000400,    2.00000000000112,    24.00000000002138,    2.00000000000112,
  585,     26.43948018197594,    11.99999999999676,    1.99999999999948,    23.99999999998733,    1.99999999999948,
  586,     26.49062500000002,    11.99999999999844,    2.00000000000029,    24.00000000000041,    2.00000000000029,
  587,     26.54176981802407,    12.00000000000656,    1.99999999999931,    24.00000000000489,    1.99999999999931,
  588,     26.56875000000004,    11.99999999999514,    1.99999999999957,    23.99999999998511,    1.99999999999957,
  589,     26.59573018197596,    11.99999999999757,    2.00000000000054,    24.00000000000158,    2.00000000000054,
  590,     26.64687500000002,    12.00000000000059,    2.00000000000005,    24.00000000000177,    2.00000000000005,
  591,     26.69801981802407,    11.99999999999980,    1.99999999999931,    23.99999999999129,    1.99999999999931,
  592,     26.72500000000004,    11.99999999999267,    2.00000000000205,    24.00000000000992,    2.00000000000205,
  593,     26.75198018197593,    12.00000000000080,    2.00000000000018,    24.00000000000372,    2.00000000000018,
  594,     26.80312500000003,    11.99999999999908,    1.99999999999838,    23.99999999997875,    1.99999999999838,
  595,     26.85426981802408,    12.00000000000400,    2.00000000000160,    24.00000000002721,    2.00000000000160,
  596,     26.88125000000000,    11.99999999999765,    2.00000000000062,    24.00000000000269,    2.00000000000062,
  597,     26.90823018197594,    11.99999999999643,    1.99999999999877,    23.99999999997804,    1.99999999999877,
  598,     26.95937500000002,    12.00000000000151,    2.00000000000072,    24.00000000001164,    2.00000000000072,
  599,     27.01051981802404,    12.00000000000236,    2.00000000000165,    24.00000000002449,    2.00000000000165,
  600,     27.03749999999998,    11.99999999999387,    1.99999999999864,    23.99999999997139,    1.99999999999864,
  601,     27.06448018197592,    11.99999999999912,    1.99999999999988,    23.99999999999680,    1.99999999999988,
  602,     27.11562499999999,    11.99999999999943,    1.99999999999946,    23.99999999999238,    1.99999999999946,
  603,     27.16676981802407,    12.00000000000314,    1.99999999999958,    24.00000000000128,    1.99999999999958,
  604,     27.19375000000001,    11.99999999998626,    2.00000000000143,    23.99999999998973,    2.00000000000143,
  605,     27.22073018197594,    12.00000000000321,    2.00000000000019,    24.00000000000869,    2.00000000000019,
  606,     27.27187500000001,    12.00000000000307,    1.99999999999981,    24.00000000000388,    1.99999999999981,
  607,     27.32301981802406,    11.99999999999520,    2.00000000000020,    23.99999999999281,    2.00000000000020,
  608,     27.35000000000000,    11.99999999999628,    1.99999999999998,    23.99999999999231,    1.99999999999998,
  609,     27.37698018197592,    12.00000000000131,    2.00000000000150,    24.00000000002061,    2.00000000000150,
  610,     27.42812499999997,    11.99999999999887,    1.99999999999913,    23.99999999998730,    1.99999999999913,
  611,     27.47926981802405,    11.99999999999935,    1.99999999999998,    23.99999999999850,    1.99999999999998,
  612,     27.50624999999996,    11.99999999999123,    2.00000000000389,    24.00000000002914,    2.00000000000389,
  613,     27.53323018197590,    12.00000000000531,    1.99999999999819,    23.99999999998895,    1.99999999999819,
  614,     27.58437500000000,    12.00000000000150,    2.00000000000005,    24.00000000000356,    2.00000000000005,
  615,     27.63551981802403,    11.99999999999784,    2.00000000000083,    24.00000000000562,    2.00000000000083,
  616,     27.66249999999999,    12.00000000000252,    1.99999999999889,    23.99999999999168,    1.99999999999889,
  617,     27.68948018197591,    12.00000000000255,    2.00000000000101,    24.00000000001722,    2.00000000000101,
  618,     27.74062499999996,    11.99999999999667,    1.99999999999998,    23.99999999999315,    1.99999999999998,
  619,     27.79176981802403,    12.00000000000203,    1.99999999999942,    23.99999999999711,    1.99999999999942,
  620,     27.81874999999999,    12.00000000000574,    1.99999999999977,    24.00000000000877,    1.99999999999977,
  621,     27.84573018197591,    11.99999999999668,    2.00000000000067,    24.00000000000134,    2.00000000000067,
  622,     27.89687499999998,    12.00000000000309,    1.99999999999953,    24.00000000000052,    1.99999999999953,
  623,     27.94801981802405,    12.00000000000037,    2.00000000000000,    24.00000000000080,    2.00000000000000,
  624,     27.97499999999999,    11.99999999999555,    2.00000000000262,    24.00000000002250,    2.00000000000262,
  625,     28.00198018197592,    12.00000000000125,    1.99999999999882,    23.99999999998839,    1.99999999999882,
  626,     28.05312500000001,    11.99999999999769,    2.00000000000021,    23.99999999999786,    2.00000000000021,
  627,     28.10426981802404,    12.00000000000277,    2.00000000000022,    24.00000000000822,    2.00000000000022,
  628,     28.13125000000002,    11.99999999999550,    1.99999999999593,    23.99999999994217,    1.99999999999593,
  629,     28.15823018197596,    12.00000000000192,    2.00000000000085,    24.00000000001410,    2.00000000000085,
  630,     28.20937500000000,    11.99999999999874,    1.99999999999993,    23.99999999999665,    1.99999999999993,
  631,     28.26051981802407,    11.99999999999974,    2.00000000000072,    24.00000000000816,    2.00000000000072,
  632,     28.28749999999997,    12.00000000000513,    2.00000000000316,    24.00000000004820,    2.00000000000316,
  633,     28.31448018197593,    11.99999999999600,    1.99999999999784,    23.99999999996606,    1.99999999999784,
  634,     28.36562500000002,    12.00000000000202,    2.00000000000064,    24.00000000001173,    2.00000000000064,
  635,     28.41676981802405,    12.00000000000022,    2.00000000000124,    24.00000000001529,    2.00000000000124,
  636,     28.44375000000000,    12.00000000000446,    1.99999999999586,    23.99999999995929,    1.99999999999586,
  637,     28.47073018197597,    11.99999999999848,    2.00000000000016,    23.99999999999885,    2.00000000000016,
  638,     28.52187500000001,    12.00000000000017,    2.00000000000021,    24.00000000000287,    2.00000000000021,
  639,     28.57301981802408,    12.00000000000114,    1.99999999999934,    23.99999999999439,    1.99999999999934,
  640,     28.60000000000002,    11.99999999999846,    2.00000000000182,    24.00000000001876,    2.00000000000182,
