 indi,                  x_v,                   v,                   H,                   q,                 eta
    0,     -0.00000000000272,    -0.00000000005713,    1.00000000002340,    -0.00000000005713,    1.00000000002340,
    1,     0.00086336582049,    -0.00000000005031,    1.00000000001801,    -0.00000000005031,    1.00000000001801,
    2,     0.00249999999724,    -0.00000000006138,    1.00000000001754,    -0.00000000006138,    1.00000000001754,
    3,     0.00413663417398,    -0.00000000004797,    1.00000000001894,    -0.00000000004797,    1.00000000001894,
    4,     0.00499999999719,    -0.00000000005243,    1.00000000001661,    -0.00000000005243,    1.00000000001661,
    5,     0.00586336582041,    -0.00000000006061,    1.00000000001752,    -0.00000000006061,    1.00000000001752,
    6,     0.00749999999715,    -0.00000000004909,    1.00000000001841,    -0.00000000004909,    1.00000000001841,
    7,     0.00913663417389,    -0.00000000006014,    1.00000000001844,    -0.00000000006014,    1.00000000001844,
    8,     0.00999999999710,    -0.00000000005399,    1.00000000001748,    -0.00000000005399,    1.00000000001748,
    9,     0.01086336582031,    -0.00000000004952,    1.00000000001891,    -0.00000000004952,    1.00000000001891,
   10,     0.01249999999705,    -0.00000000005485,    1.00000000001806,    -0.00000000005485,    1.00000000001806,
   11,     0.01413663417379,    -0.00000000005096,    1.00000000001836,    -0.00000000005096,    1.00000000001836,
   12,     0.01499999999701,    -0.00000000005269,    1.00000000002099,    -0.00000000005269,    1.00000000002099,
   13,     0.01586336582022,    -0.00000000005506,    1.00000000001811,    -0.00000000005506,    1.00000000001811,
   14,     0.01749999999696,    -0.00000000005171,    1.00000000001919,    -0.00000000005171,    1.00000000001919,
   15,     0.01913663417370,    -0.00000000005451,    1.00000000001978,    -0.00000000005451,    1.00000000001978,
   16,     0.01999999999691,    -0.00000000005460,    1.00000000001638,    -0.00000000005460,    1.00000000001638,
   17,     0.02086336582013,    -0.00000000005162,    1.00000000001979,    -0.00000000005162,    1.00000000001979,
   18,     0.02249999999686,    -0.00000000005214,    1.00000000001952,    -0.00000000005214,    1.00000000001952,
   19,     0.02413663417360,    -0.00000000005130,    1.00000000001832,    -0.00000000005130,    1.00000000001832,
   20,     0.02499999999682,    -0.00000000005060,    1.00000000002080,    -0.00000000005060,    1.00000000002080,
   21,     0.02586336582003,    -0.00000000005089,    1.00000000001949,    -0.00000000005089,    1.00000000001949,
   22,     0.02749999999677,    -0.00000000005319,    1.00000000001969,    -0.00000000005319,    1.00000000001969,
   23,     0.02913663417351,    -0.00000000004790,    1.00000000001979,    -0.00000000004790,    1.00000000001979,
   24,     0.02999999999672,    -0.00000000005089,    1.00000000001835,    -0.00000000005089,    1.00000000001835,
   25,     0.03086336581993,    -0.00000000004969,    1.00000000001917,    -0.00000000004969,    1.00000000001917,
   26,     0.03249999999667,    -0.00000000004855,    1.00000000001965,    -0.00000000004855,    1.00000000001965,
   27,     0.03413663417341,    -0.00000000005167,    1.00000000002013,    -0.00000000005167,    1.00000000002013,
   28,     0.03499999999662,    -0.00000000005087,    1.00000000002047,    -0.00000000005087,    1.00000000002047,
   29,     0.03586336581983,    -0.00000000004985,    1.00000000002038,    -0.00000000004985,    1.00000000002038,
   30,     0.03749999999657,    -0.00000000004968,    1.00000000002023,    -0.00000000004968,    1.00000000002023,
   31,     0.03913663417331,    -0.00000000004983,    1.00000000002016,    -0.00000000004983,    1.00000000002016,
   32,     0.03999999999652,    -0.00000000004800,    1.00000000002120,    -0.00000000004800,    1.00000000002120,
   33,     0.04086336581973,    -0.00000000004903,    1.00000000002023,    -0.00000000004903,    1.00000000002023,
   34,     0.04249999999647,    -0.00000000004838,    1.00000000002049,    -0.00000000004838,    1.00000000002049,
   35,     0.04413663417320,    -0.00000000004779,    1.00000000002073,    -0.00000000004779,    1.00000000002073,
   36,     0.04499999999642,    -0.00000000004770,    1.00000000001983,    -0.00000000004770,    1.00000000001983,
   37,     0.04586336581963,    -0.00000000004765,    1.00000000002038,    -0.00000000004765,    1.00000000002038,
   38,     0.04749999999637,    -0.00000000004675,    1.00000000002072,    -0.00000000004675,    1.00000000002072,
   39,     0.04913663417310,    -0.00000000004572,    1.00000000002057,    -0.00000000004572,    1.00000000002057,
   40,     0.04999999999631,    -0.00000000004439,    1.00000000001963,    -0.00000000004439,    1.00000000001963,
   41,     0.05086336581953,    -0.00000000004539,    1.00000000002034,    -0.00000000004539,    1.00000000002034,
   42,     0.05249999999626,    -0.00000000004848,    1.00000000002158,    -0.00000000004848,    1.00000000002158,
   43,     0.05413663417300,    -0.00000000004771,    1.00000000002196,    -0.00000000004771,    1.00000000002196,
   44,     0.05499999999621,    -0.00000000004613,    1.00000000002076,    -0.00000000004613,    1.00000000002076,
   45,     0.05586336581942,    -0.00000000004605,    1.00000000002105,    -0.00000000004605,    1.00000000002105,
   46,     0.05749999999616,    -0.00000000004464,    1.00000000002107,    -0.00000000004464,    1.00000000002107,
   47,     0.05913663417289,    -0.00000000004273,    1.00000000002113,    -0.00000000004273,    1.00000000002113,
   48,     0.05999999999610,    -0.00000000004789,    1.00000000002197,    -0.00000000004789,    1.00000000002197,
   49,     0.06086336581931,    -0.00000000004644,    1.00000000002145,    -0.00000000004644,    1.00000000002145,
   50,     0.06249999999605,    -0.00000000004369,    1.00000000002157,    -0.00000000004369,    1.00000000002157,
   51,     0.06413663417278,    -0.00000000004420,    1.00000000002179,    -0.00000000004420,    1.00000000002179,
   52,     0.06499999999599,    -0.00000000004639,    1.00000000002185,    -0.00000000004639,    1.00000000002185,
   53,     0.06586336581921,    -0.00000000004460,    1.00000000002141,    -0.00000000004460,    1.00000000002141,
   54,     0.06749999999594,    -0.00000000004205,    1.00000000002182,    -0.00000000004205,    1.00000000002182,
   55,     0.06913663417267,    -0.00000000004320,    1.00000000002203,    -0.00000000004320,    1.00000000002203,
   56,     0.06999999999589,    -0.00000000004739,    1.00000000002207,    -0.00000000004739,    1.00000000002207,
   57,     0.07086336581910,    -0.00000000004626,    1.00000000002329,    -0.00000000004626,    1.00000000002329,
   58,     0.07249999999583,    -0.00000000004357,    1.00000000002242,    -0.00000000004357,    1.00000000002242,
   59,     0.07413663417256,    -0.00000000004231,    1.00000000002171,    -0.00000000004231,    1.00000000002171,
   60,     0.07499999999577,    -0.00000000004171,    1.00000000002416,    -0.00000000004171,    1.00000000002416,
   61,     0.07586336581898,    -0.00000000004049,    1.00000000002207,    -0.00000000004049,    1.00000000002207,
   62,     0.07749999999572,    -0.00000000004120,    1.00000000002185,    -0.00000000004120,    1.00000000002185,
   63,     0.07913663417245,    -0.00000000004163,    1.00000000002303,    -0.00000000004163,    1.00000000002303,
   64,     0.07999999999566,    -0.00000000004236,    1.00000000002134,    -0.00000000004236,    1.00000000002134,
   65,     0.08086336581887,    -0.00000000004064,    1.00000000002288,    -0.00000000004064,    1.00000000002288,
   66,     0.08249999999560,    -0.00000000003921,    1.00000000002243,    -0.00000000003921,    1.00000000002243,
   67,     0.08413663417234,    -0.00000000003899,    1.00000000002150,    -0.00000000003899,    1.00000000002150,
   68,     0.08499999999555,    -0.00000000003891,    1.00000000002327,    -0.00000000003891,    1.00000000002327,
   69,     0.08586336581876,    -0.00000000004027,    1.00000000002316,    -0.00000000004027,    1.00000000002316,
   70,     0.08749999999549,    -0.00000000004146,    1.00000000002323,    -0.00000000004146,    1.00000000002323,
   71,     0.08913663417222,    -0.00000000003874,    1.00000000002345,    -0.00000000003874,    1.00000000002345,
   72,     0.08999999999543,    -0.00000000003869,    1.00000000002274,    -0.00000000003869,    1.00000000002274,
   73,     0.09086336581864,    -0.00000000004114,    1.00000000002382,    -0.00000000004114,    1.00000000002382,
   74,     0.09249999999537,    -0.00000000004098,    1.00000000002356,    -0.00000000004098,    1.00000000002356,
   75,     0.09413663417211,    -0.00000000004010,    1.00000000002348,    -0.00000000004010,    1.00000000002348,
   76,     0.09499999999532,    -0.00000000003472,    1.00000000002374,    -0.00000000003472,    1.00000000002374,
   77,     0.09586336581853,    -0.00000000004068,    1.00000000002354,    -0.00000000004068,    1.00000000002354,
   78,     0.09749999999526,    -0.00000000003733,    1.00000000002425,    -0.00000000003733,    1.00000000002425,
   79,     0.09913663417199,    -0.00000000004243,    1.00000000002357,    -0.00000000004243,    1.00000000002357,
   80,     0.09999999999520,    -0.00000000004027,    1.00000000002464,    -0.00000000004027,    1.00000000002464,
   81,     0.10086336581841,    -0.00000000003490,    1.00000000002399,    -0.00000000003490,    1.00000000002399,
   82,     0.10249999999514,    -0.00000000003682,    1.00000000002326,    -0.00000000003682,    1.00000000002326,
   83,     0.10413663417187,    -0.00000000003727,    1.00000000002436,    -0.00000000003727,    1.00000000002436,
   84,     0.10499999999508,    -0.00000000003278,    1.00000000002301,    -0.00000000003278,    1.00000000002301,
   85,     0.10586336581829,    -0.00000000003521,    1.00000000002409,    -0.00000000003521,    1.00000000002409,
   86,     0.10749999999502,    -0.00000000003561,    1.00000000002422,    -0.00000000003561,    1.00000000002422,
   87,     0.10913663417175,    -0.00000000003383,    1.00000000002447,    -0.00000000003383,    1.00000000002447,
   88,     0.10999999999496,    -0.00000000004031,    1.00000000002537,    -0.00000000004031,    1.00000000002537,
   89,     0.11086336581817,    -0.00000000003607,    1.00000000002315,    -0.00000000003607,    1.00000000002315,
   90,     0.11249999999490,    -0.00000000003351,    1.00000000002459,    -0.00000000003351,    1.00000000002459,
   91,     0.11413663417163,    -0.00000000003913,    1.00000000002583,    -0.00000000003913,    1.00000000002583,
   92,     0.11499999999483,    -0.00000000003328,    1.00000000002511,    -0.00000000003328,    1.00000000002511,
   93,     0.11586336581804,    -0.00000000003479,    1.00000000002417,    -0.00000000003479,    1.00000000002417,
   94,     0.11749999999477,    -0.00000000003223,    1.00000000002432,    -0.00000000003223,    1.00000000002432,
   95,     0.11913663417150,    -0.00000000003397,    1.00000000002440,    -0.00000000003397,    1.00000000002440,
   96,     0.11999999999471,    -0.00000000002971,    1.00000000002351,    -0.00000000002971,    1.00000000002351,
   97,     0.12086336581792,    -0.00000000003158,    1.00000000002408,    -0.00000000003158,    1.00000000002408,
   98,     0.12249999999465,    -0.00000000003793,    1.00000000002606,    -0.00000000003793,    1.00000000002606,
   99,     0.12413663417138,    -0.00000000003271,    1.00000000002648,    -0.00000000003271,    1.00000000002648,
  100,     0.12499999999458,    -0.00000000002950,    1.00000000002295,    -0.00000000002950,    1.00000000002295,
  101,     0.12586336581779,    -0.00000000003440,    1.00000000002486,    -0.00000000003440,    1.00000000002486,
  102,     0.12749999999452,    -0.00000000003425,    1.00000000002599,    -0.00000000003425,    1.00000000002599,
  103,     0.12913663417125,    -0.00000000003205,    1.00000000002573,    -0.00000000003205,    1.00000000002573,
  104,     0.12999999999446,    -0.00000000003434,    1.00000000002533,    -0.00000000003434,    1.00000000002533,
  105,     0.13086336581767,    -0.00000000002943,    1.00000000002459,    -0.00000000002943,    1.00000000002459,
  106,     0.13249999999439,    -0.00000000003387,    1.00000000002637,    -0.00000000003387,    1.00000000002637,
  107,     0.13413663417112,    -0.00000000002831,    1.00000000002540,    -0.00000000002831,    1.00000000002540,
  108,     0.13499999999433,    -0.00000000003277,    1.00000000002447,    -0.00000000003277,    1.00000000002447,
  109,     0.13586336581754,    -0.00000000003382,    1.00000000002640,    -0.00000000003382,    1.00000000002640,
  110,     0.13749999999426,    -0.00000000003048,    1.00000000002652,    -0.00000000003048,    1.00000000002652,
  111,     0.13913663417099,    -0.00000000002753,    1.00000000002587,    -0.00000000002753,    1.00000000002587,
  112,     0.13999999999420,    -0.00000000002650,    1.00000000002287,    -0.00000000002650,    1.00000000002287,
  113,     0.14086336581741,    -0.00000000004627,    1.00000000003240,    -0.00000000004627,    1.00000000003240,
  114,     0.14249999999412,    -0.00000000004538,    1.00000000002944,    -0.00000000004538,    1.00000000002944,
  115,     0.14413663417086,    0.00000000006939,    1.00000000000199,    0.00000000006939,    1.00000000000199,
  116,     0.14499999999410,    0.00000000005040,    0.99999999996564,    0.00000000005040,    0.99999999996564,
  117,     0.14586336581730,    -0.00000000017049,    1.00000000009442,    -0.00000000017049,    1.00000000009442,
  118,     0.14749999999388,    -0.00000000032513,    1.00000000008222,    -0.00000000032513,    1.00000000008222,
  119,     0.14913663417079,    0.00000000137159,    0.99999999967816,    0.00000000137159,    0.99999999967816,
  120,     0.14999999999445,    0.00000000130992,    0.99999999925047,    0.00000000130992,    0.99999999925047,
  121,     0.15086336581770,    -0.00000000155200,    1.00000000071037,    -0.00000000155200,    1.00000000071037,
  122,     0.15249999999216,    -0.00000000545198,    1.00000000138039,    -0.00000000545198,    1.00000000138039,
  123,     0.15413663417029,    0.00000001766962,    0.99999999550988,    0.00000001766962,    0.99999999550988,
  124,     0.15500000000027,    0.00000002426594,    0.99999999080172,    0.00000002426593,    0.99999999080172,
  125,     0.15586336582717,    -0.00000000586446,    1.00000000147844,    -0.00000000586446,    1.00000000147844,
  126,     0.15749999997529,    -0.00000009297312,    1.00000002841698,    -0.00000009297312,    1.00000002841698,
  127,     0.15913663414085,    0.00000016005675,    0.99999995792549,    0.00000016005674,    0.99999995792549,
  128,     0.16000000004763,    0.00000037630331,    0.99999990924420,    0.00000037630328,    0.99999990924420,
  129,     0.16086336596962,    0.00000022229550,    0.99999988074560,    0.00000022229547,    0.99999988074560,
  130,     0.16249999991107,    -0.00000122588489,    1.00000043330256,    -0.00000122588542,    1.00000043330256,
  131,     0.16413663346851,    0.00000015821795,    0.99999995263889,    0.00000015821795,    0.99999995263889,
  132,     0.16499999989016,    0.00000384944911,    0.99999943117632,    0.00000384944692,    0.99999943117632,
  133,     0.16586336722120,    0.00000608101924,    0.99999728195401,    0.00000608100271,    0.99999728195401,
  134,     0.16750000192604,    -0.00000794608034,    1.00000343876218,    -0.00000794610766,    1.00000343876218,
  135,     0.16913662588143,    -0.00002457269468,    1.00000673130603,    -0.00002457286009,    1.00000673130603,
  136,     0.16999998826587,    0.00000227515591,    1.00000340702538,    0.00000227516367,    1.00000340702538,
  137,     0.17086336176173,    0.00005410938308,    0.99997898564050,    0.00005410824600,    0.99997898564050,
  138,     0.17250003479867,    0.00006063431853,    0.99998652326032,    0.00006063350138,    0.99998652326032,
  139,     0.17413663283624,    -0.00025630116184,    1.00006993571371,    -0.00025631908644,    1.00006993571371,
  140,     0.17499990812788,    -0.00035575768265,    1.00011201639650,    -0.00035579753335,    1.00011201639650,
  141,     0.17586319839963,    -0.00008222315521,    1.00004529933821,    -0.00008222687987,    1.00004529933821,
  142,     0.17750031343475,    0.00243520208674,    0.99920466941656,    0.00243326529604,    0.99920466941656,
  143,     0.17913957778373,    0.00806655305223,    0.99744200806676,    0.00804591887459,    0.99744200806676,
  144,     0.18000569134716,    0.01194311053489,    0.99619281633654,    0.01189764091957,    0.99619281633654,
  145,     0.18087293512118,    0.01617191483673,    0.99484036479352,    0.01608847365559,    0.99484036479352,
  146,     0.18252028419516,    0.02469120116654,    0.99212954235114,    0.02449687011346,    0.99212954235114,
  147,     0.18417224030902,    0.03358519132296,    0.98930735472607,    0.03322607678568,    0.98930735472607,
  148,     0.18504560623540,    0.03838548629965,    0.98779014222338,    0.03791680497124,    0.98779014222338,
  149,     0.18592033173486,    0.04325421895053,    0.98623549991444,    0.04265884625009,    0.98623549991444,
  150,     0.18758231240292,    0.05264691534435,    0.98325820848364,    0.05176551166368,    0.98325820848364,
  151,     0.18924936238949,    0.06218581630966,    0.98024805240074,    0.06095752532449,    0.98024805240074,
  152,     0.19013084324513,    0.06725904522734,    0.97864996035576,    0.06582306194531,    0.97864996035576,
  153,     0.19101377507867,    0.07236431261523,    0.97702905876695,    0.07070203624278,    0.97702905876695,
  154,     0.19269153814435,    0.08214534569714,    0.97394092711424,    0.08000471414639,    0.97394092711424,
  155,     0.19437464707221,    0.09203986243900,    0.97083246135830,    0.08935528619474,    0.97083246135830,
  156,     0.19526470692777,    0.09729151979269,    0.96918470199768,    0.09429345261718,    0.96918470199768,
  157,     0.19615628994694,    0.10256972462197,    0.96751812301248,    0.09923806744415,    0.96751812301248,
  158,     0.19785064570473,    0.11267082388619,    0.96434687441923,    0.10865375685289,    0.96434687441923,
  159,     0.19955059845930,    0.12288133986564,    0.96115690623050,    0.11810824845872,    0.96115690623050,
  160,     0.20044964628056,    0.12829446535608,    0.95946558404355,    0.12309412413242,    0.95946558404355,
  161,     0.20135028812390,    0.13373069169225,    0.95775748577556,    0.12808157104619,    0.95775748577556,
  162,     0.20306200926840,    0.14412746469499,    0.95450926264179,    0.13757100005244,    0.95450926264179,
  163,     0.20477957982611,    0.15462832969102,    0.95124415619181,    0.14708929500028,    0.95124415619181,
  164,     0.20568802360347,    0.16018999041052,    0.94951373369726,    0.15210259589563,    0.94951373369726,
  165,     0.20659813096882,    0.16577293507915,    0.94776951283565,    0.15711453392130,    0.94776951283565,
  166,     0.20832798193321,    0.17644586503006,    0.94445630096743,    0.16664540900729,    0.94445630096743,
  167,     0.21006392448635,    0.18720978828052,    0.94112802473866,    0.17618837825619,    0.94112802473866,
  168,     0.21098215855300,    0.19290217615374,    0.93936394587079,    0.18120534935883,    0.93936394587079,
  169,     0.21190212361548,    0.19861268184866,    0.93758936348213,    0.18621713795396,    0.93758936348213,
  170,     0.21365084224601,    0.20952342844153,    0.93422101177843,    0.19574118930993,    0.93422101177843,
  171,     0.21540588791249,    0.22051254930810,    0.93083954750376,    0.20526180161685,    0.93083954750376,
  172,     0.21633429472381,    0.22631979487290,    0.92904760870466,    0.21026186422920,    0.92904760870466,
  173,     0.21726449676878,    0.23214508414123,    0.92724966346168,    0.21525645114424,    0.92724966346168,
  174,     0.21903279197689,    0.24327141881389,    0.92383839027812,    0.22474347595770,    0.92383839027812,
  175,     0.22080763947391,    0.25445901934317,    0.92041357877225,    0.23420753664452,    0.92041357877225,
  176,     0.22174658524310,    0.26036738038232,    0.91859766357726,    0.23917286729093,    0.91859766357726,
  177,     0.22268738939267,    0.26629374902292,    0.91678050409446,    0.24413291746643,    0.91678050409446,
  178,     0.22447595172596,    0.27760756543810,    0.91333188287270,    0.25354784044128,    0.91333188287270,
  179,     0.22627129159288,    0.28897069348908,    0.90986952908696,    0.26292562880484,    0.90986952908696,
  180,     0.22722113948455,    0.29497512005472,    0.90803383356365,    0.26784738906918,    0.90803383356365,
  181,     0.22817290728281,    0.30099990194812,    0.90620209060455,    0.27276674041715,    0.90620209060455,
  182,     0.22998241845990,    0.31249141118706,    0.90272238281659,    0.28209299131650,    0.90272238281659,
  183,     0.23179893260455,    0.32401634185474,    0.89922678718486,    0.29136417408142,    0.89922678718486,
  184,     0.23276004312777,    0.33011151070215,    0.89737348150682,    0.29623331564426,    0.89737348150682,
  185,     0.23372313633554,    0.33622851762193,    0.89552800063035,    0.30110205214088,    0.89552800063035,
  186,     0.23555428822858,    0.34788131249104,    0.89201789111609,    0.31031635472695,    0.89201789111609,
  187,     0.23739267572504,    0.35956367480213,    0.88849230016305,    0.31946955648002,    0.88849230016305,
  188,     0.23836541751176,    0.36575305567444,    0.88662545190008,    0.32428596827119,    0.88662545190008,
  189,     0.23934020478915,    0.37196474553846,    0.88476752509300,    0.32910232733191,    0.88476752509300,
  190,     0.24119370080982,    0.38377488650705,    0.88122850542025,    0.33819336965444,    0.88122850542025,
  191,     0.24305467319416,    0.39561312937683,    0.87767431465051,    0.34721948219255,    0.87767431465051,
  192,     0.24403942421577,    0.40189399446653,    0.87579556759414,    0.35197697899649,    0.87579556759414,
  193,     0.24502628705843,    0.40819515472734,    0.87392240465314,    0.35673089118708,    0.87392240465314,
  194,     0.24690286308634,    0.42015723170471,    0.87035376980645,    0.36568543052564,    0.87035376980645,
  195,     0.24878716410477,    0.43216502471017,    0.86677441490223,    0.37458958643437,    0.86677441490223,
  196,     0.24978431745235,    0.43854016972921,    0.86488659790129,    0.37928751544015,    0.86488659790129,
  197,     0.25078365141296,    0.44492995101858,    0.86299637645912,    0.38397293550717,    0.86299637645912,
  198,     0.25268406837212,    0.45704715677984,    0.85939829336133,    0.39278554652225,    0.85939829336133,
  199,     0.25459246953462,    0.46922983860310,    0.85579354678503,    0.40156386783551,    0.85579354678503,
  200,     0.25560243853108,    0.47569198496728,    0.85389486615353,    0.40619094383394,    0.85389486615353,
  201,     0.25661466262527,    0.48216413985434,    0.85198498609406,    0.41079660798886,    0.85198498609406,
  202,     0.25853972586937,    0.49445062470897,    0.84835988020369,    0.41947207274474,    0.84835988020369,
  203,     0.26047303711859,    0.50682304228985,    0.84473195234014,    0.42812961800447,    0.84473195234014,
  204,     0.26149625509836,    0.51336964548720,    0.84281929569728,    0.43267784304188,    0.84281929569728,
  205,     0.26252180721354,    0.51992308024080,    0.84089108528382,    0.43719868320779,    0.84089108528382,
  206,     0.26447235477031,    0.53239079758786,    0.83723979091313,    0.44573876005653,    0.83723979091313,
  207,     0.26643142961865,    0.54494401053627,    0.83358489074018,    0.45425709348239,    0.83358489074018,
  208,     0.26746835830864,    0.55157316354986,    0.83165282075088,    0.45871737731673,    0.83165282075088,
  209,     0.26850770428207,    0.55821502404520,    0.82971147284061,    0.46315740976230,    0.82971147284061,
  210,     0.27048461954842,    0.57088324494835,    0.82603698642805,    0.47157067525940,    0.82603698642805,
  211,     0.27247035501248,    0.58361062123296,    0.82235320929272,    0.47993406734824,    0.82235320929272,
  212,     0.27352147598647,    0.59033043349360,    0.82039951719115,    0.48430680262139,    0.82039951719115,
  213,     0.27457510032083,    0.59707105092031,    0.81844960238845,    0.48867256422338,    0.81844960238845,
  214,     0.27657931059647,    0.60993003096928,    0.81474790565830,    0.49693921533032,    0.81474790565830,
  215,     0.27859266227960,    0.62282268519869,    0.81103237017089,    0.50512935857289,    0.81103237017089,
  216,     0.27965848303694,    0.62965044638611,    0.80906272888838,    0.50942670839893,    0.80906272888838,
  217,     0.28072689389860,    0.63650441822239,    0.80710484884021,    0.51372580225551,    0.80710484884021,
  218,     0.28275937508080,    0.64954298774613,    0.80337350909087,    0.52182562937098,    0.80337350909087,
  219,     0.28480133968630,    0.66261269632050,    0.79962775979068,    0.52984350596763,    0.79962775979068,
  220,     0.28588238636375,    0.66955202927120,    0.79764961677660,    0.53406791956017,    0.79764961677660,
  221,     0.28696611581225,    0.67651186028562,    0.79567417759378,    0.53828301806520,    0.79567417759378,
  222,     0.28902790593106,    0.68971713810170,    0.79191135528064,    0.54619483359440,    0.79191135528064,
  223,     0.29109953018012,    0.70299709814264,    0.78814175822242,    0.55406136895540,    0.78814175822242,
  224,     0.29219635634498,    0.71004025251764,    0.78615772262169,    0.55820362788899,    0.78615772262169,
  225,     0.29329596475781,    0.71709273371544,    0.78415879901982,    0.56231457685614,    0.78415879901982,
  226,     0.29538814499937,    0.73048329753925,    0.78036880169022,    0.57004637555542,    0.78036880169022,
  227,     0.29749051515245,    0.74397424605917,    0.77657572010858,    0.57775233587564,    0.77657572010858,
  228,     0.29860371076769,    0.75110218153631,    0.77457430596380,    0.58178445097138,    0.77457430596380,
  229,     0.29971979634878,    0.75824198403276,    0.77255892317654,    0.58578661069159,    0.77255892317654,
  230,     0.30184349818823,    0.77185451992511,    0.76874827192186,    0.59336182836751,    0.76874827192186,
  231,     0.30397775836222,    0.78553370499035,    0.76492942750095,    0.60087784724097,    0.76492942750095,
  232,     0.30510794208128,    0.79275653499153,    0.76290323479022,    0.60479652494612,    0.76290323479022,
  233,     0.30624112555664,    0.80000259218491,    0.76088451914322,    0.60870958766795,    0.76088451914322,
  234,     0.30839752618226,    0.81382267409465,    0.75704831073052,    0.61610308065756,    0.75704831073052,
  235,     0.31056489956067,    0.82767003320345,    0.75319912129366,    0.62340034172993,    0.75319912129366,
  236,     0.31171271681867,    0.83501618192053,    0.75116127088732,    0.62723181642290,    0.75116127088732,
  237,     0.31286364366560,    0.84238750526815,    0.74913487308253,    0.63106185684537,    0.74913487308253,
  238,     0.31505399291569,    0.85638233713276,    0.74526930417047,    0.63823546849881,    0.74526930417047,
  239,     0.31725575331452,    0.87043701135092,    0.74139469506734,    0.64533738260584,    0.74139469506734,
  240,     0.31842187326270,    0.87789522099640,    0.73935631909211,    0.64907737914446,    0.73935631909211,
  241,     0.31959122439224,    0.88536588803785,    0.73730341459788,    0.65278329241879,    0.73730341459788,
  242,     0.32181685738943,    0.89954772371559,    0.73341325369663,    0.65974022290565,    0.73341325369663,
  243,     0.32405433047562,    0.91384051369437,    0.72952027692335,    0.66666518461409,    0.72952027692335,
  244,     0.32523947159313,    0.92138568332400,    0.72746534224994,    0.67027615146348,    0.72746534224994,
  245,     0.32642797534750,    0.92894433215321,    0.72539774098724,    0.67385412004684,    0.72539774098724,
  246,     0.32869026769901,    0.94336270469391,    0.72148783142581,    0.68062471205759,    0.72148783142581,
  247,     0.33096486025811,    0.95783352038158,    0.71756879777466,    0.68731144768848,    0.71756879777466,
  248,     0.33216978831803,    0.96548941632054,    0.71548819309785,    0.69079627793829,    0.71548819309785,
  249,     0.33337821069148,    0.97317304800392,    0.71342475758775,    0.69428574586313,    0.71342475758775,
  250,     0.33567860754579,    0.98780044040536,    0.70948978780963,    0.70083432486145,    0.70948978780963,
  251,     0.33799182265122,    1.00245955384815,    0.70554380837257,    0.70727913136149,    0.70554380837257,
  252,     0.33921731759025,    1.01024566843150,    0.70346469528708,    0.71067216130826,    0.70346469528708,
  253,     0.34044644616722,    1.01804852659701,    0.70137874042291,    0.71403759327401,    0.70137874042291,
  254,     0.34278650920006,    1.03284537754120,    0.69741882507950,    0.72032580969358,    0.69741882507950,
  255,     0.34513990378178,    1.04776047217984,    0.69345621645670,    0.72657601279072,    0.69345621645670,
  256,     0.34638680135139,    1.05563494199999,    0.69136822944000,    0.72983246078554,    0.69136822944000,
  257,     0.34763748517051,    1.06352320648230,    0.68926376827606,    0.73304801294903,    0.68926376827606,
  258,     0.35001882986744,    1.07856684656457,    0.68528757209613,    0.73912845562561,    0.68528757209613,
  259,     0.35241403657415,    1.09365820211715,    0.68130346220051,    0.74511311956640,    0.68130346220051,
  260,     0.35368323279309,    1.10164835170947,    0.67918760615476,    0.74822590682189,    0.67918760615476,
  261,     0.35495636888032,    1.10966475715360,    0.67709314250821,    0.75134639755174,    0.67709314250821,
  262,     0.35738067517244,    1.12491039329151,    0.67309425497616,    0.75717072308749,    0.67309425497616,
  263,     0.35981945156195,    1.14020360737868,    0.66908807545162,    0.76289663728399,    0.66908807545162,
  264,     0.36111184830434,    1.14831639520860,    0.66698381240804,    0.76590844712689,    0.66698381240804,
  265,     0.36240834966416,    1.15644313586283,    0.66485843527976,    0.76887097379978,    0.66485843527976,
  266,     0.36487744196294,    1.17186810383541,    0.66084428896147,    0.77442234383573,    0.66084428896147,
  267,     0.36736157524850,    1.18740715098477,    0.65682732416863,    0.77992146168003,    0.65682732416863,
  268,     0.36867815718532,    1.19560006020655,    0.65469878314361,    0.78275790454365,    0.65469878314361,
  269,     0.36999901636932,    1.20381266274107,    0.65258009427050,    0.78558418093559,    0.65258009427050,
  270,     0.37251473070228,    1.21948320001041,    0.64855099529016,    0.79089704310638,    0.64855099529016,
  271,     0.37504613597147,    1.23515715167451,    0.64451730512041,    0.79608015879746,    0.64451730512041,
  272,     0.37638790400054,    1.24348681177649,    0.64239181954305,    0.79880575559488,    0.64239181954305,
  273,     0.37773412408686,    1.25183203019419,    0.64026157730121,    0.80149995016831,    0.64026157730121,
  274,     0.38029841318463,    1.26762867023823,    0.63622441773160,    0.80649631262220,    0.63622441773160,
  275,     0.38287902826226,    1.28354547300955,    0.63218565596820,    0.81143903681956,    0.63218565596820,
  276,     0.38424702010770,    1.29192394931864,    0.63005360401249,    0.81398134037825,    0.63005360401249,
  277,     0.38561964639939,    1.30031853208871,    0.62792390380088,    0.81650108885377,    0.62792390380088,
  278,     0.38823448505694,    1.31634333585597,    0.62388565191079,    0.82124772022893,    0.62388565191079,
  279,     0.39086629832433,    1.33233521485004,    0.61985106047621,    0.82584939583460,    0.61985106047621,
  280,     0.39226155183220,    1.34082757020216,    0.61772680568926,    0.82826513192107,    0.61772680568926,
  281,     0.39366161926574,    1.34932722294997,    0.61559576340822,    0.83064012189937,    0.61559576340822,
  282,     0.39632896876556,    1.36538020885513,    0.61157253661851,    0.83502903777824,    0.61157253661851,
  283,     0.39901390660354,    1.38154353156784,    0.60755317944130,    0.83936116514061,    0.60755317944130,
  284,     0.40043745193947,    1.39004236770010,    0.60542547583314,    0.84156706189306,    0.60542547583314,
  285,     0.40186597794455,    1.39854430660203,    0.60332423885413,    0.84377567928444,    0.60332423885413,
  286,     0.40458772676309,    1.41476345759374,    0.59931092569029,    0.84788319740330,    0.59931092569029,
  287,     0.40732776737165,    1.43096640244660,    0.59530581033448,    0.85186261376990,    0.59530581033448,
  288,     0.40878061219775,    1.43953408804137,    0.59321719107550,    0.85395636816533,    0.59321719107550,
  289,     0.41023863527265,    1.44813246906655,    0.59108493692608,    0.85596928913882,    0.59108493692608,
  290,     0.41301689854879,    1.46442806628638,    0.58709935400128,    0.85976477169808,    0.58709935400128,
  291,     0.41581400065312,    1.48061488008798,    0.58314017649746,    0.86340602249928,    0.58314017649746,
  292,     0.41729721316108,    1.48920033998613,    0.58105175232364,    0.86530246710991,    0.58105175232364,
  293,     0.41878573925608,    1.49771647982561,    0.57898057045862,    0.86714874187471,    0.57898057045862,
  294,     0.42162186834579,    1.51341250477110,    0.57517609405703,    0.87047869319131,    0.57517609405703,
  295,     0.42447665869948,    1.52899557818357,    0.57140721778537,    0.87367910933601,    0.57140721778537,
  296,     0.42599028870864,    1.53734714935781,    0.56937895023677,    0.87533310605084,    0.56937895023677,
  297,     0.42750929408931,    1.54577209518966,    0.56736724120416,    0.87702044917813,    0.56736724120416,
  298,     0.43040374311004,    1.56186205361812,    0.56350515157758,    0.88011731326735,    0.56350515157758,
  299,     0.43331826826576,    1.57827757519847,    0.55957438621899,    0.88316370542488,    0.55957438621899,
  300,     0.43486407291299,    1.58701069637534,    0.55749982861905,    0.88475819124585,    0.55749982861905,
  301,     0.43641558635054,    1.59545077653604,    0.55545569814360,    0.88620222493458,    0.55545569814360,
  302,     0.43937045843500,    1.60795664040214,    0.55255427711887,    0.88848331907589,    0.55255427711887,
  303,     0.44233631421998,    1.61210103519651,    0.55143522203170,    0.88896929228113,    0.55143522203170,
  304,     0.44390172167096,    1.61212537720476,    0.55153049928539,    0.88913631420038,    0.55153049928539,
  305,     0.44546734217579,    1.61323474065350,    0.55136486795169,    0.88948095975550,    0.55136486795169,
  306,     0.44844173481017,    1.62397844887999,    0.54863472109177,    0.89097096336031,    0.54863472109177,
  307,     0.45143700070950,    1.64375621655842,    0.54406127441033,    0.89430410200067,    0.54406127441033,
  308,     0.45302748341655,    1.65449463812191,    0.54162924106126,    0.89612267518589,    0.54162924106126,
  309,     0.45462509245537,    1.66431811522194,    0.53924741659682,    0.89747924402872,    0.53924741659682,
  310,     0.45767122163515,    1.67994141933048,    0.53550119386354,    0.89961063567228,    0.53550119386354,
  311,     0.46073541388013,    1.69106095510802,    0.53295503282140,    0.90125944683258,    0.53295503282140,
  312,     0.46235665300529,    1.69510740671240,    0.53212165559277,    0.90200335966737,    0.53212165559277,
  313,     0.46398049537326,    1.69858160895235,    0.53126883231472,    0.90240346797937,    0.53126883231472,
  314,     0.46706667714718,    1.70656703511543,    0.52924899847500,    0.90319889416529,    0.52924899847500,
  315,     0.47016632017037,    1.71834847950038,    0.52669345760325,    0.90504290203533,    0.52669345760325,
  316,     0.47180785961373,    1.72499432586562,    0.52520591514262,    0.90597722353208,    0.52520591514262,
  317,     0.47345421072950,    1.73142921438280,    0.52361421574386,    0.90660095020506,    0.52361421574386,
  318,     0.47658872794890,    1.74373312469596,    0.52065887522929,    0.90789012740425,    0.52065887522929,
  319,     0.47974125707939,    1.75777149425940,    0.51760491354293,    0.90983116231436,    0.51760491354293,
  320,     0.48141203555485,    1.76533685997742,    0.51592466292551,    0.91078082443382,    0.51592466292551,
  321,     0.48308845462184,    1.77244607928651,    0.51410616366811,    0.91122545413058,    0.51410616366811,
  322,     0.48628005699224,    1.78289234970019,    0.51173420783661,    0.91236700423178,    0.51173420783661,
  323,     0.48948188376015,    1.78733489519861,    0.51080856809890,    0.91298597852960,    0.51080856809890,
  324,     0.49117209404134,    1.78781942272845,    0.51077732135270,    0.91317761580357,    0.51077732135270,
  325,     0.49286289552880,    1.78851644875843,    0.51048350787651,    0.91300815065705,    0.51048350787651,
  326,     0.49607243604983,    1.79351990689724,    0.50925384526823,    0.91335690915255,    0.50925384526823,
  327,     0.49929086763638,    1.80059964123987,    0.50784589132496,    0.91442712972487,    0.50784589132496,
  328,     0.50099176397937,    1.80256298158832,    0.50740553486930,    0.91463043380842,    0.50740553486930,
  329,     0.50269386821474,    1.80297366605796,    0.50712452356272,    0.91433216139578,    0.50712452356272,
  330,     0.50592082290983,    1.80217076795665,    0.50731809623996,    0.91427384309907,    0.50731809623996,
  331,     0.50914614914639,    1.80272750747462,    0.50742786120704,    0.91475416345695,    0.50742786120704,
  332,     0.51084814784547,    1.80340089184404,    0.50712417818755,    0.91454819521911,    0.50712417818755,
  333,     0.51255108756250,    1.80399033252606,    0.50681901177917,    0.91429659759004,    0.50681901177917,
  334,     0.51578059716194,    1.80455796580604,    0.50683753924378,    0.91461771881190,    0.50683753924378,
  335,     0.51900913048341,    1.80469218079847,    0.50693954628706,    0.91486983532178,    0.50693954628706,
  336,     0.52071261100277,    1.80480680126145,    0.50671791076352,    0.91452793166699,    0.50671791076352,
  337,     0.52241673840885,    1.80521998582525,    0.50651977132557,    0.91437961441256,    0.50651977132557,
  338,     0.52564816144713,    1.80644133583467,    0.50649613875241,    0.91495556148300,    0.50649613875241,
  339,     0.52887919422602,    1.80626814238291,    0.50652766724909,    0.91492478858756,    0.50652766724909,
  340,     0.53058393690059,    1.80623279317967,    0.50639526145180,    0.91466772754504,    0.50639526145180,
  341,     0.53228934841771,    1.80691401511168,    0.50609880229968,    0.91447701890653,    0.50609880229968,
  342,     0.53552359929795,    1.80869123052707,    0.50605987095294,    0.91530605071424,    0.50605987095294,
  343,     0.53875711807108,    1.80707268927686,    0.50619692716741,    0.91473464248009,    0.50619692716741,
  344,     0.54046285534069,    1.80732702083025,    0.50616982685016,    0.91481440519527,    0.50616982685016,
  345,     0.54216923678817,    1.80856169576921,    0.50576903560322,    0.91471450469811,    0.50576903560322,
  346,     0.54540490826712,    1.80937645187305,    0.50599343886964,    0.91553261309299,    0.50599343886964,
  347,     0.54863849117697,    1.80718689305882,    0.50609600756111,    0.91461007149384,    0.50609600756111,
  348,     0.55034533465893,    1.80850523808595,    0.50556425964402,    0.91431561175525,    0.50556425964402,
  349,     0.55205301009633,    1.81018215227923,    0.50554773141787,    0.91513348053787,    0.50554773141787,
  350,     0.55528907293326,    1.80912613621477,    0.50600076576809,    0.91541921029574,    0.50600076576809,
  351,     0.55852325640141,    1.80881372171316,    0.50582215655655,    0.91493805752603,    0.50582215655655,
  352,     0.56023154635420,    1.80959652413675,    0.50486745210037,    0.91360638647062,    0.50486745210037,
  353,     0.56193998377868,    1.80988497939242,    0.50571886867850,    0.91529298421655,    0.50571886867850,
  354,     0.56517446684145,    1.80887318499479,    0.50605720705284,    0.91539331191124,    0.50605720705284,
  355,     0.56840997217870,    1.81006290773392,    0.50554573759926,    0.91506958779140,    0.50554573759926,
  356,     0.57011831275813,    1.80955083747732,    0.50516478020333,    0.91412135108098,    0.50516478020333,
  357,     0.57182627056305,    1.80877283256653,    0.50580427168011,    0.91488502521108,    0.50580427168011,
  358,     0.57506072944619,    1.80930702713507,    0.50601271023402,    0.91553235244607,    0.50601271023402,
  359,     0.57829612394479,    1.80870963455716,    0.50570194715353,    0.91466798403090,    0.50570194715353,
  360,     0.58000343411655,    1.80859703271311,    0.50567574370754,    0.91456364958445,    0.50567574370754,
  361,     0.58171044540740,    1.80869294378072,    0.50591752093617,    0.91504945025229,    0.50591752093617,
  362,     0.58494405775314,    1.80777513589916,    0.50627676739101,    0.91523455197287,    0.50627676739101,
  363,     0.58817727793725,    1.80822536340280,    0.50595025690167,    0.91487208714977,    0.50595025690167,
  364,     0.58988466253885,    1.80814466669570,    0.50534696428755,    0.91374041830739,    0.50534696428755,
  365,     0.59159130599291,    1.80763004009198,    0.50627093133928,    0.91515054391422,    0.50627093133928,
  366,     0.59482269262194,    1.80639854297875,    0.50645932901395,    0.91486739400880,    0.50645932901395,
  367,     0.59805545204682,    1.80769435251686,    0.50612901681411,    0.91492656533977,    0.50612901681411,
  368,     0.59976106080080,    1.80762033906114,    0.50616848895806,    0.91496045563244,    0.50616848895806,
  369,     0.60146578933885,    1.80450170082708,    0.50675999397336,    0.91444927103605,    0.50675999397336,
  370,     0.60469515276813,    1.80562878269630,    0.50664266227772,    0.91480857355054,    0.50664266227772,
  371,     0.60792624447992,    1.80572988718306,    0.50664246311503,    0.91485943776284,    0.50664246311503,
  372,     0.60962906732097,    1.80368887105380,    0.50693398938173,    0.91435119500673,    0.50693398938173,
  373,     0.61133339778511,    1.80423179749238,    0.50679178728165,    0.91436985732156,    0.50679178728165,
  374,     0.61456141967108,    1.80354892505661,    0.50710228789562,    0.91458378622790,    0.50710228789562,
  375,     0.61778966686189,    1.80580429898407,    0.50674289093437,    0.91507849092890,    0.50674289093437,
  376,     0.61949408110279,    1.79953033438342,    0.50712210399706,    0.91258160937905,    0.50712210399706,
  377,     0.62119489860350,    1.80299121490688,    0.50738127037977,    0.91480397310302,    0.50738127037977,
  378,     0.62442178700500,    1.80336421426760,    0.50710660714741,    0.91449790814830,    0.50710660714741,
  379,     0.62764908999848,    1.80169434572817,    0.50711548103546,    0.91366709481281,    0.50711548103546,
  380,     0.62935179924818,    1.81015577073386,    0.50740919372433,    0.91848968014351,    0.50740919372433,
  381,     0.63105202094919,    1.79955694171003,    0.50767787513026,    0.91359524434326,    0.50767787513026,
  382,     0.63427784080617,    1.80212469524118,    0.50709848196264,    0.91385469726418,    0.50709848196264,
  383,     0.63750382733674,    1.80327707718445,    0.50797408510471,    0.91601802347306,    0.50797408510471,
  384,     0.63920084250207,    1.79649293227961,    0.50780049982677,    0.91226000894684,    0.50780049982677,
  385,     0.64090555887052,    1.80173436247980,    0.50700145719882,    0.91348194726244,    0.50700145719882,
  386,     0.64412932098038,    1.80087626708020,    0.50805982377975,    0.91495287890190,    0.50805982377975,
  387,     0.64735300833810,    1.80311647807647,    0.50686036537121,    0.91392827688469,    0.50686036537121,
  388,     0.64905926576790,    1.79680122378582,    0.50803246616841,    0.91283335693433,    0.50803246616841,
  389,     0.65075391801504,    1.80064470071225,    0.50821424026398,    0.91511327855784,    0.50821424026398,
  390,     0.65397979394951,    1.80178772900361,    0.50718900834575,    0.91384693152287,    0.50718900834575,
  391,     0.65720320652969,    1.79811328676556,    0.50826223914885,    0.91391308537477,    0.50826223914885,
  392,     0.65890172302362,    1.81292274584507,    0.50747837579520,    0.92001909050363,    0.50747837579520,
  393,     0.66060399608708,    1.79709949106112,    0.50751553189929,    0.91205590408183,    0.50751553189929,
  394,     0.66382715951127,    1.80109245799929,    0.50786389292565,    0.91470982723855,    0.50786389292565,
  395,     0.66704999127112,    1.80130404635244,    0.50782099127094,    0.91474000639905,    0.50782099127094,
  396,     0.66874983439425,    1.79598099227947,    0.50793476827905,    0.91224118914705,    0.50793476827905,
  397,     0.67045033352774,    1.80028680144125,    0.50766508906039,    0.91394275938791,    0.50766508906039,
  398,     0.67367350919676,    1.80066039867622,    0.50792490910813,    0.91460026933222,    0.50792490910813,
  399,     0.67689544461598,    1.80044020323671,    0.50784584566767,    0.91434607758681,    0.50784584566767,
  400,     0.67859636567441,    1.79948037300641,    0.50747682628193,    0.91319458864993,    0.50747682628193,
  401,     0.67971858017636,    1.79942538294762,    0.50776796147279,    0.91369055852171,    0.50776796147279,
  402,     0.68027863334199,    1.80009569092229,    0.50778617709207,    0.91406370929334,    0.50778617709207,
  403,     0.68082363622775,    1.80106780536276,    0.50774036671101,    0.91447482796628,    0.50774036671101,
  404,     0.68122233265011,    1.80059685154510,    0.50773625159599,    0.91422829603905,    0.50773625159599,
  405,     0.68156235059046,    1.80101936598014,    0.50789624208408,    0.91473096790196,    0.50789624208408,
  406,     0.68220676458370,    1.80072027329337,    0.50794663038504,    0.91466979508539,    0.50794663038504,
  407,     0.68285130511608,    1.80041191205877,    0.50768771361182,    0.91404700719261,    0.50768771361182,
  408,     0.68319150988944,    1.79969704721604,    0.50765100146506,    0.91361800835293,    0.50765100146506,
  409,     0.68353152356905,    1.79978877098746,    0.50780118834076,    0.91393487666980,    0.50780118834076,
  410,     0.68417614215999,    1.79997308709258,    0.50780272538045,    0.91403123923707,    0.50780272538045,
  411,     0.68482062847194,    1.80065138702573,    0.50800296453847,    0.91473624270937,    0.50800296453847,
  412,     0.68516047903729,    1.80053474418362,    0.50789523775494,    0.91448302198316,    0.50789523775494,
  413,     0.68550052702834,    1.80082508526984,    0.50794473747305,    0.91471962517226,    0.50794473747305,
  414,     0.68614471065889,    1.80070051061641,    0.50824002775124,    0.91518807748735,    0.50824002775124,
  415,     0.68678876756546,    1.80058693017867,    0.50815454997731,    0.91497644119997,    0.50815454997731,
  416,     0.68712862693146,    1.80059995820053,    0.50811053636797,    0.91490381054542,    0.50811053636797,
  417,     0.68746850162174,    1.80036554570777,    0.50787416789206,    0.91435915342787,    0.50787416789206,
  418,     0.68811331014161,    1.79938682629215,    0.50744367818127,    0.91308746960461,    0.50744367818127,
  419,     0.68875851387941,    1.79885904722527,    0.50722325320105,    0.91242313798375,    0.50722325320105,
  420,     0.68909897250402,    1.79841873339155,    0.50731661750030,    0.91236770867338,    0.50731661750030,
  421,     0.68943923102900,    1.79884947562485,    0.50748057481041,    0.91288116588750,    0.50748057481041,
  422,     0.69008409109696,    1.79921622201325,    0.50774170642941,    0.91353711480048,    0.50774170642941,
  423,     0.69072859828008,    1.79977954006444,    0.50794809671567,    0.91419459188354,    0.50794809671567,
  424,     0.69106856069665,    1.79999060389564,    0.50796597106149,    0.91433397500941,    0.50796597106149,
  425,     0.69140841725183,    1.80008255156280,    0.50808488181833,    0.91459473047403,    0.50808488181833,
  426,     0.69205259191738,    1.80056743787255,    0.50819499015204,    0.91503935135772,    0.50819499015204,
  427,     0.69269660973002,    1.80085119546525,    0.50830847022061,    0.91538791626190,    0.50830847022061,
  428,     0.69303630432299,    1.80198925981084,    0.50809233547279,    0.91557693151417,    0.50809233547279,
  429,     0.69337629530019,    1.80107368057869,    0.50787089795505,    0.91471290743870,    0.50787089795505,
  430,     0.69402088191081,    1.80099223750903,    0.50773829047174,    0.91443271982571,    0.50773829047174,
  431,     0.69466558376416,    1.80038797144211,    0.50775719313864,    0.91415994294002,    0.50775719313864,
  432,     0.69500559443270,    1.80068366262199,    0.50780787386231,    0.91440134221467,    0.50780787386231,
  433,     0.69534563544160,    1.80043154336507,    0.50791597026907,    0.91446793425131,    0.50791597026907,
  434,     0.69598999906488,    1.80030035289998,    0.50799029408882,    0.91453510571787,    0.50799029408882,
  435,     0.69663439337289,    1.79974727471173,    0.50795819303610,    0.91419637358421,    0.50795819303610,
  436,     0.69697429644924,    1.79855022557705,    0.50785878924835,    0.91340953996392,    0.50785878924835,
  437,     0.69731441431298,    1.79890551667366,    0.50774173092709,    0.91337940081018,    0.50774173092709,
  438,     0.69795895628805,    1.79856398253812,    0.50792882835666,    0.91354249637508,    0.50792882835666,
  439,     0.69860338045066,    1.79875680384114,    0.50788603363903,    0.91356345858410,    0.50788603363903,
  440,     0.69894342288509,    1.79761812674630,    0.50781435470852,    0.91285628904601,    0.50781435470852,
  441,     0.69928350102107,    1.79967582097510,    0.50759149804935,    0.91350014597194,    0.50759149804935,
  442,     0.69992850238061,    1.80048334458376,    0.50746102741799,    0.91367512789146,    0.50746102741799,
  443,     0.70057344188503,    1.80084520515694,    0.50760471122037,    0.91411751031629,    0.50760471122037,
  444,     0.70091360374634,    1.79964289938938,    0.50781866381249,    0.91389225250755,    0.50781866381249,
  445,     0.70125353253450,    1.80033963103701,    0.50795004199011,    0.91448259118171,    0.50795004199011,
  446,     0.70189784141421,    1.80072679226226,    0.50814395842686,    0.91502844026545,    0.50814395842686,
  447,     0.70254187719021,    1.80065910202643,    0.50828746985670,    0.91525245904346,    0.50828746985670,
  448,     0.70288162606865,    1.79970416340032,    0.50824875200349,    0.91469739502369,    0.50824875200349,
  449,     0.70322137397124,    1.79959251853038,    0.50817345714119,    0.91450515158700,    0.50817345714119,
  450,     0.70386547588853,    1.79953563035221,    0.50825046692614,    0.91461482437674,    0.50825046692614,
  451,     0.70450949104354,    1.80010357282759,    0.50817635777410,    0.91477007725567,    0.50817635777410,
  452,     0.70484938758285,    1.80134402972959,    0.50798569227968,    0.91505699397605,    0.50798569227968,
  453,     0.70518933431082,    1.80029414152838,    0.50775778721211,    0.91411336963337,    0.50775778721211,
  454,     0.70583419451417,    1.80087566619452,    0.50752082209589,    0.91398189859953,    0.50752082209589,
  455,     0.70647910380314,    1.80067926681889,    0.50760376710430,    0.91403157918388,    0.50760376710430,
  456,     0.70681926740488,    1.79843481472465,    0.50770620074380,    0.91307650706924,    0.50770620074380,
  457,     0.70715941349965,    1.79882220337528,    0.50754176578457,    0.91297739743357,    0.50754176578457,
  458,     0.70780435354276,    1.79781289677775,    0.50759484494253,    0.91256055857559,    0.50759484494253,
  459,     0.70844908719636,    1.79871998881175,    0.50775019591724,    0.91330042671943,    0.50775019591724,
  460,     0.70878918832144,    1.79959748468629,    0.50788134729810,    0.91398199511675,    0.50788134729810,
  461,     0.70912909060141,    1.79950044782821,    0.50791842415928,    0.91399943173483,    0.50791842415928,
  462,     0.70977360167524,    1.80109172061322,    0.50787369488862,    0.91472710698114,    0.50787369488862,
  463,     0.71041803752836,    1.80204895238806,    0.50797528192984,    0.91539632464070,    0.50797528192984,
  464,     0.71075796127702,    1.80296088777242,    0.50805048186103,    0.91599514780937,    0.50805048186103,
  465,     0.71109783786638,    1.80094922387942,    0.50797119455548,    0.91483032858779,    0.50797119455548,
  466,     0.71174230874676,    1.79997708557003,    0.50786346460413,    0.91414259888564,    0.50786346460413,
  467,     0.71238682748244,    1.79963892153204,    0.50786248855456,    0.91396910118891,    0.50786248855456,
  468,     0.71272683352952,    1.80055363395576,    0.50787034001978,    0.91444778630097,    0.50787034001978,
  469,     0.71306682864912,    1.79953987312918,    0.50785451513394,    0.91390444973222,    0.50785451513394,
  470,     0.71371130394212,    1.80066419387958,    0.50796321027446,    0.91467116454934,    0.50796321027446,
  471,     0.71435562074742,    1.80156683221953,    0.50804732057012,    0.91528120193713,    0.50804732057012,
  472,     0.71469551714097,    1.80131198491434,    0.50809910538973,    0.91524500806278,    0.50809910538973,
  473,     0.71503535776247,    1.80110390918213,    0.50800556136967,    0.91497080246917,    0.50800556136967,
  474,     0.71567975442890,    1.80088994955364,    0.50795206567225,    0.91476576992417,    0.50795206567225,
  475,     0.71632421977875,    1.79949637763374,    0.50777527567749,    0.91373976923362,    0.50777527567749,
  476,     0.71666439294277,    1.79955582062693,    0.50749452742752,    0.91326473076850,    0.50749452742752,
  477,     0.71700466862233,    1.79764489103418,    0.50733276165306,    0.91200414703988,    0.50733276165306,
  478,     0.71764993173339,    1.79802847968146,    0.50730951669976,    0.91215695903961,    0.50730951669976,
  479,     0.71829495237504,    1.79925037141854,    0.50766043837766,    0.91340823230550,    0.50766043837766,
  480,     0.71863501119151,    1.79860135375896,    0.50780258483916,    0.91333441653401,    0.50780258483916,
  481,     0.71897509950485,    1.79938732347139,    0.50776301248714,    0.91366232799701,    0.50776301248714,
  482,     0.71961957285761,    1.80065548515874,    0.50805499975606,    0.91483202207307,    0.50805499975606,
  483,     0.72026368119537,    1.80095052209186,    0.50826966930980,    0.91536852630694,    0.50826966930980,
  484,     0.72060341885490,    1.80050333236550,    0.50832477275507,    0.91524044726944,    0.50832477275507,
  485,     0.72094305556963,    1.79999279093578,    0.50837790434977,    0.91507656290063,    0.50837790434977,
  486,     0.72158698340464,    1.80104206260448,    0.50826409808380,    0.91540501956065,    0.50826409808380,
  487,     0.72223116737022,    1.80173079617526,    0.50792995652975,    0.91515304497961,    0.50792995652975,
  488,     0.72257123208666,    1.80028491448123,    0.50777443117140,    0.91413864839716,    0.50777443117140,
  489,     0.72291133138990,    1.80010048747602,    0.50754696112410,    0.91363553213647,    0.50754696112410,
  490,     0.72355620631363,    1.80043639222697,    0.50774726465187,    0.91416665333293,    0.50774726465187,
  491,     0.72420066276122,    1.80038719294708,    0.50794444779859,    0.91449667854517,    0.50794444779859,
  492,     0.72454072097660,    1.80038212960684,    0.50795911405486,    0.91452051151529,    0.50795911405486,
  493,     0.72488049681828,    1.79889030933499,    0.50803235002139,    0.91389447128215,    0.50803235002139,
  494,     0.72552497162762,    1.79901384600209,    0.50784477253240,    0.91361977740557,    0.50784477253240,
  495,     0.72616947811325,    1.79799753062113,    0.50789568508553,    0.91319518759691,    0.50789568508553,
  496,     0.72650946721334,    1.79751214695762,    0.50779944193146,    0.91277566509010,    0.50779944193146,
  497,     0.72684953794634,    1.79672468285003,    0.50775681242100,    0.91229919776206,    0.50775681242100,
  498,     0.72749419314343,    1.79904761884133,    0.50774828498411,    0.91346334307144,    0.50774828498411,
  499,     0.72813888773968,    1.80088958996833,    0.50768635481688,    0.91428707135869,    0.50768635481688,
  500,     0.72847902760161,    1.80089123149338,    0.50758992492854,    0.91411424499820,    0.50758992492854,
  501,     0.72881921343653,    1.80061932243240,    0.50762847486705,    0.91404564046250,    0.50762847486705,
  502,     0.72946382150159,    1.80154715837788,    0.50797610254130,    0.91514290405714,    0.50797610254130,
  503,     0.73010801851547,    1.80155272134375,    0.50819156287149,    0.91553389305507,    0.50819156287149,
  504,     0.73044782377119,    1.80015970717051,    0.50813419300528,    0.91472270008371,    0.50813419300528,
  505,     0.73078760442861,    1.79976628694656,    0.50818144985527,    0.91460784110115,    0.50818144985527,
  506,     0.73143177305450,    1.80007087787592,    0.50809425817248,    0.91460567735225,    0.50809425817248,
  507,     0.73207600256773,    1.80005130241258,    0.50812802703710,    0.91465651686047,    0.50812802703710,
  508,     0.73241578035154,    1.79946286741620,    0.50802988345813,    0.91418091082068,    0.50802988345813,
  509,     0.73275572223405,    1.79913621020535,    0.50807130436653,    0.91408948105210,    0.50807130436653,
  510,     0.73339994245665,    1.80059284686009,    0.50803026082791,    0.91475565363519,    0.50803026082791,
  511,     0.73404443805332,    1.80157769985532,    0.50774287042560,    0.91473823261928,    0.50774287042560,
  512,     0.73438453849420,    1.80075422216366,    0.50766589340374,    0.91418150099528,    0.50766589340374,
  513,     0.73472466894912,    1.80033726799262,    0.50768919371609,    0.91401177600420,    0.50768919371609,
  514,     0.73536945637628,    1.79907222971685,    0.50758458918350,    0.91318133863228,    0.50758458918350,
  515,     0.73601440158277,    1.79853151621357,    0.50750455648005,    0.91276293945136,    0.50750455648005,
  516,     0.73635461642852,    1.79723068324003,    0.50745551206081,    0.91201461665498,    0.50745551206081,
  517,     0.73669488665995,    1.79769349762086,    0.50758895402175,    0.91248936210908,    0.50758895402175,
  518,     0.73733956365295,    1.79908607117146,    0.50783071619019,    0.91363116801081,    0.50783071619019,
  519,     0.73798411916785,    1.80000439125604,    0.50780159264849,    0.91404509665409,    0.50780159264849,
  520,     0.73832418527636,    1.79972096143485,    0.50783658115078,    0.91396414008047,    0.50783658115078,
  521,     0.73866404273266,    1.80071979015690,    0.50816974874662,    0.91507132332709,    0.50816974874662,
  522,     0.73930811052722,    1.80173506432208,    0.50819596985425,    0.91563449843357,    0.50819596985425,
  523,     0.73995236104804,    1.80187126302278,    0.50792181998962,    0.91520973130153,    0.50792181998962,
  524,     0.74029238268035,    1.80142011449304,    0.50790682217890,    0.91495356576131,    0.50790682217890,
  525,     0.74063223559862,    1.80100008122022,    0.50808242626588,    0.91505649097141,    0.50808242626588,
  526,     0.74127651206682,    1.80071412315699,    0.50800812526309,    0.91477740583975,    0.50800812526309,
  527,     0.74192093352607,    1.79945248964231,    0.50786242309464,    0.91387430163343,    0.50786242309464,
  528,     0.74226096280511,    1.80087831010100,    0.50774986385389,    0.91439571677121,    0.50774986385389,
  529,     0.74260090782659,    1.79988882474932,    0.50809844305176,    0.91452070952140,    0.50809844305176,
  530,     0.74324509990703,    1.80030222172518,    0.50802151344785,    0.91459225934434,    0.50802151344785,
  531,     0.74388965664172,    1.79907546490248,    0.50767289291572,    0.91334184584073,    0.50767289291572,
  532,     0.74422979317778,    1.79935258449160,    0.50762740555891,    0.91340068415119,    0.50762740555891,
  533,     0.74456999353740,    1.79889946736991,    0.50754234101983,    0.91301764692824,    0.50754234101983,
  534,     0.74521501832333,    1.79885024405810,    0.50738060565595,    0.91270172631455,    0.50738060565595,
  535,     0.74586019954534,    1.79827482725846,    0.50734992668698,    0.91235460177262,    0.50734992668698,
  536,     0.74620050230910,    1.79794684199643,    0.50744309858216,    0.91235571658868,    0.50744309858216,
  537,     0.74654069080017,    1.79931957737050,    0.50773625854744,    0.91357979014525,    0.50773625854744,
  538,     0.74718517631810,    1.80054086537862,    0.50798183992679,    0.91464206165841,    0.50798183992679,
  539,     0.74782946198571,    1.80081874930774,    0.50814035294868,    0.91506867486984,    0.50814035294868,
  540,     0.74816920822790,    1.80180396863550,    0.50835399663883,    0.91595424861555,    0.50835399663883,
  541,     0.74850886993703,    1.80201226975838,    0.50837765927442,    0.91610277968356,    0.50837765927442,
  542,     0.74915281285815,    1.80182096144199,    0.50822578522127,    0.91573187295700,    0.50822578522127,
  543,     0.74979698709192,    1.80018540705249,    0.50807092501027,    0.91462186495114,    0.50807092501027,
  544,     0.75013684224787,    1.80002826573146,    0.50799887198531,    0.91441232853325,    0.50799887198531,
  545,     0.75047683175878,    1.79944197080653,    0.50783923508102,    0.91382723402708,    0.50783923508102,
  546,     0.75112155923568,    1.79986456899421,    0.50755992982945,    0.91353913434121,    0.50755992982945,
  547,     0.75176647052720,    1.80004164441597,    0.50767471990445,    0.91383563764522,    0.50767471990445,
  548,     0.75210645843756,    1.79990719383946,    0.50790848827242,    0.91418814185366,    0.50790848827242,
  549,     0.75244649621611,    1.80021604610881,    0.50791720262475,    0.91436069825977,    0.50791720262475,
  550,     0.75309082113208,    1.80072933627879,    0.50805871973662,    0.91487624118198,    0.50805871973662,
  551,     0.75373510847826,    1.80042181054027,    0.50802779106426,    0.91466431539270,    0.50802779106426,
  552,     0.75407499477763,    1.79851881913906,    0.50803626896989,    0.91371279054754,    0.50803626896989,
  553,     0.75441494425464,    1.79893242976843,    0.50785866402530,    0.91360342045399,    0.50785866402530,
  554,     0.75505959793881,    1.79705822390934,    0.50768264210696,    0.91233526713434,    0.50768264210696,
  555,     0.75570437039485,    1.79660543228987,    0.50766670691249,    0.91207676343169,    0.50766670691249,
  556,     0.75604448781408,    1.79677835114176,    0.50775505980479,    0.91232329913994,    0.50775505980479,
  557,     0.75638458297484,    1.79828398541916,    0.50764227565409,    0.91288497463049,    0.50764227565409,
  558,     0.75702952614311,    1.80068794468333,    0.50746106563353,    0.91377902328245,    0.50746106563353,
  559,     0.75767443679500,    1.80224399760974,    0.50775911663238,    0.91510582018232,    0.50775911663238,
  560,     0.75801435913065,    1.80245633711636,    0.50825863776222,    0.91611400252864,    0.50825863776222,
  561,     0.75835402503689,    1.80258378730302,    0.50843400434517,    0.91649489314615,    0.50843400434517,
  562,     0.75899773366942,    1.80215255176373,    0.50853387345660,    0.91645561770811,    0.50853387345660,
  563,     0.75964141584758,    1.80180552115569,    0.50850245673435,    0.91622253406519,    0.50850245673435,
  564,     0.75998099395267,    1.80060794889232,    0.50858887435058,    0.91576916987385,    0.50858887435058,
  565,     0.76032057600265,    1.79934432168215,    0.50830824841538,    0.91462156045041,    0.50830824841538,
  566,     0.76096482089995,    1.79808798172522,    0.50790593593330,    0.91325955924856,    0.50790593593330,
  567,     0.76160940379617,    1.79853824149003,    0.50773833295119,    0.91318680848311,    0.50773833295119,
  568,     0.76194950928460,    1.79910714035512,    0.50761856667837,    0.91326018788789,    0.50761856667837,
  569,     0.76228978691345,    1.79860380692684,    0.50734358558083,    0.91251010444559,    0.50734358558083,
  570,     0.76293510523541,    1.79869498824632,    0.50718030005260,    0.91226266384188,    0.50718030005260,
  571,     0.76358040970857,    1.79954801222778,    0.50736658337134,    0.91303052657669,    0.50736658337134,
  572,     0.76392066646847,    1.79932568742673,    0.50768067737647,    0.91348288381368,    0.50768067737647,
  573,     0.76426077149919,    1.79908365502611,    0.50769569574493,    0.91338702794181,    0.50769569574493,
  574,     0.76490534488747,    1.79984282267865,    0.50799199990935,    0.91430575501502,    0.50799199990935,
  575,     0.76554950272798,    1.80084849853528,    0.50823545967959,    0.91525506446639,    0.50823545967959,
  576,     0.76588928141425,    1.80140525785450,    0.50813865364810,    0.91536364240079,    0.50813865364810,
  577,     0.76622907722761,    1.80064423249798,    0.50815517310694,    0.91500668166902,    0.50815517310694,
  578,     0.76687329723650,    1.80130668659027,    0.50803161127821,    0.91512073839468,    0.50803161127821,
  579,     0.76751766429646,    1.80099592232009,    0.50795797233138,    0.91483023687880,    0.50795797233138,
  580,     0.76785758769710,    1.80125637498240,    0.50779534849885,    0.91466960866997,    0.50779534849885,
  581,     0.76819777238520,    1.79962714077242,    0.50760065905742,    0.91349192271370,    0.50760065905742,
  582,     0.76884253472861,    1.79969962145157,    0.50776676660969,    0.91382765765315,    0.50776676660969,
  583,     0.76948699185621,    1.80099672620267,    0.50807675542802,    0.91504457318553,    0.50807675542802,
  584,     0.76982677918391,    1.80072031381960,    0.50815288154967,    0.91504121633247,    0.50815288154967,
  585,     0.77016659852648,    1.80165822327876,    0.50822441748595,    0.91564670103461,    0.50822441748595,
  586,     0.77081058215684,    1.80143210733744,    0.50827652541040,    0.91562565228020,    0.50827652541040,
  587,     0.77145473363843,    1.80067514722880,    0.50797849653979,    0.91470425404584,    0.50797849653979,
  588,     0.77179473956470,    1.79949427539231,    0.50775024057525,    0.91369365124422,    0.50775024057525,
  589,     0.77213485392454,    1.79895717079152,    0.50761109629087,    0.91317062164581,    0.50761109629087,
  590,     0.77277983752012,    1.79719527703112,    0.50739591690888,    0.91188954545352,    0.50739591690888,
  591,     0.77342507494953,    1.79682281541002,    0.50718452533108,    0.91132072673779,    0.50718452533108,
  592,     0.77376558169679,    1.79675173327347,    0.50699484132577,    0.91094385991279,    0.50699484132577,
  593,     0.77410613795187,    1.79797203586783,    0.50711178251439,    0.91177280401997,    0.50711178251439,
  594,     0.77475132825602,    1.79941221456971,    0.50758883335616,    0.91336154672026,    0.50758883335616,
  595,     0.77539583455092,    1.80106299547203,    0.50815127142676,    0.91521245106880,    0.50815127142676,
  596,     0.77573555285308,    1.80212419275515,    0.50833795079943,    0.91608811923124,    0.50833795079943,
  597,     0.77607516024948,    1.80314346118025,    0.50858797779545,    0.91705708659675,    0.50858797779545,
  598,     0.77671865955974,    1.80276535363461,    0.50865365879672,    0.91698319307821,    0.50865365879672,
  599,     0.77736233335287,    1.80109618319608,    0.50838543716245,    0.91565107046576,    0.50838543716245,
  600,     0.77770202928254,    1.79993241180635,    0.50835071563892,    0.91499692964344,    0.50835071563892,
  601,     0.77804168330273,    1.80051387186073,    0.50829596600848,    0.91519393780911,    0.50829596600848,
  602,     0.77868594113446,    1.79895618177936,    0.50782168119717,    0.91354895263124,    0.50782168119717,
  603,     0.77933078278401,    1.79871351513465,    0.50744620093565,    0.91275033982669,    0.50744620093565,
  604,     0.77967107643164,    1.79929560873154,    0.50748196722242,    0.91311007513374,    0.50748196722242,
  605,     0.78001130929295,    1.79997967932568,    0.50749802669807,    0.91348613535440,    0.50749802669807,
  606,     0.78065631606672,    1.79935534267064,    0.50746755295770,    0.91311445264643,    0.50746755295770,
  607,     0.78130132045972,    1.79805913766833,    0.50750619383207,    0.91252614924303,    0.50750619383207,
  608,     0.78164154140935,    1.79795820231639,    0.50733547907122,    0.91216798592222,    0.50733547907122,
  609,     0.78198214100153,    1.79777561551534,    0.50683612471019,    0.91117762606626,    0.50683612471019,
  610,     0.78262820997374,    1.79700169777781,    0.50650178776722,    0.91018457254519,    0.50650178776722,
  611,     0.78327447176207,    1.79585616501829,    0.50656593589020,    0.90971955895668,    0.50656593589020,
  612,     0.78361526447637,    1.79537565981235,    0.50645565567242,    0.90927815696857,    0.50645565567242,
  613,     0.78395680623360,    1.79448446784320,    0.50510587032100,    0.90640463890745,    0.50510587032100,
  614,     0.78460560204634,    1.79191861876345,    0.50411873586151,    0.90333974885774,    0.50411873586151,
  615,     0.78525488829856,    1.78906660960637,    0.50436137633928,    0.90233609758372,    0.50436137633928,
  616,     0.78559704629634,    1.78778293257313,    0.50404953003473,    0.90113114696759,    0.50404953003473,
  617,     0.78594124833121,    1.78530460891575,    0.50039633832314,    0.89335988909286,    0.50039633832314,
  618,     0.78659749769305,    1.77833354686838,    0.49770876326462,    0.88509219028385,    0.49770876326462,
  619,     0.78725510169478,    1.77054375919200,    0.49838400965789,    0.88241069798086,    0.49838400965789,
  620,     0.78760100499543,    1.76704477782221,    0.49781643185599,    0.87966392622521,    0.49781643185599,
  621,     0.78795215883903,    1.76075761145614,    0.48843693228871,    0.86001904624363,    0.48843693228871,
  622,     0.78862818986457,    1.74267597693439,    0.48133157570878,    0.83880497392766,    0.48133157570878,
  623,     0.78930808375710,    1.72217459475250,    0.48306646677409,    0.83192479665520,    0.48306646677409,
  624,     0.78966396989441,    1.71302678648196,    0.48319208867020,    0.82772099090822,    0.48319208867020,
  625,     0.79003157801757,    1.69912131921916,    0.46204807148071,    0.78507572875697,    0.46204807148071,
  626,     0.79075598675168,    1.65729557569788,    0.44486570858064,    0.73727397061041,    0.44486570858064,
  627,     0.79149155623282,    1.60833468993148,    0.44875846442871,    0.72175380574108,    0.44875846442871,
  628,     0.79187207499523,    1.58681920395011,    0.45482056661935,    0.72171800946305,    0.45482056661935,
  629,     0.79227145794505,    1.56307745886407,    0.41787438257418,    0.65317002803845,    0.41787438257418,
  630,     0.79309520736547,    1.48620901455204,    0.38273016806052,    0.56881702591256,    0.38273016806052,
  631,     0.79395171782607,    1.38860212760181,    0.38885773965738,    0.53996868462266,    0.38885773965738,
  632,     0.79438503133822,    1.34610547831777,    0.41149718776857,    0.55391861876762,    0.41149718776857,
  633,     0.79483008593351,    1.31647554355796,    0.36737705041357,    0.48364290213393,    0.36737705041357,
  634,     0.79580675785599,    1.21593949622208,    0.31083852826847,    0.37796084346918,    0.31083852826847,
  635,     0.79687474466130,    1.06464349853663,    0.31382299643957,    0.33410961285067,    0.31382299643957,
  636,     0.79740231641308,    0.99445065344441,    0.35712142272414,    0.35513963218702,    0.35712142272414,
  637,     0.79790568357648,    0.95075739793486,    0.32059060383435,    0.30480388830391,    0.32059060383435,
  638,     0.79905906602353,    0.84000720846663,    0.25553691026398,    0.21465284665104,    0.25553691026398,
  639,     0.80039417687146,    0.68999777282132,    0.24760652933608,    0.17084795377791,    0.24760652933608,
  640,     0.80106050502591,    0.59993331827614,    0.29313244968380,    0.17585992323322,    0.29313244968380,
  641,     0.80166448488852,    0.52447941148406,    0.26817310077155,    0.14065127006852,    0.26817310077155,
  642,     0.80302016748533,    0.39942313540435,    0.22157792462682,    0.08850334939083,    0.22157792462682,
  643,     0.80455098059012,    0.32059571874570,    0.21245046247306,    0.06811070871441,    0.21245046247306,
  644,     0.80534782819650,    0.26569646351584,    0.23510883770862,    0.06246758672050,    0.23510883770862,
  645,     0.80608570067767,    0.19173712297831,    0.22487571849804,    0.04311702329250,    0.22487571849804,
  646,     0.80762097093422,    0.11441486855264,    0.20523515521464,    0.02348195330626,    0.20523515521464,
  647,     0.80923252593125,    0.09065239898844,    0.20265808845163,    0.01837144189255,    0.20265808845163,
  648,     0.81008184242957,    0.07697667706930,    0.20824991334853,    0.01603038632954,    0.20824991334853,
  649,     0.81090947608519,    0.04555775144414,    0.20593041965215,    0.00938172687330,    0.20593041965215,
  650,     0.81252290508114,    0.02331408961869,    0.20095177717881,    0.00468500774218,    0.20095177717881,
  651,     0.81415481886855,    0.01852155580378,    0.20056145141459,    0.00371471011446,    0.20056145141459,
  652,     0.81501551322588,    0.01585603226803,    0.20150579996250,    0.00319508246640,    0.20150579996250,
  653,     0.81587166257075,    0.00868766713023,    0.20113284300843,    0.00174737518901,    0.20113284300843,
  654,     0.81750395809279,    0.00428229674570,    0.20016311762367,    0.00085715786721,    0.20016311762367,
  655,     0.81913978177977,    0.00336269809251,    0.20010381450237,    0.00067288871533,    0.20010381450237,
  656,     0.82000266412933,    0.00287094437145,    0.20026916433199,    0.00057496163011,    0.20026916433199,
  657,     0.82086468792442,    0.00150593470122,    0.20020975111366,    0.00030150281172,    0.20020975111366,
  658,     0.82250051014549,    0.00075243779671,    0.20003057575151,    0.00015051056569,    0.20003057575151,
  659,     0.82413703070267,    0.00063501116968,    0.20000731891643,    0.00012700688153,    0.20000731891643,
  660,     0.82500038660924,    0.00056800620721,    0.20003656888619,    0.00011362201280,    0.20003656888619,
  661,     0.82586350508143,    0.00027584006037,    0.20003820100476,    0.00005517854944,    0.20003820100476,
  662,     0.82750000135663,    0.00002178396695,    0.20000328764294,    0.00000435686501,    0.20000328764294,
  663,     0.82913663439722,    -0.00000344475782,    0.19999962140552,    -0.00000068895026,    0.19999962140552,
  664,     0.83000000071778,    0.00000267441391,    0.20000007874745,    0.00000053488299,    0.20000007874745,
  665,     0.83086336565846,    0.00000017931254,    0.20000007606093,    0.00000003586252,    0.20000007606093,
  666,     0.83249999995900,    -0.00000009071049,    0.19999996268144,    -0.00000001814209,    0.19999996268144,
  667,     0.83413663415011,    0.00000002770809,    0.20000002258199,    0.00000000554162,    0.20000002258199,
  668,     0.83499999996608,    -0.00000001899368,    0.19999997945594,    -0.00000000379873,    0.19999997945594,
  669,     0.83586336579347,    -0.00000000091260,    0.19999999960649,    -0.00000000018252,    0.19999999960649,
  670,     0.83749999997001,    0.00000000021785,    0.20000000014892,    0.00000000004357,    0.20000000014892,
  671,     0.83913663414669,    -0.00000000007135,    0.19999999991365,    -0.00000000001427,    0.19999999991365,
  672,     0.83999999996991,    0.00000000005783,    0.20000000009462,    0.00000000001157,    0.20000000009462,
  673,     0.84086336579310,    -0.00000000001197,    0.20000000000938,    -0.00000000000239,    0.20000000000938,
  674,     0.84249999996980,    0.00000000000655,    0.20000000000710,    0.00000000000131,    0.20000000000710,
  675,     0.84413663414651,    -0.00000000001818,    0.20000000000681,    -0.00000000000364,    0.20000000000681,
  676,     0.84499999996972,    0.00000000001839,    0.20000000000587,    0.00000000000368,    0.20000000000587,
  677,     0.84586336579292,    0.00000000000414,    0.20000000000757,    0.00000000000083,    0.20000000000757,
  678,     0.84749999996962,    -0.00000000000069,    0.20000000000754,    -0.00000000000014,    0.20000000000754,
  679,     0.84913663414634,    0.00000000000914,    0.20000000000714,    0.00000000000183,    0.20000000000714,
  680,     0.84999999996953,    -0.00000000001074,    0.20000000000968,    -0.00000000000215,    0.20000000000968,
  681,     0.85086336579272,    -0.00000000000346,    0.20000000000822,    -0.00000000000069,    0.20000000000822,
  682,     0.85249999996943,    -0.00000000000330,    0.20000000000660,    -0.00000000000066,    0.20000000000660,
  683,     0.85413663414615,    0.00000000000317,    0.20000000000670,    0.00000000000063,    0.20000000000670,
  684,     0.85499999996935,    0.00000000000682,    0.20000000000522,    0.00000000000136,    0.20000000000522,
  685,     0.85586336579256,    0.00000000000076,    0.20000000000683,    0.00000000000015,    0.20000000000683,
  686,     0.85749999996926,    -0.00000000001122,    0.20000000000762,    -0.00000000000224,    0.20000000000762,
  687,     0.85913663414597,    0.00000000000282,    0.20000000000708,    0.00000000000056,    0.20000000000708,
  688,     0.85999999996917,    0.00000000001437,    0.20000000000752,    0.00000000000287,    0.20000000000752,
  689,     0.86086336579237,    0.00000000000298,    0.20000000000773,    0.00000000000060,    0.20000000000773,
  690,     0.86249999996908,    -0.00000000000365,    0.20000000000581,    -0.00000000000073,    0.20000000000581,
  691,     0.86413663414581,    0.00000000001049,    0.20000000000724,    0.00000000000210,    0.20000000000724,
  692,     0.86499999996900,    -0.00000000001047,    0.20000000000925,    -0.00000000000209,    0.20000000000925,
  693,     0.86586336579220,    0.00000000000756,    0.20000000000674,    0.00000000000151,    0.20000000000674,
  694,     0.86749999996891,    -0.00000000000764,    0.20000000000714,    -0.00000000000153,    0.20000000000714,
  695,     0.86913663414562,    0.00000000000936,    0.20000000000745,    0.00000000000187,    0.20000000000745,
  696,     0.86999999996882,    0.00000000000553,    0.20000000000713,    0.00000000000111,    0.20000000000713,
  697,     0.87086336579201,    -0.00000000000690,    0.20000000000827,    -0.00000000000138,    0.20000000000827,
  698,     0.87249999996872,    0.00000000000750,    0.20000000000719,    0.00000000000150,    0.20000000000719,
  699,     0.87413663414544,    0.00000000000682,    0.20000000000585,    0.00000000000136,    0.20000000000585,
  700,     0.87499999996864,    -0.00000000002032,    0.20000000000680,    -0.00000000000406,    0.20000000000680,
  701,     0.87586336579184,    -0.00000000000171,    0.20000000000758,    -0.00000000000034,    0.20000000000758,
  702,     0.87749999996855,    -0.00000000000703,    0.20000000000723,    -0.00000000000141,    0.20000000000723,
  703,     0.87913663414526,    -0.00000000000120,    0.20000000000639,    -0.00000000000024,    0.20000000000639,
  704,     0.87999999996846,    0.00000000000172,    0.20000000000593,    0.00000000000034,    0.20000000000593,
  705,     0.88086336579167,    0.00000000000158,    0.20000000000700,    0.00000000000032,    0.20000000000700,
  706,     0.88249999996837,    0.00000000000826,    0.20000000000813,    0.00000000000165,    0.20000000000813,
  707,     0.88413663414508,    0.00000000000067,    0.20000000000657,    0.00000000000013,    0.20000000000657,
  708,     0.88499999996829,    -0.00000000000544,    0.20000000000629,    -0.00000000000109,    0.20000000000629,
  709,     0.88586336579148,    -0.00000000000382,    0.20000000000741,    -0.00000000000076,    0.20000000000741,
  710,     0.88749999996819,    0.00000000000480,    0.20000000000732,    0.00000000000096,    0.20000000000732,
  711,     0.88913663414490,    0.00000000000813,    0.20000000000716,    0.00000000000163,    0.20000000000716,
  712,     0.88999999996810,    0.00000000000124,    0.20000000000914,    0.00000000000025,    0.20000000000914,
  713,     0.89086336579130,    -0.00000000000467,    0.20000000000728,    -0.00000000000093,    0.20000000000728,
  714,     0.89249999996801,    -0.00000000000525,    0.20000000000697,    -0.00000000000105,    0.20000000000697,
  715,     0.89413663414472,    -0.00000000000067,    0.20000000000825,    -0.00000000000013,    0.20000000000825,
  716,     0.89499999996791,    0.00000000001197,    0.20000000000716,    0.00000000000239,    0.20000000000716,
  717,     0.89586336579111,    0.00000000000892,    0.20000000000783,    0.00000000000178,    0.20000000000783,
  718,     0.89749999996783,    0.00000000000712,    0.20000000000527,    0.00000000000142,    0.20000000000527,
  719,     0.89913663414456,    0.00000000000377,    0.20000000000487,    0.00000000000075,    0.20000000000487,
  720,     0.89999999996776,    -0.00000000001367,    0.20000000000801,    -0.00000000000273,    0.20000000000801,
  721,     0.90086336579096,    0.00000000000413,    0.20000000000585,    0.00000000000083,    0.20000000000585,
  722,     0.90249999996769,    0.00000000000773,    0.20000000000544,    0.00000000000155,    0.20000000000544,
  723,     0.90413663414441,    0.00000000000270,    0.20000000000668,    0.00000000000054,    0.20000000000668,
  724,     0.90499999996761,    0.00000000000483,    0.20000000000454,    0.00000000000097,    0.20000000000454,
  725,     0.90586336579082,    0.00000000001436,    0.20000000000576,    0.00000000000287,    0.20000000000576,
  726,     0.90749999996753,    0.00000000000564,    0.20000000000734,    0.00000000000113,    0.20000000000734,
  727,     0.90913663414425,    0.00000000000342,    0.20000000000554,    0.00000000000068,    0.20000000000554,
  728,     0.90999999996746,    0.00000000001511,    0.20000000000499,    0.00000000000302,    0.20000000000499,
  729,     0.91086336579066,    0.00000000001463,    0.20000000000610,    0.00000000000293,    0.20000000000610,
  730,     0.91249999996738,    0.00000000001379,    0.20000000000558,    0.00000000000276,    0.20000000000558,
  731,     0.91413663414411,    0.00000000001430,    0.20000000000532,    0.00000000000286,    0.20000000000532,
  732,     0.91499999996732,    0.00000000000258,    0.20000000000489,    0.00000000000052,    0.20000000000489,
  733,     0.91586336579053,    0.00000000001131,    0.20000000000575,    0.00000000000226,    0.20000000000575,
  734,     0.91749999996725,    0.00000000001208,    0.20000000000599,    0.00000000000242,    0.20000000000599,
  735,     0.91913663414397,    0.00000000001291,    0.20000000000501,    0.00000000000258,    0.20000000000501,
  736,     0.91999999996718,    -0.00000000000198,    0.20000000000470,    -0.00000000000040,    0.20000000000470,
  737,     0.92086336579038,    0.00000000000937,    0.20000000000667,    0.00000000000187,    0.20000000000667,
  738,     0.92249999996710,    0.00000000001074,    0.20000000000542,    0.00000000000215,    0.20000000000542,
  739,     0.92413663414383,    0.00000000001492,    0.20000000000517,    0.00000000000298,    0.20000000000517,
  740,     0.92499999996703,    0.00000000001798,    0.20000000000798,    0.00000000000360,    0.20000000000798,
  741,     0.92586336579024,    0.00000000000129,    0.20000000000472,    0.00000000000026,    0.20000000000472,
  742,     0.92749999996697,    0.00000000001824,    0.20000000000565,    0.00000000000365,    0.20000000000565,
  743,     0.92913663414369,    0.00000000001018,    0.20000000000593,    0.00000000000204,    0.20000000000593,
  744,     0.92999999996690,    0.00000000000986,    0.20000000000396,    0.00000000000197,    0.20000000000396,
  745,     0.93086336579010,    0.00000000001636,    0.20000000000613,    0.00000000000327,    0.20000000000613,
  746,     0.93249999996683,    0.00000000000945,    0.20000000000524,    0.00000000000189,    0.20000000000524,
  747,     0.93413663414356,    0.00000000000955,    0.20000000000301,    0.00000000000191,    0.20000000000301,
  748,     0.93499999996678,    0.00000000001166,    0.20000000000582,    0.00000000000233,    0.20000000000582,
  749,     0.93586336578998,    0.00000000002101,    0.20000000000626,    0.00000000000420,    0.20000000000626,
  750,     0.93749999996670,    0.00000000001129,    0.20000000000505,    0.00000000000226,    0.20000000000505,
  751,     0.93913663414343,    -0.00000000000194,    0.20000000000681,    -0.00000000000039,    0.20000000000681,
  752,     0.93999999996663,    0.00000000001909,    0.20000000000594,    0.00000000000382,    0.20000000000594,
  753,     0.94086336578984,    0.00000000002218,    0.20000000000448,    0.00000000000444,    0.20000000000448,
  754,     0.94249999996657,    0.00000000001855,    0.20000000000562,    0.00000000000371,    0.20000000000562,
  755,     0.94413663414329,    0.00000000001486,    0.20000000000538,    0.00000000000297,    0.20000000000538,
  756,     0.94499999996650,    0.00000000002653,    0.20000000000572,    0.00000000000531,    0.20000000000572,
  757,     0.94586336578970,    0.00000000001966,    0.20000000000488,    0.00000000000393,    0.20000000000488,
  758,     0.94749999996644,    0.00000000000831,    0.20000000000464,    0.00000000000166,    0.20000000000464,
  759,     0.94913663414316,    0.00000000002647,    0.20000000000559,    0.00000000000529,    0.20000000000559,
  760,     0.94999999996637,    0.00000000000439,    0.20000000000413,    0.00000000000088,    0.20000000000413,
  761,     0.95086336578958,    0.00000000000883,    0.20000000000436,    0.00000000000177,    0.20000000000436,
  762,     0.95249999996632,    0.00000000001697,    0.20000000000470,    0.00000000000339,    0.20000000000470,
  763,     0.95413663414305,    0.00000000001067,    0.20000000000516,    0.00000000000213,    0.20000000000516,
  764,     0.95499999996625,    -0.00000000000345,    0.20000000000387,    -0.00000000000069,    0.20000000000387,
  765,     0.95586336578947,    0.00000000002319,    0.20000000000527,    0.00000000000464,    0.20000000000527,
  766,     0.95749999996619,    0.00000000001918,    0.20000000000477,    0.00000000000384,    0.20000000000477,
  767,     0.95913663414293,    0.00000000001309,    0.20000000000447,    0.00000000000262,    0.20000000000447,
  768,     0.95999999996613,    0.00000000001300,    0.20000000000638,    0.00000000000260,    0.20000000000638,
  769,     0.96086336578934,    0.00000000001225,    0.20000000000362,    0.00000000000245,    0.20000000000362,
  770,     0.96249999996608,    0.00000000002421,    0.20000000000483,    0.00000000000484,    0.20000000000483,
  771,     0.96413663414280,    0.00000000002319,    0.20000000000599,    0.00000000000464,    0.20000000000599,
  772,     0.96499999996601,    0.00000000003155,    0.20000000000592,    0.00000000000631,    0.20000000000592,
  773,     0.96586336578922,    0.00000000002256,    0.20000000000491,    0.00000000000451,    0.20000000000491,
  774,     0.96749999996595,    0.00000000000677,    0.20000000000369,    0.00000000000135,    0.20000000000369,
  775,     0.96913663414269,    0.00000000002464,    0.20000000000542,    0.00000000000493,    0.20000000000542,
  776,     0.96999999996589,    0.00000000001406,    0.20000000000529,    0.00000000000281,    0.20000000000529,
  777,     0.97086336578911,    0.00000000002292,    0.20000000000347,    0.00000000000458,    0.20000000000347,
  778,     0.97249999996584,    0.00000000002427,    0.20000000000453,    0.00000000000485,    0.20000000000453,
  779,     0.97413663414257,    0.00000000000812,    0.20000000000450,    0.00000000000162,    0.20000000000450,
  780,     0.97499999996579,    0.00000000001444,    0.20000000000260,    0.00000000000289,    0.20000000000260,
  781,     0.97586336578900,    0.00000000002617,    0.20000000000540,    0.00000000000523,    0.20000000000540,
  782,     0.97749999996573,    0.00000000002601,    0.20000000000426,    0.00000000000520,    0.20000000000426,
  783,     0.97913663414247,    0.00000000002672,    0.20000000000304,    0.00000000000534,    0.20000000000304,
  784,     0.97999999996568,    0.00000000001153,    0.20000000000663,    0.00000000000231,    0.20000000000663,
  785,     0.98086336578889,    0.00000000000590,    0.20000000000493,    0.00000000000118,    0.20000000000493,
  786,     0.98249999996562,    0.00000000002088,    0.20000000000393,    0.00000000000418,    0.20000000000393,
  787,     0.98413663414236,    0.00000000002548,    0.20000000000318,    0.00000000000510,    0.20000000000318,
  788,     0.98499999996558,    0.00000000001892,    0.20000000000329,    0.00000000000378,    0.20000000000329,
  789,     0.98586336578879,    0.00000000002792,    0.20000000000510,    0.00000000000558,    0.20000000000510,
  790,     0.98749999996552,    0.00000000002075,    0.20000000000366,    0.00000000000415,    0.20000000000366,
  791,     0.98913663414227,    0.00000000001788,    0.20000000000260,    0.00000000000358,    0.20000000000260,
  792,     0.98999999996549,    0.00000000002444,    0.20000000000586,    0.00000000000489,    0.20000000000586,
  793,     0.99086336578869,    0.00000000003013,    0.20000000000425,    0.00000000000603,    0.20000000000425,
  794,     0.99249999996543,    0.00000000002338,    0.20000000000387,    0.00000000000468,    0.20000000000387,
  795,     0.99413663414216,    0.00000000002728,    0.20000000000434,    0.00000000000546,    0.20000000000434,
  796,     0.99499999996538,    0.00000000001589,    0.20000000000270,    0.00000000000318,    0.20000000000270,
  797,     0.99586336578859,    0.00000000001574,    0.20000000000311,    0.00000000000315,    0.20000000000311,
  798,     0.99749999996534,    0.00000000003058,    0.20000000000329,    0.00000000000612,    0.20000000000329,
  799,     0.99913663414208,    0.00000000000692,    0.20000000000381,    0.00000000000138,    0.20000000000381,
  800,     0.99999999996529,    0.00000000002551,    0.20000000000334,    0.00000000000510,    0.20000000000334,
