 indi,                  x_v,                   v,                   H,                   q,                 eta
    0,     -0.00000000000125,    -0.00000000002711,    1.00000000000841,    -0.00000000002711,    1.00000000000841,
    1,     0.00172673164519,    -0.00000000002618,    1.00000000000876,    -0.00000000002618,    1.00000000000876,
    2,     0.00499999999870,    -0.00000000002722,    1.00000000000887,    -0.00000000002722,    1.00000000000887,
    3,     0.00827326835221,    -0.00000000002621,    1.00000000000894,    -0.00000000002621,    1.00000000000894,
    4,     0.00999999999866,    -0.00000000002679,    1.00000000000939,    -0.00000000002679,    1.00000000000939,
    5,     0.01172673164510,    -0.00000000002684,    1.00000000000909,    -0.00000000002684,    1.00000000000909,
    6,     0.01499999999861,    -0.00000000002484,    1.00000000000893,    -0.00000000002484,    1.00000000000893,
    7,     0.01827326835212,    -0.00000000002628,    1.00000000000934,    -0.00000000002628,    1.00000000000934,
    8,     0.01999999999857,    -0.00000000002556,    1.00000000000963,    -0.00000000002556,    1.00000000000963,
    9,     0.02172673164501,    -0.00000000002586,    1.00000000000959,    -0.00000000002586,    1.00000000000959,
   10,     0.02499999999852,    -0.00000000002508,    1.00000000000948,    -0.00000000002508,    1.00000000000948,
   11,     0.02827326835203,    -0.00000000002430,    1.00000000000943,    -0.00000000002430,    1.00000000000943,
   12,     0.02999999999847,    -0.00000000002391,    1.00000000000938,    -0.00000000002391,    1.00000000000938,
   13,     0.03172673164491,    -0.00000000002419,    1.00000000000965,    -0.00000000002419,    1.00000000000965,
   14,     0.03499999999842,    -0.00000000002413,    1.00000000000980,    -0.00000000002413,    1.00000000000980,
   15,     0.03827326835193,    -0.00000000002391,    1.00000000000991,    -0.00000000002391,    1.00000000000991,
   16,     0.03999999999837,    -0.00000000002278,    1.00000000001018,    -0.00000000002278,    1.00000000001018,
   17,     0.04172673164482,    -0.00000000002334,    1.00000000000970,    -0.00000000002334,    1.00000000000970,
   18,     0.04499999999832,    -0.00000000002319,    1.00000000001024,    -0.00000000002319,    1.00000000001024,
   19,     0.04827326835183,    -0.00000000002336,    1.00000000001044,    -0.00000000002336,    1.00000000001044,
   20,     0.04999999999827,    -0.00000000002252,    1.00000000000936,    -0.00000000002252,    1.00000000000936,
   21,     0.05172673164472,    -0.00000000002114,    1.00000000001007,    -0.00000000002114,    1.00000000001007,
   22,     0.05499999999822,    -0.00000000002204,    1.00000000001021,    -0.00000000002204,    1.00000000001021,
   23,     0.05827326835173,    -0.00000000002078,    1.00000000001037,    -0.00000000002078,    1.00000000001037,
   24,     0.05999999999817,    -0.00000000002300,    1.00000000001090,    -0.00000000002300,    1.00000000001090,
   25,     0.06172673164461,    -0.00000000002219,    1.00000000001060,    -0.00000000002219,    1.00000000001060,
   26,     0.06499999999812,    -0.00000000002046,    1.00000000001051,    -0.00000000002046,    1.00000000001051,
   27,     0.06827326835162,    -0.00000000002038,    1.00000000001055,    -0.00000000002038,    1.00000000001055,
   28,     0.06999999999806,    -0.00000000002171,    1.00000000001118,    -0.00000000002171,    1.00000000001118,
   29,     0.07172673164451,    -0.00000000002077,    1.00000000001107,    -0.00000000002077,    1.00000000001107,
   30,     0.07499999999801,    -0.00000000002128,    1.00000000001114,    -0.00000000002128,    1.00000000001114,
   31,     0.07827326835151,    -0.00000000001955,    1.00000000001124,    -0.00000000001955,    1.00000000001124,
   32,     0.07999999999795,    -0.00000000001951,    1.00000000001101,    -0.00000000001951,    1.00000000001101,
   33,     0.08172673164439,    -0.00000000002018,    1.00000000001129,    -0.00000000002018,    1.00000000001129,
   34,     0.08499999999790,    -0.00000000001949,    1.00000000001127,    -0.00000000001949,    1.00000000001127,
   35,     0.08827326835140,    -0.00000000001887,    1.00000000001124,    -0.00000000001887,    1.00000000001124,
   36,     0.08999999999784,    -0.00000000001792,    1.00000000001122,    -0.00000000001792,    1.00000000001122,
   37,     0.09172673164428,    -0.00000000001826,    1.00000000001173,    -0.00000000001826,    1.00000000001173,
   38,     0.09499999999778,    -0.00000000001865,    1.00000000001139,    -0.00000000001865,    1.00000000001139,
   39,     0.09827326835129,    -0.00000000001114,    1.00000000001031,    -0.00000000001114,    1.00000000001031,
   40,     0.09999999999773,    -0.00000000001830,    1.00000000000556,    -0.00000000001830,    1.00000000000556,
   41,     0.10172673164417,    -0.00000000003264,    1.00000000002138,    -0.00000000003264,    1.00000000002138,
   42,     0.10499999999765,    -0.00000000001517,    1.00000000000525,    -0.00000000001517,    1.00000000000525,
   43,     0.10827326835121,    0.00000000008088,    0.99999999999201,    0.00000000008088,    0.99999999999201,
   44,     0.10999999999767,    -0.00000000009246,    0.99999999992939,    -0.00000000009246,    0.99999999992939,
   45,     0.11172673164399,    -0.00000000034898,    1.00000000020680,    -0.00000000034898,    1.00000000020680,
   46,     0.11499999999736,    0.00000000037383,    0.99999999977850,    0.00000000037383,    0.99999999977850,
   47,     0.11827326835203,    0.00000000119256,    0.99999999979756,    0.00000000119256,    0.99999999979756,
   48,     0.11999999999814,    -0.00000000267214,    0.99999999920946,    -0.00000000267214,    0.99999999920946,
   49,     0.12172673164201,    -0.00000000596764,    1.00000000334075,    -0.00000000596764,    1.00000000334075,
   50,     0.12499999999546,    0.00000001042400,    0.99999999500699,    0.00000001042400,    0.99999999500699,
   51,     0.12827326836939,    0.00000001298299,    0.99999999802429,    0.00000001298299,    0.99999999802429,
   52,     0.13000000000393,    -0.00000005501839,    0.99999999412038,    -0.00000005501839,    0.99999999412038,
   53,     0.13172673160385,    -0.00000009853990,    1.00000005290807,    -0.00000009853990,    1.00000005290807,
   54,     0.13499999997101,    0.00000019484130,    0.99999991314394,    0.00000019484128,    0.99999991314394,
   55,     0.13827326867059,    0.00000020062647,    0.99999996488174,    0.00000020062646,    0.99999996488174,
   56,     0.14000000012776,    -0.00000085942859,    0.99999994365043,    -0.00000085942854,    0.99999994365043,
   57,     0.14172673101748,    -0.00000165264472,    1.00000084065330,    -0.00000165264611,    1.00000084065330,
   58,     0.14499999927314,    0.00000264950449,    0.99999878406328,    0.00000264950127,    0.99999878406328,
   59,     0.14827327343264,    0.00000528350187,    0.99999879156933,    0.00000528349548,    0.99999879156933,
   60,     0.15000000426011,    -0.00000880179128,    0.99999898360621,    -0.00000880178233,    0.99999898360621,
   61,     0.15172672574060,    -0.00002637853685,    1.00001195386013,    -0.00002637885218,    1.00001195386013,
   62,     0.15499997615121,    0.00001017479698,    0.99999220488460,    0.00001017471766,    0.99999220488460,
   63,     0.15827331551374,    0.00011481806999,    0.99997059342458,    0.00011481469358,    0.99997059342458,
   64,     0.16000008945800,    0.00001643380438,    0.99999871891463,    0.00001643378333,    0.99999871891463,
   65,     0.16172676909371,    -0.00023203127245,    1.00006517889606,    -0.00023204639600,    1.00006517889606,
   66,     0.16499967087239,    -0.00022530212990,    1.00007191763234,    -0.00022531833309,    1.00007191763234,
   67,     0.16827403389135,    0.00326268197306,    0.99897937182538,    0.00325935198791,    0.99897937182538,
   68,     0.17000365126156,    0.00740800396820,    0.99760451200470,    0.00739025818362,    0.99760451200470,
   69,     0.17173600839703,    0.01309636387814,    0.99580259405910,    0.01304139312259,    0.99580259405910,
   70,     0.17502995694925,    0.02676382124586,    0.99149529283340,    0.02653620278350,    0.99149529283340,
   71,     0.17833945658511,    0.04221887610310,    0.98655086451356,    0.04165106871830,    0.98655086451356,
   72,     0.18009211787567,    0.05075240726280,    0.98385062569435,    0.04993278764100,    0.98385062569435,
   73,     0.18184965992768,    0.05949710438040,    0.98109013030283,    0.05837202188921,    0.98109013030283,
   74,     0.18519513189381,    0.07657233906499,    0.97571618074999,    0.07471287022359,    0.97571618074999,
   75,     0.18855941479699,    0.09417733574489,    0.97015353817562,    0.09136647548886,    0.97015353817562,
   76,     0.19034202109010,    0.10367570364413,    0.96715123829185,    0.10027008516020,    0.96715123829185,
   77,     0.19213017722509,    0.11332515927728,    0.96414155173881,    0.10926149491664,    0.96414155173881,
   78,     0.19553544748317,    0.13200473258398,    0.95830905313837,    0.12650133029234,    0.95830905313837,
   79,     0.19896179203696,    0.15113789974866,    0.95231976321016,    0.14393160890073,    0.95231976321016,
   80,     0.20077804090946,    0.16143392246751,    0.94910118368842,    0.15321712690138,    0.94910118368842,
   81,     0.20260046195736,    0.17186709145322,    0.94588060451170,    0.16256574835944,    0.94588060451170,
   82,     0.20607238663095,    0.19194736357692,    0.93966834223266,    0.18036686092825,    0.93966834223266,
   83,     0.20956757076757,    0.21236059023568,    0.93333768064248,    0.19820414075044,    0.93333768064248,
   84,     0.21142098369915,    0.22329739269395,    0.92995843331462,    0.20765729347291,    0.92995843331462,
   85,     0.21328113984265,    0.23433978250970,    0.92658405107928,    0.21713550500688,    0.92658405107928,
   86,     0.21682613245411,    0.25546586281624,    0.92010725475729,    0.23505599372005,    0.92010725475729,
   87,     0.22039633040622,    0.27683219054373,    0.91355284865608,    0.25290083627093,    0.91355284865608,
   88,     0.22229006207444,    0.28825140977794,    0.91007385890834,    0.26233007283238,    0.91007385890834,
   89,     0.22419104418854,    0.29975049709841,    0.90659877418248,    0.27175343323001,    0.90659877418248,
   90,     0.22781482534139,    0.32165716909874,    0.89994532911897,    0.28947386690804,    0.89994532911897,
   91,     0.23146562051216,    0.34376826675454,    0.89323938724697,    0.30706735595078,    0.89323938724697,
   92,     0.23340257602467,    0.35557170226584,    0.88969376048605,    0.31634992491132,    0.88969376048605,
   93,     0.23534727631813,    0.36743745687972,    0.88614034907010,    0.32560115630083,    0.88614034907010,
   94,     0.23905532298524,    0.39000361928440,    0.87935352912571,    0.34295105898954,    0.87935352912571,
   95,     0.24279218752211,    0.41280524769524,    0.87253353556074,    0.36018642226955,    0.87253353556074,
   96,     0.24477526241072,    0.42496015294905,    0.86893636158794,    0.36926332912341,    0.86893636158794,
   97,     0.24676659755945,    0.43716113000813,    0.86531101597860,    0.37828034155368,    0.86531101597860,
   98,     0.25056452091311,    0.46036886140535,    0.85840673431500,    0.39518373089928,    0.85840673431500,
   99,     0.25439317743990,    0.48386082150885,    0.85147972412910,    0.41199767881524,    0.85147972412910,
  100,     0.25642545941631,    0.49635001043785,    0.84782637630518,    0.42081863072856,    0.84782637630518,
  101,     0.25846657079641,    0.50887972891759,    0.84412924550424,    0.42956026162360,    0.84412924550424,
  102,     0.26236044791738,    0.53278470375414,    0.83711710346539,    0.44600318797733,    0.83711710346539,
  103,     0.26628712268799,    0.55699865312456,    0.83008373595321,    0.46235552290654,    0.83008373595321,
  104,     0.26837199142575,    0.56982483838402,    0.82636124732550,    0.47088116420407,    0.82636124732550,
  105,     0.27046631811928,    0.58269863314995,    0.82260233493130,    0.47932925619042,    0.82260233493130,
  106,     0.27446279314602,    0.60734861783956,    0.81548513517988,    0.49528376972021,    0.81548513517988,
  107,     0.27849435574526,    0.63225475441703,    0.80833627473477,    0.51107445286881,    0.80833627473477,
  108,     0.28063554644612,    0.64543725667612,    0.80453564619295,    0.51927728037693,    0.80453564619295,
  109,     0.28278687092288,    0.65869427950378,    0.80073757581067,    0.52744126057021,    0.80073757581067,
  110,     0.28689320827595,    0.68410219232813,    0.79352068527184,    0.54284924045218,    0.79352068527184,
  111,     0.29103716776469,    0.70965990659442,    0.78625774698811,    0.55797559928673,    0.78625774698811,
  112,     0.29323871346308,    0.72323665031633,    0.78239492149835,    0.56585668224897,    0.78239492149835,
  113,     0.29545110959839,    0.73690081147307,    0.77856429656590,    0.57372466192337,    0.77856429656590,
  114,     0.29967521085445,    0.76297574574935,    0.77124275235181,    0.58843951412940,    0.77124275235181,
  115,     0.30393973199857,    0.78920698908192,    0.76388339984345,    0.60286211800011,    0.76388339984345,
  116,     0.30620595978356,    0.80319493968833,    0.75999937722621,    0.61042765395438,    0.75999937722621,
  117,     0.30848380736650,    0.81724391702883,    0.75611104444614,    0.61792715167192,    0.75611104444614,
  118,     0.31283423273292,    0.84392860026989,    0.74869775431038,    0.63184744782037,    0.74869775431038,
  119,     0.31722802238241,    0.87090308261992,    0.74126919188512,    0.64557362426393,    0.74126919188512,
  120,     0.31956361009937,    0.88521978878561,    0.73736412590277,    0.65272931578973,    0.73736412590277,
  121,     0.32191168441817,    0.89957522991375,    0.73340662877227,    0.65975443669808,    0.73340662877227,
  122,     0.32639768257740,    0.92695925217473,    0.72593588705466,    0.67291298699098,    0.72593588705466,
  123,     0.33093009279184,    0.95462145877565,    0.71845246007146,    0.68585013549437,    0.71845246007146,
  124,     0.33334016306361,    0.96923378244808,    0.71448015008607,    0.69249829835199,    0.71448015008607,
  125,     0.33576364778105,    0.98391221103700,    0.71051987224541,    0.69908917848671,    0.71051987224541,
  126,     0.34039505718723,    1.01200959734380,    0.70299932279193,    0.71144206159162,    0.70299932279193,
  127,     0.34507634762308,    1.04019084718837,    0.69545639620924,    0.72340737795546,    0.69545639620924,
  128,     0.34756637444174,    1.05519238725121,    0.69146175075288,    0.72962517546984,    0.69146175075288,
  129,     0.35007077134041,    1.07025571369945,    0.68749864738370,    0.73579935552305,    0.68749864738370,
  130,     0.35485826205692,    1.09884376687138,    0.67993361303091,    0.74714081256535,    0.67993361303091,
  131,     0.35969937374208,    1.12766920056930,    0.67236730290414,    0.75820789895484,    0.67236730290414,
  132,     0.36227511776494,    1.14293265825541,    0.66840524964931,    0.76394218877356,    0.66840524964931,
  133,     0.36486629187835,    1.15822989835043,    0.66438410642054,    0.76950953604510,    0.66438410642054,
  134,     0.36982132274828,    1.18737319487332,    0.65682934208925,    0.77990155440305,    0.65682934208925,
  135,     0.37483358631616,    1.21666669083784,    0.64928168564357,    0.78995939989357,    0.64928168564357,
  136,     0.37750127656365,    1.23214310373891,    0.64526908399319,    0.79506385189814,    0.64526908399319,
  137,     0.38018545669472,    1.24765274405603,    0.64132789516544,    0.80015450824285,    0.64132789516544,
  138,     0.38531950140079,    1.27715144260685,    0.63380580180693,    0.80946599411031,    0.63380580180693,
  139,     0.39051477198626,    1.30663981466301,    0.62632149514182,    0.81837660233157,    0.62632149514182,
  140,     0.39328033036996,    1.32222268023623,    0.62243196810615,    0.82299366513402,    0.62243196810615,
  141,     0.39606336846882,    1.33779970516100,    0.61847960891980,    0.82740183846100,    0.61847960891980,
  142,     0.40138764375305,    1.36720998579737,    0.61112047461197,    0.83553001541472,    0.61112047461197,
  143,     0.40677603812472,    1.39653560642116,    0.60382620782789,    0.84326479932191,    0.60382620782789,
  144,     0.40964487433770,    1.41198703298597,    0.59995681090276,    0.84713123734631,    0.59995681090276,
  145,     0.41253197160077,    1.42736010164859,    0.59621274598791,    0.85101028571750,    0.59621274598791,
  146,     0.41805523107189,    1.45633389755971,    0.58907024859089,    0.85788297106683,    0.58907024859089,
  147,     0.42364550246048,    1.48520664876223,    0.58203936006862,    0.86444872741522,    0.58203936006862,
  148,     0.42662143075938,    1.49992076740868,    0.57843246018752,    0.86760285957855,    0.57843246018752,
  149,     0.42961567529808,    1.51433454492838,    0.57494796886007,    0.87066357078120,    0.57494796886007,
  150,     0.43534169457091,    1.54154915390158,    0.56837258873592,    0.87617428326671,    0.56837258873592,
  151,     0.44113368708939,    1.56839653635850,    0.56195532863043,    0.88136879101217,    0.56195532863043,
  152,     0.44421540064043,    1.58199101222661,    0.55869989426577,    0.88385821126041,    0.55869989426577,
  153,     0.44731482637749,    1.59509623253391,    0.55555183350090,    0.88615863659459,    0.55555183350090,
  154,     0.45323718288111,    1.61889473024725,    0.54991040100558,    0.89024705029608,    0.54991040100558,
  155,     0.45921909516950,    1.64189296792677,    0.54450633564679,    0.89402112349004,    0.54450633564679,
  156,     0.46239856333189,    1.65368293557082,    0.54178096526724,    0.89593393707952,    0.54178096526724,
  157,     0.46559387586655,    1.66451834735322,    0.53907138676721,    0.89729421380717,    0.53907138676721,
  158,     0.47168581106250,    1.67866896117753,    0.53595735890078,    0.89969498290143,    0.53595735890078,
  159,     0.47780209352210,    1.68365379475046,    0.53455114357369,    0.89999906136604,    0.53455114357369,
  160,     0.48103397546252,    1.68733845488383,    0.53391424406074,    0.90089403561392,    0.53391424406074,
  161,     0.48427294928198,    1.69425210736385,    0.53223852097471,    0.90174623578162,    0.53223852097471,
  162,     0.49044830463108,    1.71383002264750,    0.52773039994428,    0.90444020328828,    0.52773039994428,
  163,     0.49667575000393,    1.72932366919113,    0.52389312647287,    0.90598078373607,    0.52389312647287,
  164,     0.49997452772235,    1.73434800672054,    0.52309181505712,    0.90722324677614,    0.52309181505712,
  165,     0.50327864781765,    1.73767332765824,    0.52226213382510,    0.90752097999375,    0.52226213382510,
  166,     0.50955265233797,    1.74191274016282,    0.52116394154661,    0.90782210949351,    0.52116394154661,
  167,     0.51584271497431,    1.74908972389222,    0.51940042696829,    0.90847794939547,    0.51940042696829,
  168,     0.51917201000623,    1.75660169675871,    0.51793614803993,    0.90980751645962,    0.51793614803993,
  169,     0.52251258662156,    1.76530147033099,    0.51583647228839,    0.91060688298105,    0.51583647228839,
  170,     0.52887629602201,    1.77701680296670,    0.51319691269649,    0.91195953709229,    0.51319691269649,
  171,     0.53526318782631,    1.78080550171162,    0.51196383872298,    0.91170802067528,    0.51196383872298,
  172,     0.53863720737644,    1.78421256538825,    0.51157470691882,    0.91275802021936,    0.51157470691882,
  173,     0.54201567496960,    1.78884550168627,    0.51062489668696,    0.91342904948748,    0.51062489668696,
  174,     0.54843794998600,    1.79623539814405,    0.50874432437858,    0.91382456405368,    0.50874432437858,
  175,     0.55488152742434,    1.80099666746119,    0.50739273689169,    0.91381262823595,    0.50739273689169,
  176,     0.55828564847217,    1.80327073591753,    0.50709536236263,    0.91443022726803,    0.50709536236263,
  177,     0.56169058512339,    1.80436060220349,    0.50719305059649,    0.91515915820771,    0.50719305059649,
  178,     0.56814474564869,    1.80315582787567,    0.50705869073938,    0.91430583328172,    0.50705869073938,
  179,     0.57460139907288,    1.80350462608551,    0.50692284140874,    0.91423768954907,    0.50692284140874,
  180,     0.57800725510508,    1.80410289297810,    0.50702542536946,    0.91472603672249,    0.50702542536946,
  181,     0.58141346624793,    1.80518023594788,    0.50690820559137,    0.91506067417334,    0.50690820559137,
  182,     0.58787191635290,    1.80493212965686,    0.50672401242556,    0.91460245089554,    0.50672401242556,
  183,     0.59433241914919,    1.80417597756837,    0.50662961819430,    0.91404898667080,    0.50662961819430,
  184,     0.59774050470835,    1.80504539013641,    0.50696047198478,    0.91508666293751,    0.50696047198478,
  185,     0.60114671053944,    1.80649490684811,    0.50671669214518,    0.91538112357518,    0.50671669214518,
  186,     0.60760860779935,    1.80536264826391,    0.50649825393436,    0.91441302906398,    0.50649825393436,
  187,     0.61407039711531,    1.80464390649395,    0.50661020312462,    0.91425101603650,    0.50661020312462,
  188,     0.61747890476839,    1.80907470427373,    0.50641155362579,    0.91613633161639,    0.50641155362579,
  189,     0.62088843998882,    1.80659181178543,    0.50654298203693,    0.91511640366530,    0.50654298203693,
  190,     0.62735112305948,    1.80583690198732,    0.50635660688158,    0.91439744627185,    0.50635660688158,
  191,     0.63381619492028,    1.80667043343775,    0.50639429185746,    0.91488759476052,    0.50639429185746,
  192,     0.63722443772951,    1.80584108884916,    0.50657149429137,    0.91478761883107,    0.50657149429137,
  193,     0.64063512491013,    1.80752597146897,    0.50633145895364,    0.91520726223048,    0.50633145895364,
  194,     0.64709978272157,    1.80621304227908,    0.50629826775709,    0.91448253450616,    0.50629826775709,
  195,     0.65356495580075,    1.80647944994367,    0.50635122547942,    0.91471308328237,    0.50635122547942,
  196,     0.65697433486810,    1.80844671672267,    0.50648278666248,    0.91594713261631,    0.50648278666248,
  197,     0.66038443176203,    1.80692753135165,    0.50635369536811,    0.91494443276229,    0.50635369536811,
  198,     0.66684956947022,    1.80655697892694,    0.50623074666933,    0.91453468834288,    0.50623074666933,
  199,     0.67331562885668,    1.80713515197511,    0.50627815600442,    0.91491305239273,    0.50627815600442,
  200,     0.67672558823159,    1.80739723279347,    0.50647014922246,    0.91539274619717,    0.50647014922246,
  201,     0.67897584849342,    1.80713508116195,    0.50630420765680,    0.91496009539650,    0.50630420765680,
  202,     0.68009940997199,    1.80736489122262,    0.50624265093925,    0.91496519374707,    0.50624265093925,
  203,     0.68119276047696,    1.80742185392073,    0.50626605830857,    0.91503633768523,    0.50626605830857,
  204,     0.68199241368039,    1.80725743439292,    0.50625107776427,    0.91492602395891,    0.50625107776427,
  205,     0.68267461256253,    1.80706621250506,    0.50620764999906,    0.91475074082488,    0.50620764999906,
  206,     0.68396790563136,    1.80687101147243,    0.50618277442408,    0.91460698161356,    0.50618277442408,
  207,     0.68526122407217,    1.80671378125797,    0.50617912497539,    0.91452080087814,    0.50617912497539,
  208,     0.68594349121444,    1.80656086526900,    0.50618678343091,    0.91445723346269,    0.50618678343091,
  209,     0.68662572052783,    1.80648221824871,    0.50620155821760,    0.91444411376988,    0.50620155821760,
  210,     0.68791897664853,    1.80644825659715,    0.50621253382307,    0.91444674919231,    0.50621253382307,
  211,     0.68921219511694,    1.80673493594226,    0.50622695777207,    0.91461793012256,    0.50622695777207,
  212,     0.68989439042962,    1.80693221591883,    0.50622368434841,    0.91471188371027,    0.50622368434841,
  213,     0.69057656467930,    1.80703093913711,    0.50626805692782,    0.91484204236540,    0.50626805692782,
  214,     0.69186954395978,    1.80711367981181,    0.50635747740858,    0.91504552430004,    0.50635747740858,
  215,     0.69316233235768,    1.80732256190345,    0.50641105519016,    0.91524812564251,    0.50641105519016,
  216,     0.69384427796218,    1.80729451781999,    0.50640375030683,    0.91522072173301,    0.50640375030683,
  217,     0.69452622387373,    1.80728752760040,    0.50642681096906,    0.91525885910683,    0.50642681096906,
  218,     0.69581889302813,    1.80707368606004,    0.50643421565424,    0.91516394482924,    0.50643421565424,
  219,     0.69711161353674,    1.80680383227625,    0.50638953195045,    0.91494654695266,    0.50638953195045,
  220,     0.69779361618377,    1.80681931916421,    0.50634539395384,    0.91487463996560,    0.50634539395384,
  221,     0.69847565042109,    1.80676488780826,    0.50634713010751,    0.91485021572072,    0.50634713010751,
  222,     0.69976862654100,    1.80699571990643,    0.50627190282971,    0.91483116152216,    0.50627190282971,
  223,     0.70106182657245,    1.80718612906305,    0.50619444453812,    0.91478757877807,    0.50619444453812,
  224,     0.70174406938193,    1.80702841944091,    0.50619818741444,    0.91471451052737,    0.50619818741444,
  225,     0.70242629613733,    1.80700506744256,    0.50620939635389,    0.91472294439852,    0.50620939635389,
  226,     0.70371954096368,    1.80667219391440,    0.50620816750873,    0.91455222057038,    0.50620816750873,
  227,     0.70501279211323,    1.80657424053629,    0.50621146936692,    0.91450860082231,    0.50621146936692,
  228,     0.70569499938946,    1.80650985676698,    0.50623023215182,    0.91450990417570,    0.50623023215182,
  229,     0.70637718054841,    1.80643764054841,    0.50624565803404,    0.91450121203688,    0.50624565803404,
  230,     0.70767029986209,    1.80651812768581,    0.50627327375458,    0.91459184660049,    0.50627327375458,
  231,     0.70896334354828,    1.80675061795462,    0.50630584136219,    0.91476839175518,    0.50630584136219,
  232,     0.70964542004543,    1.80689498902523,    0.50630233789916,    0.91483515728175,    0.50630233789916,
  233,     0.71032752104768,    1.80718517725243,    0.50631068780455,    0.91499717008487,    0.50631068780455,
  234,     0.71162051838326,    1.80760286354559,    0.50629391625515,    0.91517833281851,    0.50629391625515,
  235,     0.71291357316629,    1.80747038376186,    0.50628848477162,    0.91510144186436,    0.50628848477162,
  236,     0.71359566024785,    1.80746401747590,    0.50633524407913,    0.91518273445290,    0.50633524407913,
  237,     0.71427770845821,    1.80720240352049,    0.50633844370707,    0.91505605246225,    0.50633844370707,
  238,     0.71557062989650,    1.80702735049128,    0.50633651758033,    0.91496393582016,    0.50633651758033,
  239,     0.71686351771978,    1.80678977661712,    0.50637562395001,    0.91491430048099,    0.50637562395001,
  240,     0.71754547802396,    1.80668060796251,    0.50643484142269,    0.91496600719495,    0.50643484142269,
  241,     0.71822741071486,    1.80666574556393,    0.50641135764103,    0.91491605301458,    0.50641135764103,
  242,     0.71952019340036,    1.80665079751357,    0.50637172971700,    0.91483688933154,    0.50637172971700,
  243,     0.72081307224949,    1.80678122436853,    0.50633544329721,    0.91483737218171,    0.50633544329721,
  244,     0.72149513547719,    1.80681967921607,    0.50631998418018,    0.91482891139711,    0.50631998418018,
  245,     0.72217725183007,    1.80705730356647,    0.50625538373647,    0.91483248865084,    0.50625538373647,
  246,     0.72347046056506,    1.80713670295197,    0.50620896339026,    0.91478879710581,    0.50620896339026,
  247,     0.72476368399711,    1.80701655306576,    0.50623722467852,    0.91477904477215,    0.50623722467852,
  248,     0.72544584637138,    1.80702726222621,    0.50627297044028,    0.91484905971383,    0.50627297044028,
  249,     0.72612798507100,    1.80695663869259,    0.50626752899927,    0.91480347247972,    0.50626752899927,
  250,     0.72742104219396,    1.80686285168354,    0.50630932324977,    0.91483150764105,    0.50630932324977,
  251,     0.72871394603488,    1.80668915639678,    0.50637711208873,    0.91486603745823,    0.50637711208873,
  252,     0.72939592193503,    1.80679867982608,    0.50641868429347,    0.91499661022069,    0.50641868429347,
  253,     0.73007783976851,    1.80688086654292,    0.50643121544998,    0.91506087341664,    0.50643121544998,
  254,     0.73137055102333,    1.80695839214150,    0.50640258033004,    0.91504839232948,    0.50640258033004,
  255,     0.73266336807812,    1.80716476082870,    0.50634873568743,    0.91505559182448,    0.50634873568743,
  256,     0.73334542537021,    1.80734407167899,    0.50629805705235,    0.91505479191615,    0.50629805705235,
  257,     0.73402757155409,    1.80743537008348,    0.50624836057972,    0.91501119295857,    0.50624836057972,
  258,     0.73532074326728,    1.80725046640176,    0.50623970095653,    0.91490193566477,    0.50623970095653,
  259,     0.73661387759274,    1.80699173873390,    0.50626942634067,    0.91482467097113,    0.50626942634067,
  260,     0.73729600653951,    1.80695509349259,    0.50630928582149,    0.91487814289774,    0.50630928582149,
  261,     0.73797805685102,    1.80679307157763,    0.50633927271523,    0.91485028980954,    0.50633927271523,
  262,     0.73927092421960,    1.80642604591548,    0.50638159730092,    0.91474090653668,    0.50638159730092,
  263,     0.74056366324446,    1.80629967385567,    0.50643285875609,    0.91476950760093,    0.50643285875609,
  264,     0.74124557006282,    1.80625377406854,    0.50642156588618,    0.91472586465162,    0.50642156588618,
  265,     0.74192750397780,    1.80647570216190,    0.50644178341609,    0.91487477630071,    0.50644178341609,
  266,     0.74322015711983,    1.80659479860868,    0.50642311353317,    0.91490136280424,    0.50642311353317,
  267,     0.74451296428541,    1.80684937964912,    0.50633595937552,    0.91487281409170,    0.50633595937552,
  268,     0.74519504462468,    1.80696456776437,    0.50628897974985,    0.91484624745755,    0.50628897974985,
  269,     0.74587714396211,    1.80686402498280,    0.50631623389819,    0.91484458829542,    0.50631623389819,
  270,     0.74717000093488,    1.80673986614949,    0.50641383277030,    0.91495806043566,    0.50641383277030,
  271,     0.74846258128833,    1.80669321141823,    0.50652567608396,    0.91513650038992,    0.50652567608396,
  272,     0.74914434074728,    1.80644830298944,    0.50655691665093,    0.91506888245163,    0.50655691665093,
  273,     0.74982600845103,    1.80609055438092,    0.50668740184402,    0.91512333049428,    0.50668740184402,
  274,     0.75111787147559,    1.80552450502130,    0.50678198057409,    0.91500728462976,    0.50678198057409,
  275,     0.75240969843535,    1.80609486576445,    0.50673677183782,    0.91521468191033,    0.50673677183782,
  276,     0.75309123441023,    1.80646370509401,    0.50671533857022,    0.91536286794153,    0.50671533857022,
  277,     0.75377259768971,    1.80668733664949,    0.50693078728507,    0.91586543394569,    0.50693078728507,
  278,     0.75506392664342,    1.80805870852070,    0.50693042269133,    0.91655996536113,    0.50693042269133,
  279,     0.75635556440332,    1.80926687909079,    0.50675110411298,    0.91684798861431,    0.50675110411298,
  280,     0.75703709086627,    1.80899613281461,    0.50666283002798,    0.91655110016153,    0.50666283002798,
  281,     0.75771863122521,    1.80883693812594,    0.50679441268288,    0.91670845369663,    0.50679441268288,
  282,     0.75901016156447,    1.80969743583303,    0.50696198944104,    0.91744781235626,    0.50696198944104,
  283,     0.76030109837080,    1.81023199685958,    0.50734946067016,    0.91842022729457,    0.50734946067016,
  284,     0.76098149580703,    1.80903639612296,    0.50776710511982,    0.91856917391576,    0.50776710511982,
  285,     0.76166106582266,    1.80949705411245,    0.50861280511937,    0.92033337254736,    0.50861280511937,
  286,     0.76294676917325,    1.81302188085853,    0.50958390046861,    0.92388676168283,    0.50958390046861,
  287,     0.76423125512865,    1.81678934704423,    0.50957527188688,    0.92579092548126,    0.50957527188688,
  288,     0.76490920771926,    1.81795467596222,    0.50931695830749,    0.92591514590195,    0.50931695830749,
  289,     0.76558679988621,    1.81777427457259,    0.50986971935142,    0.92682805922055,    0.50986971935142,
  290,     0.76686990923456,    1.81874623542983,    0.51049373191747,    0.92845855313541,    0.51049373191747,
  291,     0.76815202115183,    1.82012779988416,    0.51059897979895,    0.92935539772455,    0.51059897979895,
  292,     0.76882853429481,    1.82081321173267,    0.51001738728125,    0.92864639697508,    0.51001738728125,
  293,     0.76950600840929,    1.82098946258429,    0.50979149361090,    0.92832493798056,    0.50979149361090,
  294,     0.77078998199723,    1.82082963076971,    0.50994535882277,    0.92852361941800,    0.50994535882277,
  295,     0.77207350840870,    1.82043007022447,    0.51015222905346,    0.92869645816096,    0.51015222905346,
  296,     0.77275036499007,    1.82040762674894,    0.50943488689106,    0.92737915342846,    0.50943488689106,
  297,     0.77343040346426,    1.81932767381547,    0.50716976618078,    0.92270799093522,    0.50716976618078,
  298,     0.77472329802352,    1.81533218890393,    0.50582511874062,    0.91824062000599,    0.50582511874062,
  299,     0.77601722683431,    1.81061717343940,    0.50639675789889,    0.91689066642577,    0.50639675789889,
  300,     0.77669849249414,    1.80865310141437,    0.50541304912159,    0.91411687878905,    0.50541304912159,
  301,     0.77738847821696,    1.80418906265589,    0.49805188224723,    0.89857975858563,    0.49805188224723,
  302,     0.77871123496758,    1.79045461077252,    0.49283923393446,    0.88240627876754,    0.49283923393446,
  303,     0.78003908509636,    1.77471796106382,    0.49436213683364,    0.87735336350855,    0.49436213683364,
  304,     0.78073528719984,    1.76784216240186,    0.49365638245832,    0.87270656664859,    0.49365638245832,
  305,     0.78145214997331,    1.75624707339502,    0.47523822686553,    0.83463574509802,    0.47523822686553,
  306,     0.78285488403392,    1.72074365904896,    0.46090889754264,    0.79310606284575,    0.46090889754264,
  307,     0.78427443113965,    1.67939072643822,    0.46452304950631,    0.78011570155771,    0.46452304950631,
  308,     0.78501096883304,    1.66137697691394,    0.46837762718765,    0.77815180631115,    0.46837762718765,
  309,     0.78578418749526,    1.63962848900001,    0.43327749948416,    0.71041413179692,    0.43327749948416,
  310,     0.78736290897772,    1.56875168454661,    0.40156243007202,    0.62995173862611,    0.40156243007202,
  311,     0.78899370643838,    1.48033179734959,    0.40794782081652,    0.60389813081417,    0.40794782081652,
  312,     0.78982192717723,    1.44226778921837,    0.42720884271730,    0.61614955312042,    0.42720884271730,
  313,     0.79068124801127,    1.41392161414873,    0.38154327102588,    0.53947227763649,    0.38154327102588,
  314,     0.79255044001256,    1.31441971161346,    0.32684185795524,    0.42960738067673,    0.32684185795524,
  315,     0.79457346831239,    1.16736860674218,    0.33175912984432,    0.38728519318037,    0.33175912984432,
  316,     0.79557311674903,    1.10144218094155,    0.37384520465398,    0.41176887754862,    0.37384520465398,
  317,     0.79653887551760,    1.06299268822441,    0.33407218932242,    0.35511629458885,    0.33407218932242,
  318,     0.79875573906983,    0.95375430757905,    0.26548830997649,    0.25321061925196,    0.26548830997649,
  319,     0.80131847242514,    0.78989244846467,    0.25953944784604,    0.20500824993227,    0.25953944784604,
  320,     0.80258390887325,    0.69818457741266,    0.31022646409702,    0.21659533273780,    0.31022646409702,
  321,     0.80372959616253,    0.62677733445218,    0.28143992128556,    0.17640016367179,    0.28143992128556,
  322,     0.80634349747410,    0.49749553800532,    0.22722070507586,    0.11304128691766,    0.22722070507586,
  323,     0.80934960212856,    0.40131796743346,    0.21659591771867,    0.08692383345324,    0.21659591771867,
  324,     0.81090174790469,    0.33270847092288,    0.24592435920466,    0.08182111751367,    0.24592435920466,
  325,     0.81231762432335,    0.25039362178011,    0.23253604009613,    0.05822554127407,    0.23253604009613,
  326,     0.81532724639704,    0.15527602873746,    0.20709895333146,    0.03215750302899,    0.20709895333146,
  327,     0.81853421027952,    0.12368257978441,    0.20346611264495,    0.02516521371063,    0.20346611264495,
  328,     0.82022306211705,    0.10468346837108,    0.21152584760001,    0.02214325937690,    0.21152584760001,
  329,     0.82185257239605,    0.06301591726671,    0.20821136672253,    0.01312063025938,    0.20821136672253,
  330,     0.82506221806511,    0.03235903214080,    0.20127590361341,    0.00651309343419,    0.20127590361341,
  331,     0.82832312459591,    0.02583779382396,    0.20073051908018,    0.00518643376617,    0.20073051908018,
  332,     0.83004282423285,    0.02220668094753,    0.20209855550274,    0.00448793814201,    0.20209855550274,
  333,     0.83174949312774,    0.01200329291567,    0.20157195910469,    0.00241952726872,    0.20157195910469,
  334,     0.83501087589650,    0.00579144422838,    0.20021560793831,    0.00115953752703,    0.20021560793831,
  335,     0.83828201018062,    0.00465275946376,    0.20013774365608,    0.00093119278085,    0.20013774365608,
  336,     0.84000749428375,    0.00399340780498,    0.20035578647972,    0.00080010236150,    0.20035578647972,
  337,     0.84173065041546,    0.00210448432543,    0.20027552351003,    0.00042147669999,    0.20027552351003,
  338,     0.84500184995470,    0.00100212653601,    0.20003668368009,    0.00020046206889,    0.20003668368009,
  339,     0.84827475105088,    0.00080479089798,    0.20002433596301,    0.00016097776496,    0.20002433596301,
  340,     0.85000126578705,    0.00068902596964,    0.20006101094095,    0.00013784723205,    0.20006101094095,
  341,     0.85172737496608,    0.00036218292890,    0.20004796080676,    0.00007245395636,    0.20004796080676,
  342,     0.85500028623024,    0.00017462382703,    0.20000585712585,    0.00003492578820,    0.20000585712585,
  343,     0.85827350263237,    0.00014040644591,    0.20000359070514,    0.00002808179334,    0.20000359070514,
  344,     0.86000019860935,    0.00011588657368,    0.20001025971301,    0.00002317850370,    0.20001025971301,
  345,     0.86172682434321,    0.00005747377380,    0.20000863981530,    0.00001149525132,    0.20000863981530,
  346,     0.86500002041892,    0.00002509117654,    0.20000155656596,    0.00000501827436,    0.20000155656596,
  347,     0.86827328150229,    0.00001959500226,    0.19999971549758,    0.00000391899488,    0.19999971549758,
  348,     0.87000001885856,    0.00001950647727,    0.20000095623335,    0.00000390131411,    0.20000095623335,
  349,     0.87172673420450,    0.00000556764093,    0.20000095415788,    0.00000111353350,    0.20000095415788,
  350,     0.87499999977653,    -0.00000032912429,    0.19999984983323,    -0.00000006582481,    0.19999984983323,
  351,     0.87827326841368,    0.00000011962785,    0.20000010437320,    0.00000002392558,    0.20000010437320,
  352,     0.87999999994474,    -0.00000004338905,    0.19999990568920,    -0.00000000867781,    0.19999990568920,
  353,     0.88172673162718,    -0.00000000977400,    0.19999999799568,    -0.00000000195480,    0.19999999799568,
  354,     0.88499999998489,    0.00000000064393,    0.20000000039982,    0.00000000012879,    0.20000000039982,
  355,     0.88827326833795,    -0.00000000024598,    0.19999999972792,    -0.00000000004920,    0.19999999972792,
  356,     0.88999999998456,    0.00000000012910,    0.20000000026040,    0.00000000002582,    0.20000000026040,
  357,     0.89172673163093,    0.00000000001127,    0.20000000000663,    0.00000000000225,    0.20000000000663,
  358,     0.89499999998441,    -0.00000000000249,    0.20000000000249,    -0.00000000000050,    0.20000000000249,
  359,     0.89827326833789,    0.00000000000215,    0.20000000000395,    0.00000000000043,    0.20000000000395,
  360,     0.89999999998432,    -0.00000000000737,    0.20000000000295,    -0.00000000000147,    0.20000000000295,
  361,     0.90172673163075,    -0.00000000000081,    0.20000000000327,    -0.00000000000016,    0.20000000000327,
  362,     0.90499999998424,    0.00000000000667,    0.20000000000313,    0.00000000000133,    0.20000000000313,
  363,     0.90827326833773,    0.00000000000262,    0.20000000000282,    0.00000000000052,    0.20000000000282,
  364,     0.90999999998417,    0.00000000000426,    0.20000000000278,    0.00000000000085,    0.20000000000278,
  365,     0.91172673163060,    0.00000000000689,    0.20000000000288,    0.00000000000138,    0.20000000000288,
  366,     0.91499999998410,    0.00000000000279,    0.20000000000292,    0.00000000000056,    0.20000000000292,
  367,     0.91827326833759,    0.00000000000465,    0.20000000000293,    0.00000000000093,    0.20000000000293,
  368,     0.91999999998402,    0.00000000000465,    0.20000000000234,    0.00000000000093,    0.20000000000234,
  369,     0.92172673163046,    0.00000000000902,    0.20000000000296,    0.00000000000180,    0.20000000000296,
  370,     0.92499999998395,    0.00000000000629,    0.20000000000261,    0.00000000000126,    0.20000000000261,
  371,     0.92827326833745,    0.00000000000658,    0.20000000000268,    0.00000000000132,    0.20000000000268,
  372,     0.92999999998389,    0.00000000000004,    0.20000000000374,    0.00000000000001,    0.20000000000374,
  373,     0.93172673163032,    0.00000000000435,    0.20000000000279,    0.00000000000087,    0.20000000000279,
  374,     0.93499999998382,    0.00000000000535,    0.20000000000236,    0.00000000000107,    0.20000000000236,
  375,     0.93827326833732,    0.00000000000878,    0.20000000000205,    0.00000000000176,    0.20000000000205,
  376,     0.93999999998377,    0.00000000000923,    0.20000000000235,    0.00000000000185,    0.20000000000235,
  377,     0.94172673163020,    0.00000000000862,    0.20000000000290,    0.00000000000172,    0.20000000000290,
  378,     0.94499999998369,    0.00000000000698,    0.20000000000278,    0.00000000000140,    0.20000000000278,
  379,     0.94827326833719,    0.00000000000443,    0.20000000000250,    0.00000000000089,    0.20000000000250,
  380,     0.94999999998363,    0.00000000000716,    0.20000000000233,    0.00000000000143,    0.20000000000233,
  381,     0.95172673163007,    0.00000000000877,    0.20000000000200,    0.00000000000175,    0.20000000000200,
  382,     0.95499999998357,    0.00000000000532,    0.20000000000268,    0.00000000000106,    0.20000000000268,
  383,     0.95827326833707,    0.00000000000737,    0.20000000000230,    0.00000000000147,    0.20000000000230,
  384,     0.95999999998352,    0.00000000000582,    0.20000000000147,    0.00000000000116,    0.20000000000147,
  385,     0.96172673162996,    0.00000000001008,    0.20000000000226,    0.00000000000202,    0.20000000000226,
  386,     0.96499999998346,    0.00000000000634,    0.20000000000235,    0.00000000000127,    0.20000000000235,
  387,     0.96827326833696,    0.00000000000930,    0.20000000000243,    0.00000000000186,    0.20000000000243,
  388,     0.96999999998340,    0.00000000000691,    0.20000000000202,    0.00000000000138,    0.20000000000202,
  389,     0.97172673162984,    0.00000000001222,    0.20000000000203,    0.00000000000244,    0.20000000000203,
  390,     0.97499999998335,    0.00000000000916,    0.20000000000234,    0.00000000000183,    0.20000000000234,
  391,     0.97827326833685,    0.00000000001026,    0.20000000000207,    0.00000000000205,    0.20000000000207,
  392,     0.97999999998329,    0.00000000000808,    0.20000000000131,    0.00000000000162,    0.20000000000131,
  393,     0.98172673162974,    0.00000000000953,    0.20000000000189,    0.00000000000191,    0.20000000000189,
  394,     0.98499999998324,    0.00000000001113,    0.20000000000219,    0.00000000000223,    0.20000000000219,
  395,     0.98827326833675,    0.00000000001083,    0.20000000000167,    0.00000000000217,    0.20000000000167,
  396,     0.98999999998320,    0.00000000001051,    0.20000000000161,    0.00000000000210,    0.20000000000161,
  397,     0.99172673162964,    0.00000000001225,    0.20000000000245,    0.00000000000245,    0.20000000000245,
  398,     0.99499999998314,    0.00000000001336,    0.20000000000167,    0.00000000000267,    0.20000000000167,
  399,     0.99827326833666,    0.00000000000984,    0.20000000000164,    0.00000000000197,    0.20000000000164,
  400,     0.99999999998310,    0.00000000001270,    0.20000000000316,    0.00000000000254,    0.20000000000316,
