 indi,                  x_v,                   v,                   H,                   q,                 eta
    0,     0.00000000000000,    0.00000000000000,    1.00000000000000,    0.00000000000000,    1.00000000000000,
    1,     0.00138196601125,    0.00000000000000,    1.00000000000000,    0.00000000000000,    1.00000000000000,
    2,     0.00361803398875,    0.00000000000000,    1.00000000000000,    0.00000000000000,    1.00000000000000,
    3,     0.00500000000000,    0.00000000000000,    1.00000000000000,    0.00000000000000,    1.00000000000000,
    4,     0.00638196601125,    0.00000000000000,    1.00000000000000,    0.00000000000000,    1.00000000000000,
    5,     0.00861803398875,    0.00000000000000,    1.00000000000000,    0.00000000000000,    1.00000000000000,
    6,     0.01000000000000,    0.00000000000000,    1.00000000000000,    0.00000000000000,    1.00000000000000,
    7,     0.01138196601125,    0.00000000000000,    1.00000000000000,    0.00000000000000,    1.00000000000000,
    8,     0.01361803398875,    0.00000000000000,    1.00000000000000,    0.00000000000000,    1.00000000000000,
    9,     0.01500000000000,    0.00000000000000,    1.00000000000000,    0.00000000000000,    1.00000000000000,
   10,     0.01638196601125,    0.00000000000000,    1.00000000000000,    0.00000000000000,    1.00000000000000,
   11,     0.01861803398875,    0.00000000000000,    1.00000000000000,    0.00000000000000,    1.00000000000000,
   12,     0.02000000000000,    0.00000000000000,    1.00000000000000,    0.00000000000000,    1.00000000000000,
   13,     0.02138196601125,    0.00000000000000,    1.00000000000000,    0.00000000000000,    1.00000000000000,
   14,     0.02361803398875,    0.00000000000000,    1.00000000000000,    0.00000000000000,    1.00000000000000,
   15,     0.02500000000000,    0.00000000000000,    1.00000000000000,    0.00000000000000,    1.00000000000000,
   16,     0.02638196601125,    0.00000000000000,    1.00000000000000,    0.00000000000000,    1.00000000000000,
   17,     0.02861803398875,    0.00000000000000,    1.00000000000000,    0.00000000000000,    1.00000000000000,
   18,     0.03000000000000,    0.00000000000000,    1.00000000000000,    0.00000000000000,    1.00000000000000,
   19,     0.03138196601125,    0.00000000000000,    1.00000000000000,    0.00000000000000,    1.00000000000000,
   20,     0.03361803398875,    0.00000000000000,    1.00000000000000,    0.00000000000000,    1.00000000000000,
   21,     0.03500000000000,    0.00000000000000,    1.00000000000000,    0.00000000000000,    1.00000000000000,
   22,     0.03638196601125,    0.00000000000000,    1.00000000000000,    0.00000000000000,    1.00000000000000,
   23,     0.03861803398875,    0.00000000000000,    1.00000000000000,    0.00000000000000,    1.00000000000000,
   24,     0.04000000000000,    0.00000000000000,    1.00000000000000,    0.00000000000000,    1.00000000000000,
   25,     0.04138196601125,    0.00000000000000,    1.00000000000000,    0.00000000000000,    1.00000000000000,
   26,     0.04361803398875,    0.00000000000000,    1.00000000000000,    0.00000000000000,    1.00000000000000,
   27,     0.04500000000000,    0.00000000000000,    1.00000000000000,    0.00000000000000,    1.00000000000000,
   28,     0.04638196601125,    0.00000000000000,    1.00000000000000,    0.00000000000000,    1.00000000000000,
   29,     0.04861803398875,    0.00000000000000,    1.00000000000000,    0.00000000000000,    1.00000000000000,
   30,     0.05000000000000,    0.00000000000000,    1.00000000000000,    0.00000000000000,    1.00000000000000,
   31,     0.05138196601125,    0.00000000000000,    1.00000000000000,    0.00000000000000,    1.00000000000000,
   32,     0.05361803398875,    0.00000000000000,    1.00000000000000,    0.00000000000000,    1.00000000000000,
   33,     0.05500000000000,    0.00000000000000,    1.00000000000000,    0.00000000000000,    1.00000000000000,
   34,     0.05638196601125,    0.00000000000000,    1.00000000000000,    0.00000000000000,    1.00000000000000,
   35,     0.05861803398875,    0.00000000000000,    1.00000000000000,    0.00000000000000,    1.00000000000000,
   36,     0.06000000000000,    0.00000000000000,    1.00000000000000,    0.00000000000000,    1.00000000000000,
   37,     0.06138196601125,    0.00000000000000,    1.00000000000000,    0.00000000000000,    1.00000000000000,
   38,     0.06361803398875,    0.00000000000000,    1.00000000000000,    0.00000000000000,    1.00000000000000,
   39,     0.06500000000000,    0.00000000000000,    1.00000000000000,    0.00000000000000,    1.00000000000000,
   40,     0.06638196601125,    0.00000000000000,    1.00000000000000,    0.00000000000000,    1.00000000000000,
   41,     0.06861803398875,    0.00000000000000,    1.00000000000000,    0.00000000000000,    1.00000000000000,
   42,     0.07000000000000,    0.00000000000000,    1.00000000000000,    0.00000000000000,    1.00000000000000,
   43,     0.07138196601125,    0.00000000000000,    1.00000000000000,    0.00000000000000,    1.00000000000000,
   44,     0.07361803398875,    0.00000000000000,    1.00000000000000,    0.00000000000000,    1.00000000000000,
   45,     0.07500000000000,    0.00000000000000,    1.00000000000000,    0.00000000000000,    1.00000000000000,
   46,     0.07638196601125,    0.00000000000000,    1.00000000000000,    0.00000000000000,    1.00000000000000,
   47,     0.07861803398875,    0.00000000000000,    1.00000000000000,    0.00000000000000,    1.00000000000000,
   48,     0.08000000000000,    0.00000000000000,    1.00000000000000,    0.00000000000000,    1.00000000000000,
   49,     0.08138196601125,    0.00000000000000,    1.00000000000000,    0.00000000000000,    1.00000000000000,
   50,     0.08361803398875,    0.00000000000000,    1.00000000000000,    0.00000000000000,    1.00000000000000,
   51,     0.08500000000000,    0.00000000000000,    1.00000000000000,    0.00000000000000,    1.00000000000000,
   52,     0.08638196601125,    0.00000000000000,    1.00000000000000,    0.00000000000000,    1.00000000000000,
   53,     0.08861803398875,    0.00000000000000,    1.00000000000000,    0.00000000000000,    1.00000000000000,
   54,     0.09000000000000,    0.00000000000000,    1.00000000000000,    0.00000000000000,    1.00000000000000,
   55,     0.09138196601125,    0.00000000000000,    1.00000000000000,    0.00000000000000,    1.00000000000000,
   56,     0.09361803398875,    0.00000000000000,    1.00000000000000,    0.00000000000000,    1.00000000000000,
   57,     0.09500000000000,    0.00000000000000,    1.00000000000000,    0.00000000000000,    1.00000000000000,
   58,     0.09638196601125,    0.00000000000000,    1.00000000000000,    0.00000000000000,    1.00000000000000,
   59,     0.09861803398875,    0.00000000000000,    1.00000000000000,    0.00000000000000,    1.00000000000000,
   60,     0.10000000000000,    0.00000000000000,    1.00000000000000,    0.00000000000000,    1.00000000000000,
   61,     0.10138196601125,    0.00000000000000,    1.00000000000000,    0.00000000000000,    1.00000000000000,
   62,     0.10361803398875,    0.00000000000000,    1.00000000000000,    0.00000000000000,    1.00000000000000,
   63,     0.10500000000000,    0.00000000000000,    1.00000000000000,    0.00000000000000,    1.00000000000000,
   64,     0.10638196601125,    0.00000000000000,    1.00000000000000,    0.00000000000000,    1.00000000000000,
   65,     0.10861803398875,    0.00000000000000,    1.00000000000000,    0.00000000000000,    1.00000000000000,
   66,     0.11000000000000,    0.00000000000000,    1.00000000000000,    0.00000000000000,    1.00000000000000,
   67,     0.11138196601125,    0.00000000000000,    1.00000000000000,    0.00000000000000,    1.00000000000000,
   68,     0.11361803398875,    0.00000000000000,    1.00000000000000,    0.00000000000000,    1.00000000000000,
   69,     0.11500000000000,    0.00000000000000,    1.00000000000000,    0.00000000000000,    1.00000000000000,
   70,     0.11638196601125,    0.00000000000000,    1.00000000000000,    0.00000000000000,    1.00000000000000,
   71,     0.11861803398875,    0.00000000000000,    1.00000000000000,    0.00000000000000,    1.00000000000000,
   72,     0.12000000000000,    0.00000000000000,    1.00000000000000,    0.00000000000000,    1.00000000000000,
   73,     0.12138196601125,    0.00000000000000,    1.00000000000000,    0.00000000000000,    1.00000000000000,
   74,     0.12361803398875,    0.00000000000000,    1.00000000000000,    0.00000000000000,    1.00000000000000,
   75,     0.12500000000000,    0.00000000000000,    1.00000000000000,    0.00000000000000,    1.00000000000000,
   76,     0.12638196601125,    0.00000000000000,    1.00000000000000,    0.00000000000000,    1.00000000000000,
   77,     0.12861803398875,    0.00000000000000,    1.00000000000000,    0.00000000000000,    1.00000000000000,
   78,     0.13000000000000,    0.00000000000006,    0.99999999999999,    0.00000000000006,    0.99999999999999,
   79,     0.13138196601125,    -0.00000000000007,    0.99999999999999,    -0.00000000000007,    0.99999999999999,
   80,     0.13361803398875,    0.00000000000082,    0.99999999999981,    0.00000000000082,    0.99999999999981,
   81,     0.13500000000000,    -0.00000000000019,    0.99999999999946,    -0.00000000000019,    0.99999999999946,
   82,     0.13638196601125,    -0.00000000000254,    1.00000000000127,    -0.00000000000254,    1.00000000000127,
   83,     0.13861803398875,    0.00000000000153,    0.99999999999894,    0.00000000000153,    0.99999999999894,
   84,     0.14000000000000,    0.00000000001880,    0.99999999999435,    0.00000000001880,    0.99999999999435,
   85,     0.14138196601126,    0.00000000001560,    0.99999999999581,    0.00000000001560,    0.99999999999581,
   86,     0.14361803398874,    -0.00000000009346,    1.00000000002628,    -0.00000000009346,    1.00000000002628,
   87,     0.14499999999993,    -0.00000000010956,    1.00000000009422,    -0.00000000010956,    1.00000000009422,
   88,     0.14638196601120,    0.00000000021382,    0.99999999987665,    0.00000000021382,    0.99999999987665,
   89,     0.14861803398907,    0.00000000067651,    0.99999999987313,    0.00000000067651,    0.99999999987313,
   90,     0.15000000000035,    -0.00000000112645,    0.99999999980133,    -0.00000000112645,    0.99999999980133,
   91,     0.15138196601051,    -0.00000000369537,    1.00000000158959,    -0.00000000369537,    1.00000000158959,
   92,     0.15361803398639,    0.00000000323192,    0.99999999852894,    0.00000000323192,    0.99999999852894,
   93,     0.15500000000339,    0.00000002173718,    0.99999999317986,    0.00000002173718,    0.99999999317986,
   94,     0.15638196602386,    0.00000001699949,    0.99999999527112,    0.00000001699949,    0.99999999527112,
   95,     0.15861803398273,    -0.00000009608724,    1.00000002752104,    -0.00000009608724,    1.00000002752104,
   96,     0.15999999993109,    -0.00000013353249,    1.00000008163315,    -0.00000013353250,    1.00000008163315,
   97,     0.16138196593636,    0.00000013560766,    0.99999992187703,    0.00000013560765,    0.99999992187703,
   98,     0.16361803428586,    0.00000090115774,    0.99999977331767,    0.00000090115753,    0.99999977331767,
   99,     0.16500000062332,    0.00000010024784,    0.99999950679577,    0.00000010024779,    0.99999950679577,
  100,     0.16638196613374,    -0.00000244354854,    1.00000115697722,    -0.00000244355137,    1.00000115697722,
  101,     0.16861803167549,    -0.00000227830954,    1.00000018523145,    -0.00000227830996,    1.00000018523145,
  102,     0.16999999935881,    0.00001285735083,    0.99999760923460,    0.00001285732009,    0.99999760923460,
  103,     0.17138197646196,    0.00003918793118,    0.99998655876570,    0.00003918740444,    0.99998655876570,
  104,     0.17361808694754,    0.00007373199938,    0.99997739521419,    0.00007373033268,    0.99997739521419,
  105,     0.17500008454150,    0.00007847709000,    0.99995191379251,    0.00007847331634,    0.99995191379251,
  106,     0.17638210367642,    0.00020192825235,    0.99995850821678,    0.00020191987398,    0.99995850821678,
  107,     0.17861863796014,    0.00140069607570,    0.99952432675363,    0.00140002980205,    0.99952432675363,
  108,     0.18000162904138,    0.00344506827236,    0.99893882845965,    0.00344141246396,    0.99893882845965,
  109,     0.18138581178339,    0.00684305012570,    0.99780693941012,    0.00682804290216,    0.99780693941012,
  110,     0.18362957260669,    0.01523437572462,    0.99516464000117,    0.01516071203364,    0.99516464000117,
  111,     0.18501971169501,    0.02177724931836,    0.99304498161801,    0.02162578814904,    0.99304498161801,
  112,     0.18641293373244,    0.02899458989767,    0.99074992454693,    0.02872638775338,    0.99074992454693,
  113,     0.18867435987334,    0.04153297883101,    0.98678444989865,    0.04098409766841,    0.98678444989865,
  114,     0.19007665406464,    0.04963797662034,    0.98421561571762,    0.04885447172236,    0.98421561571762,
  115,     0.19148264557631,    0.05793043309226,    0.98159612808356,    0.05686428882157,    0.98159612808356,
  116,     0.19376565787287,    0.07163258993479,    0.97726538594643,    0.07000405064896,    0.97726538594643,
  117,     0.19518174551895,    0.08023796322436,    0.97454100096748,    0.07819518499626,    0.97454100096748,
  118,     0.19660180986442,    0.08893570650601,    0.97179786268241,    0.08642752949869,    0.97179786268241,
  119,     0.19890807530519,    0.10318698191870,    0.96732360850506,    0.09981520370034,    0.96732360850506,
  120,     0.20033878315703,    0.11208418001886,    0.96453915989359,    0.10810958083275,    0.96453915989359,
  121,     0.20177363818007,    0.12103095341552,    0.96173916313619,    0.11640020785142,    0.96173916313619,
  122,     0.20410418350013,    0.13558686299996,    0.95718152315393,    0.12978124004597,    0.95718152315393,
  123,     0.20555010980885,    0.14463422256413,    0.95434899871713,    0.13803152548431,    0.95434899871713,
  124,     0.20700033690521,    0.15372831563115,    0.95151220111747,    0.14627436798028,    0.95151220111747,
  125,     0.20935605142397,    0.16854850786457,    0.94690924330823,    0.15960014004277,    0.94690924330823,
  126,     0.21081770246797,    0.17776266036715,    0.94405684104553,    0.16781805560206,    0.94405684104553,
  127,     0.21228378554700,    0.18700780506924,    0.94119242457013,    0.17601032946665,    0.94119242457013,
  128,     0.21466545531615,    0.20202450538355,    0.93653875838647,    0.18920377943555,    0.93653875838647,
  129,     0.21614334426023,    0.21135219998723,    0.93365089861057,    0.19732917144140,    0.93365089861057,
  130,     0.21762581255954,    0.22072599854348,    0.93076139941344,    0.20544323929126,    0.93076139941344,
  131,     0.22003428762399,    0.23599618313385,    0.92607290508865,    0.21854967090460,    0.92607290508865,
  132,     0.22152891927649,    0.24548557403086,    0.92316710524797,    0.22662420675821,    0.92316710524797,
  133,     0.22302827426491,    0.25500647843744,    0.92024701661642,    0.23466895099991,    0.92024701661642,
  134,     0.22546440937344,    0.27048056268883,    0.91550351312916,    0.24762590537478,    0.91550351312916,
  135,     0.22697635485010,    0.28010211505766,    0.91256012935610,    0.25561002234993,    0.91256012935610,
  136,     0.22849318548012,    0.28977600345685,    0.90961562586278,    0.26358478074442,    0.90961562586278,
  137,     0.23095792018644,    0.30553409328632,    0.90483431165718,    0.27645773098653,    0.90483431165718,
  138,     0.23248774136133,    0.31532268193661,    0.90186891606744,    0.28437972536965,    0.90186891606744,
  139,     0.23402261398153,    0.32514407588224,    0.89888784553554,    0.29226805785843,    0.89888784553554,
  140,     0.23651692380113,    0.34111727918320,    0.89404848617777,    0.30497538706282,    0.89404848617777,
  141,     0.23806526210511,    0.35105610659384,    0.89104769399070,    0.31280773424180,    0.89104769399070,
  142,     0.23961882374762,    0.36104800235884,    0.88804626085640,    0.32062732848444,    0.88804626085640,
  143,     0.24214371906323,    0.37730824343962,    0.88317058574730,    0.33322754236585,    0.88317058574730,
  144,     0.24371118229803,    0.38739919219573,    0.88014562144653,    0.34096770276300,    0.88014562144653,
  145,     0.24528405386649,    0.39752315391890,    0.87710699444305,    0.34867033875533,    0.87710699444305,
  146,     0.24784060528572,    0.41399724418329,    0.87218024953676,    0.36108021973931,    0.87218024953676,
  147,     0.24942787829211,    0.42424848829971,    0.86912906589710,    0.36872669234418,    0.86912906589710,
  148,     0.25102073499814,    0.43454679406439,    0.86607569335585,    0.37635041596488,    0.86607569335585,
  149,     0.25360998989573,    0.45128121710211,    0.86111506308703,    0.38860505373488,    0.86111506308703,
  150,     0.25521772075060,    0.46165992016684,    0.85803694179811,    0.39612126605071,    0.85803694179811,
  151,     0.25683123683966,    0.47207618944737,    0.85495068887724,    0.40360186337057,    0.85495068887724,
  152,     0.25945434778215,    0.48903681384139,    0.84995089263888,    0.41565727645777,    0.84995089263888,
  153,     0.26108324968913,    0.49958539924134,    0.84685710355394,    0.42307744417936,    0.84685710355394,
  154,     0.26271812015131,    0.51017161229452,    0.84375573890556,    0.43046022570020,    0.84375573890556,
  155,     0.26537619282618,    0.52735805067154,    0.83871828524699,    0.44230483997043,    0.83871828524699,
  156,     0.26702698140610,    0.53802402735870,    0.83559290005034,    0.44956905731741,    0.83559290005034,
  157,     0.26868395664468,    0.54873844736449,    0.83246651178728,    0.45680638116108,    0.83246651178728,
  158,     0.27137823808545,    0.56619072796706,    0.82739921717397,    0.46846576509111,    0.82739921717397,
  159,     0.27305166463921,    0.57703300636362,    0.82426225094867,    0.47562652469695,    0.82426225094867,
  160,     0.27473148621371,    0.58790664170446,    0.82111093475440,    0.48273657211827,    0.82111093475440,
  161,     0.27746321944722,    0.60557114558325,    0.81599684012000,    0.49414414126378,    0.81599684012000,
  162,     0.27916010933651,    0.61655491766588,    0.81282638329564,    0.50115210382950,    0.81282638329564,
  163,     0.28086362813053,    0.62759704752707,    0.80965810127758,    0.50813903386818,    0.80965810127758,
  164,     0.28363417629404,    0.64557058962466,    0.80451369304570,    0.51937037918063,    0.80451369304570,
  165,     0.28535535607964,    0.65672455718580,    0.80132334495527,    0.52624871887839,    0.80132334495527,
  166,     0.28708341783394,    0.66791606488898,    0.79811806378486,    0.53307587647999,    0.79811806378486,
  167,     0.28989424944516,    0.68613702208511,    0.79292234762380,    0.54405337834333,    0.79292234762380,
  168,     0.29164067054406,    0.69748318258123,    0.78970507555073,    0.55080600939567,    0.78970507555073,
  169,     0.29339422561613,    0.70888427860897,    0.78648308653897,    0.55752549543934,    0.78648308653897,
  170,     0.29624684897449,    0.72741521644975,    0.78124485568051,    0.56828939579509,    0.78124485568051,
  171,     0.29801946875855,    0.73892020939484,    0.77799198300341,    0.57487399898839,    0.77799198300341,
  172,     0.29979952071199,    0.75048235386139,    0.77473418733168,    0.58142433652557,    0.77473418733168,
  173,     0.30269563923759,    0.76933569067392,    0.76945251466699,    0.59196728181212,    0.76945251466699,
  174,     0.30449550412923,    0.78106178913722,    0.76618209646886,    0.59843555907288,    0.76618209646886,
  175,     0.30630308687200,    0.79282886216613,    0.76289511265421,    0.60484526411773,    0.76289511265421,
  176,     0.30924440784895,    0.81195486135844,    0.75755890015688,    0.61510363174773,    0.75755890015688,
  177,     0.31107263826600,    0.82385576144746,    0.75424960522850,    0.62139288283697,    0.75424960522850,
  178,     0.31290890336463,    0.83582457389170,    0.75094316020849,    0.62765674689815,    0.75094316020849,
  179,     0.31589727291772,    0.85530778950523,    0.74557270540634,    0.63769414257653,    0.74557270540634,
  180,     0.31775498845525,    0.86739683539875,    0.74224141951536,    0.64381785838950,    0.74224141951536,
  181,     0.31962107646464,    0.87952963979953,    0.73889693835475,    0.64988175804013,    0.73889693835475,
  182,     0.32265844546067,    0.89929338117385,    0.73348052057857,    0.65961417737626,    0.73348052057857,
  183,     0.32454688211068,    0.91159531028901,    0.73013000990884,    0.66558309293416,    0.73013000990884,
  184,     0.32644401467804,    0.92394467823245,    0.72677084162770,    0.67149605141644,    0.72677084162770,
  185,     0.32953232717661,    0.94399602837979,    0.72131576108139,    0.68091921366858,    0.72131576108139,
  186,     0.33145273011143,    0.95645032270587,    0.71793186205430,    0.68666616114266,    0.71793186205430,
  187,     0.33338219870110,    0.96896929392451,    0.71455279201386,    0.69237971434946,    0.71455279201386,
  188,     0.33652357846594,    0.98935760825859,    0.70907344916032,    0.70152721174092,    0.70907344916032,
  189,     0.33847723072865,    1.00200689245274,    0.70568029502746,    0.70709651948559,    0.70568029502746,
  190,     0.34044032098420,    1.01469164442240,    0.70227121278109,    0.71258873172736,    0.70227121278109,
  191,     0.34363694862567,    1.03533174086673,    0.69675243349879,    0.72136990992744,    0.69675243349879,
  192,     0.34562526052821,    1.04818061093830,    0.69333954827755,    0.72674507130125,    0.69333954827755,
  193,     0.34762338830600,    1.06108379264319,    0.68992253850428,    0.73206562378613,    0.68992253850428,
  194,     0.35087752775247,    1.08203759677096,    0.68437158015102,    0.74051577988495,    0.68437158015102,
  195,     0.35290194653409,    1.09505184162779,    0.68092670390992,    0.74565004113010,    0.68092670390992,
  196,     0.35493662656212,    1.10813905292331,    0.67748555089452,    0.75074819673748,    0.67748555089452,
  197,     0.35825083407871,    1.12947742725399,    0.67190223323833,    0.75889840576424,    0.67190223323833,
  198,     0.36031294329871,    1.14273125265488,    0.66844231207108,    0.76384992060051,    0.66844231207108,
  199,     0.36238578478248,    1.15603616633126,    0.66496196855321,    0.76872008488234,    0.66496196855321,
  200,     0.36576282399716,    1.17772275370974,    0.65932133820022,    0.77649774200475,    0.65932133820022,
  201,     0.36786443665711,    1.19124685268680,    0.65582904286914,    0.78125428321846,    0.65582904286914,
  202,     0.36997728568570,    1.20484240698460,    0.65232580057765,    0.78594978770613,    0.65232580057765,
  203,     0.37342016367954,    1.22694942552730,    0.64662933788275,    0.79338149464433,    0.64662933788275,
  204,     0.37556321415032,    1.24070487377368,    0.64309131547793,    0.79788652939500,    0.64309131547793,
  205,     0.37771807594787,    1.25454726848559,    0.63955891989503,    0.80235689598990,    0.63955891989503,
  206,     0.38123009639012,    1.27710016169828,    0.63382611524290,    0.80945943426530,    0.63382611524290,
  207,     0.38341658464420,    1.29108404537568,    0.63027396201111,    0.81373665656826,    0.63027396201111,
  208,     0.38561544699514,    1.30510846835536,    0.62671182167932,    0.81792690569209,    0.62671182167932,
  209,     0.38919986630667,    1.32792944131007,    0.62095954535942,    0.82459046214529,    0.62095954535942,
  210,     0.39143178228841,    1.34209918325780,    0.61741234224030,    0.82862860025398,    0.61741234224030,
  211,     0.39367657328188,    1.35628856972148,    0.61385581799410,    0.83256562940242,    0.61385581799410,
  212,     0.39733640864443,    1.37928282955198,    0.60810367346753,    0.83874695540125,    0.60810367346753,
  213,     0.39961565901777,    1.39357191099175,    0.60454918206962,    0.84248275894527,    0.60454918206962,
  214,     0.40190832630052,    1.40792151828560,    0.60100586579732,    0.84616909107192,    0.60100586579732,
  215,     0.40564677503061,    1.43122036679483,    0.59525364311130,    0.85193913742971,    0.59525364311130,
  216,     0.40797540053923,    1.44567028228302,    0.59168670817955,    0.85538389043705,    0.59168670817955,
  217,     0.41031809293130,    1.46019002031688,    0.58812592005211,    0.85877559914978,    0.58812592005211,
  218,     0.41413886149213,    1.48383729585294,    0.58236448085271,    0.86413413646928,    0.58236448085271,
  219,     0.41651917155405,    1.49847526476061,    0.57880582105512,    0.86732620595055,    0.57880582105512,
  220,     0.41891417740917,    1.51312185658920,    0.57523905139847,    0.87040678143466,    0.57523905139847,
  221,     0.42282091197012,    1.53687219624143,    0.56950305649434,    0.87525341320067,    0.56950305649434,
  222,     0.42525507017152,    1.55156702462671,    0.56598165286349,    0.87815846912671,    0.56598165286349,
  223,     0.42770441617864,    1.56623239155630,    0.56246114219409,    0.88094485989613,    0.56246114219409,
  224,     0.43170008659496,    1.58987340153010,    0.55680157695929,    0.88524401713759,    0.55680157695929,
  225,     0.43418984210803,    1.60448214933295,    0.55332917120889,    0.88780677790986,    0.55332917120889,
  226,     0.43669520479632,    1.61905200936483,    0.54988407770514,    0.89029092092623,    0.54988407770514,
  227,     0.44078220413343,    1.64238096804270,    0.54437363132553,    0.89406889159335,    0.54437363132553,
  228,     0.44332872739815,    1.65658467766947,    0.54101954985042,    0.89624469660184,    0.54101954985042,
  229,     0.44589088816117,    1.67054655363841,    0.53774699605694,    0.89833139099233,    0.53774699605694,
  230,     0.45006896217829,    1.69226697300135,    0.53269689135786,    0.90146535586540,    0.53269689135786,
  231,     0.45267052365902,    1.70483951972110,    0.52975185077131,    0.90314189084033,    0.52975185077131,
  232,     0.45528607130780,    1.71658456845186,    0.52701618122807,    0.90466784402053,    0.52701618122807,
  233,     0.45954513810273,    1.73347355394664,    0.52313259199656,    0.90683651343360,    0.52313259199656,
  234,     0.46219214345754,    1.74230967424846,    0.52111175752140,    0.90793805649416,    0.52111175752140,
  235,     0.46484869310091,    1.74960574316360,    0.51937843048984,    0.90870748486032,    0.51937843048984,
  236,     0.46916195539811,    1.75710409925588,    0.51769763460495,    0.90964863593942,    0.51769763460495,
  237,     0.47183244409095,    1.75844016294119,    0.51726820531498,    0.90958518723838,    0.51726820531498,
  238,     0.47450352635871,    1.75830032263833,    0.51750752528072,    0.90993364866885,    0.51750752528072,
  239,     0.47882614010589,    1.76032255116744,    0.51682509643033,    0.90977887225559,    0.51682509643033,
  240,     0.48150294487708,    1.76639395068597,    0.51570774698325,    0.91094304459310,    0.51570774698325,
  241,     0.48418871279062,    1.77559734038015,    0.51336492603187,    0.91152939730664,    0.51336492603187,
  242,     0.48855924291850,    1.79118990950631,    0.51000132479000,    0.91350922679871,    0.51000132479000,
  243,     0.49127370062392,    1.79772098276911,    0.50827570793711,    0.91373790519036,    0.50827570793711,
  244,     0.49399433701296,    1.80105092005503,    0.50767819441524,    0.91435427914344,    0.50767819441524,
  245,     0.49840096072390,    1.80188770307612,    0.50731646915325,    0.91412730733523,    0.50731646915325,
  246,     0.50112473285732,    1.80220447223254,    0.50744743596751,    0.91452403852358,    0.50744743596751,
  247,     0.50384904553247,    1.80323891399855,    0.50713255691590,    0.91448116118633,    0.50713255691590,
  248,     0.50825993874024,    1.80533688025504,    0.50677323030644,    0.91489640259820,    0.50677323030644,
  249,     0.51098737699028,    1.80546116982440,    0.50661109356071,    0.91466665762613,    0.50661109356071,
  250,     0.51371500792319,    1.80500404622460,    0.50669087955314,    0.91457908777852,    0.50669087955314,
  251,     0.51812796819759,    1.80490869407365,    0.50669067458461,    0.91453040376381,    0.50669067458461,
  252,     0.52085560091629,    1.80531042881545,    0.50661691653905,    0.91460080284227,    0.50661691653905,
  253,     0.52358344160259,    1.80575832877761,    0.50660624359090,    0.91480844377500,    0.50660624359090,
  254,     0.52799728900530,    1.80591812605411,    0.50660666353408,    0.91489015645600,    0.50660666353408,
  255,     0.53072512603315,    1.80559262065454,    0.50663680195636,    0.91477967096443,    0.50663680195636,
  256,     0.53345297011815,    1.80543651420815,    0.50658936056836,    0.91461492927949,    0.50658936056836,
  257,     0.53786709579794,    1.80541810856812,    0.50656662295055,    0.91456455427112,    0.50656662295055,
  258,     0.54059513797416,    1.80545111272513,    0.50657177556130,    0.91459057586230,    0.50657177556130,
  259,     0.54332317628856,    1.80582346450861,    0.50660899375136,    0.91484640824731,    0.50660899375136,
  260,     0.54773652181027,    1.80541082055706,    0.50671359249889,    0.91482620282083,    0.50671359249889,
  261,     0.55046364902012,    1.80539125948117,    0.50669100184863,    0.91477550599528,    0.50669100184863,
  262,     0.55319148937046,    1.80524134795509,    0.50663675323366,    0.91460161533112,    0.50663675323366,
  263,     0.55760455321127,    1.80435150291803,    0.50676234280688,    0.91437739486585,    0.50676234280688,
  264,     0.56033129993538,    1.80525306276663,    0.50679926865021,    0.91490093193869,    0.50679926865021,
  265,     0.56305810637208,    1.80451227049841,    0.50688206566217,    0.91467490718296,    0.50688206566217,
  266,     0.56746900879495,    1.80416548890701,    0.50696226039506,    0.91464381438305,    0.50696226039506,
  267,     0.57019511708987,    1.80439737774473,    0.50703684638189,    0.91489595603143,    0.50703684638189,
  268,     0.57292005509146,    1.80292598212851,    0.50713717833932,    0.91433079533130,    0.50713717833932,
  269,     0.57732939429297,    1.80292954129022,    0.50711236227638,    0.91428785870155,    0.50711236227638,
  270,     0.58005454804331,    1.80229281201870,    0.50729999037449,    0.91430312618910,    0.50729999037449,
  271,     0.58277783963146,    1.80220568847607,    0.50744761361412,    0.91452497585896,    0.50744761361412,
  272,     0.58718439145963,    1.80229704956013,    0.50744605471726,    0.91456852722785,    0.50744605471726,
  273,     0.58990769658310,    1.80071514461993,    0.50758115534323,    0.91400907355024,    0.50758115534323,
  274,     0.59263009210495,    1.80108834953464,    0.50758785814686,    0.91421057767355,    0.50758785814686,
  275,     0.59703533385490,    1.80091526840381,    0.50764101164966,    0.91421844874783,    0.50764101164966,
  276,     0.59975726835168,    1.79938123159234,    0.50778555637874,    0.91369979982159,    0.50778555637874,
  277,     0.60247881804846,    1.80064502846930,    0.50781000716861,    0.91438556481511,    0.50781000716861,
  278,     0.60688172419367,    1.80037547801241,    0.50792211141177,    0.91445051412603,    0.50792211141177,
  279,     0.60960230211632,    1.79890964983744,    0.50793235834020,    0.91372442088287,    0.50793235834020,
  280,     0.61232348608191,    1.79978172259047,    0.50786666673954,    0.91404914431077,    0.50786666673954,
  281,     0.61672598809587,    1.79966000176528,    0.50796407134525,    0.91416262153389,    0.50796407134525,
  282,     0.61944632792854,    1.79843519349185,    0.50795637879519,    0.91352662838395,    0.50795637879519,
  283,     0.62216713193390,    1.79979491061283,    0.50799496790289,    0.91428675784856,    0.50799496790289,
  284,     0.62656825297052,    1.79964487639886,    0.50811636482373,    0.91442901256944,    0.50811636482373,
  285,     0.62928800502651,    1.79832580179357,    0.50801178741979,    0.91357070493229,    0.50801178741979,
  286,     0.63200874906395,    1.79923966245493,    0.50797006531772,    0.91395988885946,    0.50797006531772,
  287,     0.63641019157085,    1.79931257770522,    0.50809558107043,    0.91422276969646,    0.50809558107043,
  288,     0.63912984823637,    1.79772798449849,    0.50803794603821,    0.91331403278003,    0.50803794603821,
  289,     0.64185041055104,    1.79958096892905,    0.50804272150495,    0.91426401302323,    0.50804272150495,
  290,     0.64625105862508,    1.79951386962167,    0.50817942708538,    0.91447592729654,    0.50817942708538,
  291,     0.64897043661597,    1.79789837142150,    0.50808635403468,    0.91348762846043,    0.50808635403468,
  292,     0.65169098722119,    1.79912884407029,    0.50797869604560,    0.91391912422886,    0.50797869604560,
  293,     0.65609243851612,    1.79922248882033,    0.50810643719207,    0.91419652851035,    0.50810643719207,
  294,     0.65881188279387,    1.79784726350832,    0.50809384490940,    0.91347512867578,    0.50809384490940,
  295,     0.66153224064432,    1.79948924978992,    0.50807901606949,    0.91428272746089,    0.50807901606949,
  296,     0.66593278579903,    1.79937871530533,    0.50815369866118,    0.91436094947460,    0.50815369866118,
  297,     0.66865249656315,    1.79793843706282,    0.50806843400752,    0.91347576616043,    0.50806843400752,
  298,     0.67137261149087,    1.79915895943370,    0.50806090358540,    0.91408232662365,    0.50806090358540,
  299,     0.67577380563158,    1.79886631403556,    0.50805029077986,    0.91391455391986,    0.50805029077986,
  300,     0.67849401250503,    1.79870335495563,    0.50808886093363,    0.91390113877691,    0.50808886093363,
  301,     0.68042237287849,    1.79953097602774,    0.50816695777897,    0.91446218151704,    0.50816695777897,
  302,     0.68141976197709,    1.79948151317233,    0.50817150924702,    0.91444523641090,    0.50817150924702,
  303,     0.68177379694868,    1.79930049161963,    0.50817118881051,    0.91435266985369,    0.50817118881051,
  304,     0.68231770512470,    1.79917309469565,    0.50814818635825,    0.91424654501415,    0.50814818635825,
  305,     0.68319782267135,    1.79912845967628,    0.50811231567128,    0.91415932783622,    0.50811231567128,
  306,     0.68374179297658,    1.79909481383602,    0.50809709563701,    0.91411484968569,    0.50809709563701,
  307,     0.68428577705929,    1.79902594508800,    0.50808372091783,    0.91405579620803,    0.50808372091783,
  308,     0.68516598266244,    1.79904055132412,    0.50807709530971,    0.91405129766114,    0.50807709530971,
  309,     0.68570997822291,    1.79907124146588,    0.50807999330049,    0.91407210431108,    0.50807999330049,
  310,     0.68625396538440,    1.79913218050212,    0.50809840528322,    0.91413619180685,    0.50809840528322,
  311,     0.68713411518587,    1.79908489838815,    0.50812010876012,    0.91415121423768,    0.50812010876012,
  312,     0.68767806475102,    1.79909728369636,    0.50812072931648,    0.91415862390309,    0.50812072931648,
  313,     0.68822202092901,    1.79916715356235,    0.50811545547459,    0.91418463770726,    0.50811545547459,
  314,     0.68910217230926,    1.79916506287513,    0.50810202437591,    0.91415941063326,    0.50810202437591,
  315,     0.68964615175341,    1.79908183276133,    0.50808604011057,    0.91408836424258,    0.50808604011057,
  316,     0.69019015009145,    1.79898402372828,    0.50806975638515,    0.91400937467639,    0.50806975638515,
  317,     0.69107039018862,    1.79886840929396,    0.50804821522563,    0.91391188476756,    0.50804821522563,
  318,     0.69161442584758,    1.79878372509339,    0.50803209038220,    0.91383985600468,    0.50803209038220,
  319,     0.69215847721045,    1.79873123743529,    0.50802792011386,    0.91380568939808,    0.50802792011386,
  320,     0.69303877278983,    1.79873046696651,    0.50802439213081,    0.91379895208783,    0.50802439213081,
  321,     0.69358283026597,    1.79877071354712,    0.50802816863476,    0.91382619139718,    0.50802816863476,
  322,     0.69412686679045,    1.79887534984623,    0.50804741837642,    0.91391397747036,    0.50804741837642,
  323,     0.69500710188254,    1.79899666110368,    0.50807859736709,    0.91403170024164,    0.50807859736709,
  324,     0.69555108439047,    1.79911795031653,    0.50810647741227,    0.91414348418451,    0.50810647741227,
  325,     0.69609505656771,    1.79910937839109,    0.50809841676773,    0.91412462675248,    0.50809841676773,
  326,     0.69697522795276,    1.79912458977777,    0.50810145340148,    0.91413781891642,    0.50810145340148,
  327,     0.69751919486992,    1.79915560865691,    0.50811628229888,    0.91418025914793,    0.50811628229888,
  328,     0.69806315063321,    1.79908234341545,    0.50811430589168,    0.91413947616652,    0.50811430589168,
  329,     0.69894330431120,    1.79903625626823,    0.50810194868901,    0.91409382757206,    0.50810194868901,
  330,     0.69948728148007,    1.79899040074345,    0.50809928191372,    0.91406573078743,    0.50809928191372,
  331,     0.70003124550452,    1.79907798249499,    0.50811176167605,    0.91413268307813,    0.50811176167605,
  332,     0.70091138846250,    1.79905128734128,    0.50811709497053,    0.91412871382685,    0.50811709497053,
  333,     0.70145534324868,    1.79906874314143,    0.50810926725762,    0.91412350082368,    0.50810926725762,
  334,     0.70199930558524,    1.79921160505133,    0.50812147782467,    0.91421805967798,    0.50812147782467,
  335,     0.70287941052257,    1.79937544062556,    0.50815070246075,    0.91435389414451,    0.50815070246075,
  336,     0.70342332224054,    1.79940955689153,    0.50816488259918,    0.91439674622562,    0.50816488259918,
  337,     0.70396722388591,    1.79935924108966,    0.50816898681152,    0.91437856245448,    0.50816898681152,
  338,     0.70484728178163,    1.79916824780715,    0.50815412851964,    0.91425477302466,    0.50815412851964,
  339,     0.70539120916078,    1.79916495913767,    0.50812754070294,    0.91420526600552,    0.50812754070294,
  340,     0.70593516103939,    1.79907840125875,    0.50811611620950,    0.91414073000399,    0.50811611620950,
  341,     0.70681532507313,    1.79888022415095,    0.50808518667529,    0.91398439449423,    0.50808518667529,
  342,     0.70735933053243,    1.79888682856156,    0.50805059594570,    0.91392552528957,    0.50805059594570,
  343,     0.70790336726771,    1.79882394648710,    0.50803633260921,    0.91386792078293,    0.50803633260921,
  344,     0.70878366019324,    1.79885002853957,    0.50802003716986,    0.91385185836167,    0.50802003716986,
  345,     0.70932772516465,    1.79881178383589,    0.50801526760556,    0.91382384973742,    0.50801526760556,
  346,     0.70987176707860,    1.79876565147943,    0.50805014778576,    0.91386315506607,    0.50805014778576,
  347,     0.71075200318338,    1.79883499041630,    0.50806488966253,    0.91392490092696,    0.50806488966253,
  348,     0.71129601955402,    1.79880413162793,    0.50806422815759,    0.91390803274223,    0.50806422815759,
  349,     0.71184001356093,    1.79887804439209,    0.50808760506721,    0.91398763738315,    0.50808760506721,
  350,     0.71272018591179,    1.79899919797058,    0.50810790993881,    0.91408572246243,    0.50810790993881,
  351,     0.71326414474478,    1.79894774147038,    0.50811973998965,    0.91408085865090,    0.50811973998965,
  352,     0.71380812227454,    1.79898391199639,    0.50807751156249,    0.91402326934809,    0.50807751156249,
  353,     0.71468836109742,    1.79898386356581,    0.50804927451699,    0.91397244675238,    0.50804927451699,
  354,     0.71523238754390,    1.79894999011764,    0.50805222761340,    0.91396054984437,    0.50805222761340,
  355,     0.71577641316198,    1.79887275900491,    0.50805621563971,    0.91392848635741,    0.50805621563971,
  356,     0.71665663650261,    1.79889373996653,    0.50808350863492,    0.91398824306359,    0.50808350863492,
  357,     0.71720061483784,    1.79898663940470,    0.50810798348865,    0.91407947367094,    0.50810798348865,
  358,     0.71774456715312,    1.79906188825670,    0.50813284096194,    0.91416242834623,    0.50813284096194,
  359,     0.71862465357299,    1.79921274139067,    0.50815830527841,    0.91428489750040,    0.50815830527841,
  360,     0.71916856178314,    1.79920589501223,    0.50816728362641,    0.91429757235298,    0.50816728362641,
  361,     0.71971247903842,    1.79923432600936,    0.50813732767072,    0.91425812227183,    0.50813732767072,
  362,     0.72059260822097,    1.79926756036128,    0.50811467477304,    0.91423425126265,    0.50811467477304,
  363,     0.72113656471018,    1.79924458915473,    0.50812283168738,    0.91423725553950,    0.50812283168738,
  364,     0.72168051261352,    1.79916793004596,    0.50812391589581,    0.91420025396912,    0.50812391589581,
  365,     0.72256063987827,    1.79903849760896,    0.50812405313389,    0.91413473314896,    0.50812405313389,
  366,     0.72310458754390,    1.79905030990754,    0.50813087877286,    0.91415301492990,    0.50813087877286,
  367,     0.72364853385033,    1.79900973878676,    0.50811676131173,    0.91410700204059,    0.50811676131173,
  368,     0.72452868868488,    1.79894240469716,    0.50810260676018,    0.91404732523805,    0.50810260676018,
  369,     0.72507265950889,    1.79897689740116,    0.50810477552218,    0.91406875262360,    0.50810477552218,
  370,     0.72561662775483,    1.79912368501780,    0.50810636929141,    0.91414620350057,    0.50810636929141,
  371,     0.72649677980222,    1.79920966359031,    0.50811353143274,    0.91420277595479,    0.50811353143274,
  372,     0.72704073564201,    1.79928428993368,    0.50811938262169,    0.91425122256200,    0.50811938262169,
  373,     0.72758468192176,    1.79915563212688,    0.50813133900006,    0.91420736042213,    0.50813133900006,
  374,     0.72846479950002,    1.79900777941104,    0.50812077702987,    0.91411323075712,    0.50812077702987,
  375,     0.72900876407556,    1.79895707295576,    0.50809515747263,    0.91404137726997,    0.50809515747263,
  376,     0.72955274850598,    1.79891453145880,    0.50808373978494,    0.91399922269707,    0.50808373978494,
  377,     0.73043296971376,    1.79884158544521,    0.50805313969097,    0.91390711529211,    0.50805313969097,
  378,     0.73097700715991,    1.79879250682396,    0.50803100707265,    0.91384236875650,    0.50803100707265,
  379,     0.73152106733374,    1.79874752347909,    0.50800709491140,    0.91377650388169,    0.50800709491140,
  380,     0.73240141355283,    1.79862905142867,    0.50799418009264,    0.91369309027131,    0.50799418009264,
  381,     0.73294549610571,    1.79856892820299,    0.50800703128505,    0.91368566177794,    0.50800703128505,
  382,     0.73348955529182,    1.79864308162338,    0.50803112240407,    0.91376666356145,    0.50803112240407,
  383,     0.73436982304786,    1.79878787967224,    0.50805074336294,    0.91387551941972,    0.50805074336294,
  384,     0.73491384823577,    1.79883016971346,    0.50804610218355,    0.91388865621310,    0.50804610218355,
  385,     0.73545786589869,    1.79894907121000,    0.50807548062904,    0.91400191398218,    0.50807548062904,
  386,     0.73633805446417,    1.79902439905010,    0.50809305533976,    0.91407180354413,    0.50809305533976,
  387,     0.73688204167801,    1.79907765465738,    0.50807543009150,    0.91406715315805,    0.50807543009150,
  388,     0.73742603356361,    1.79903293868146,    0.50809411918702,    0.91407805636780,    0.50809411918702,
  389,     0.73830618789679,    1.79908263626927,    0.50812006844021,    0.91414999227073,    0.50812006844021,
  390,     0.73885013483130,    1.79914159791760,    0.50813402045012,    0.91420505350892,    0.50813402045012,
  391,     0.73939406430717,    1.79920425489769,    0.50814491677508,    0.91425649636636,    0.50814491677508,
  392,     0.74027414573215,    1.79931864854067,    0.50815557563657,    0.91433380360279,    0.50815557563657,
  393,     0.74081805674760,    1.79928308299309,    0.50815713513791,    0.91431853675589,    0.50815713513791,
  394,     0.74136197244795,    1.79930610655514,    0.50815639366301,    0.91432890220290,    0.50815639366301,
  395,     0.74224204117817,    1.79935907674754,    0.50815758822738,    0.91435796879507,    0.50815758822738,
  396,     0.74278595480964,    1.79929314074138,    0.50815485085409,    0.91431953757622,    0.50815485085409,
  397,     0.74332987142272,    1.79921021248980,    0.50815142476926,    0.91427123293610,    0.50815142476926,
  398,     0.74420996384333,    1.79916142670195,    0.50813393311126,    0.91421497205213,    0.50813393311126,
  399,     0.74475391075254,    1.79908660214303,    0.50812001590969,    0.91415191290383,    0.50812001590969,
  400,     0.74529787557357,    1.79903242387399,    0.50809434847246,    0.91407820728908,    0.50809434847246,
  401,     0.74617808355576,    1.79892315708527,    0.50806366910504,    0.91396749962676,    0.50806366910504,
  402,     0.74672210152397,    1.79884692611000,    0.50805562927356,    0.91391430701163,    0.50805562927356,
  403,     0.74726612676007,    1.79885239563266,    0.50804841522051,    0.91390410881678,    0.50804841522051,
  404,     0.74814639736756,    1.79875505088111,    0.50803286417712,    0.91382668045219,    0.50803286417712,
  405,     0.74869044954889,    1.79867181091566,    0.50802239839294,    0.91376556730314,    0.50802239839294,
  406,     0.74923451008283,    1.79862458282006,    0.50801709848374,    0.91373204182577,    0.50801709848374,
  407,     0.75011480878376,    1.79874851814681,    0.50803944349413,    0.91383519614519,    0.50803944349413,
  408,     0.75065883060223,    1.79890249938636,    0.50807161509662,    0.91397129826457,    0.50807161509662,
  409,     0.75120282564932,    1.79897662369225,    0.50809006203451,    0.91404214433042,    0.50809006203451,
  410,     0.75208299408423,    1.79900718533130,    0.50810642464205,    0.91408710884405,    0.50810642464205,
  411,     0.75262696078542,    1.79904278732676,    0.50810271574136,    0.91409852597563,    0.50810271574136,
  412,     0.75317093793481,    1.79906866920596,    0.50809349994619,    0.91409509678038,    0.50809349994619,
  413,     0.75405113602747,    1.79895341912132,    0.50806931905542,    0.91399303866539,    0.50806931905542,
  414,     0.75459515506932,    1.79883392590070,    0.50804710335690,    0.91389236547398,    0.50804710335690,
  415,     0.75513917727849,    1.79880381672877,    0.50806058891831,    0.91390132647572,    0.50806058891831,
  416,     0.75601940317304,    1.79885869995894,    0.50807138361482,    0.91394862861569,    0.50807138361482,
  417,     0.75656340667995,    1.79887604641212,    0.50807389136998,    0.91396195299285,    0.50807389136998,
  418,     0.75710739793730,    1.79891653450602,    0.50809193190049,    0.91401497734489,    0.50809193190049,
  419,     0.75798756508366,    1.79896197647188,    0.50810701606900,    0.91406520188671,    0.50810701606900,
  420,     0.75853153021025,    1.79902559620853,    0.50811099235311,    0.91410468095817,    0.50811099235311,
  421,     0.75907549710887,    1.79908943513368,    0.50810075502714,    0.91411870035277,    0.50810075502714,
  422,     0.75995567493241,    1.79910933143314,    0.50809053197192,    0.91411041728351,    0.50809053197192,
  423,     0.76049965954003,    1.79908922317008,    0.50809607454852,    0.91411017205527,    0.50809607454852,
  424,     0.76104363072621,    1.79901055680896,    0.50810336179473,    0.91408331181884,    0.50810336179473,
  425,     0.76192379352177,    1.79897563869589,    0.50810241437340,    0.91406386542031,    0.50810241437340,
  426,     0.76246776634915,    1.79898442068500,    0.50810291388738,    0.91406922618805,    0.50810291388738,
  427,     0.76301173118098,    1.79899345281575,    0.50811057153165,    0.91408759149191,    0.50811057153165,
  428,     0.76389187801656,    1.79894217176839,    0.50811359599459,    0.91406697588355,    0.50811359599459,
  429,     0.76443583760939,    1.79902044676467,    0.50811326987770,    0.91410616178243,    0.50811326987770,
  430,     0.76497979669317,    1.79912104670865,    0.50811433573488,    0.91415919555501,    0.50811433573488,
  431,     0.76585993997377,    1.79923523891663,    0.50811448339870,    0.91421748393487,    0.50811448339870,
  432,     0.76640389880178,    1.79930118472814,    0.50811205753533,    0.91424662709797,    0.50811205753533,
  433,     0.76694784988548,    1.79911637672399,    0.50812950954464,    0.91418412211849,    0.50812950954464,
  434,     0.76782796692817,    1.79907396596288,    0.50812188882633,    0.91414886172334,    0.50812188882633,
  435,     0.76837193121295,    1.79895931940152,    0.50810152123836,    0.91405396683384,    0.50810152123836,
  436,     0.76891590513076,    1.79888699965226,    0.50809227448124,    0.91400058718805,    0.50809227448124,
  437,     0.76979609532826,    1.79886687962838,    0.50808747768994,    0.91398173557036,    0.50808747768994,
  438,     0.77034007755528,    1.79883135924468,    0.50809751259216,    0.91398173920500,    0.50809751259216,
  439,     0.77088407381851,    1.79888292271396,    0.50806547092947,    0.91395029927565,    0.50806547092947,
  440,     0.77176431877544,    1.79894057750438,    0.50805402998190,    0.91395901009907,    0.50805402998190,
  441,     0.77230833485884,    1.79900475245372,    0.50805827451653,    0.91399925037868,    0.50805827451653,
  442,     0.77285235308761,    1.79894674941075,    0.50807027145892,    0.91399136331326,    0.50807027145892,
  443,     0.77373254800263,    1.79896383431333,    0.50809656801046,    0.91404735018954,    0.50809656801046,
  444,     0.77427652067418,    1.79899492419442,    0.50811249587461,    0.91409180099818,    0.50811249587461,
  445,     0.77482047858074,    1.79898939937109,    0.50811168709818,    0.91408753878620,    0.50811168709818,
  446,     0.77570062444867,    1.79898698263782,    0.50811860683250,    0.91409875932773,    0.50811860683250,
  447,     0.77624457036966,    1.79905648926520,    0.50813070455856,    0.91415584143097,    0.50813070455856,
  448,     0.77678852776996,    1.79915647026913,    0.50810724218221,    0.91416443236273,    0.50810724218221,
  449,     0.77766869159792,    1.79918333626415,    0.50810357272147,    0.91417148113674,    0.50810357272147,
  450,     0.77821265535419,    1.79919996335641,    0.50811130676859,    0.91419384451902,    0.50811130676859,
  451,     0.77875660600088,    1.79915489465894,    0.50813568116818,    0.91421479792458,    0.50813568116818,
  452,     0.77963669647281,    1.79918446281394,    0.50814630339270,    0.91424893390048,    0.50814630339270,
  453,     0.78018062872012,    1.79911355269527,    0.50810820034644,    0.91414434947888,    0.50810820034644,
  454,     0.78072463724812,    1.79904035149474,    0.50805126917461,    0.91400473387324,    0.50805126917461,
  455,     0.78160491108124,    1.79891458002287,    0.50803612408213,    0.91391359078965,    0.50803612408213,
  456,     0.78214894584772,    1.79883638743294,    0.50801257924781,    0.91383151282462,    0.50801257924781,
  457,     0.78269311920770,    1.79864558699601,    0.50786601575436,    0.91347096802183,    0.50786601575436,
  458,     0.78357375753755,    1.79824739181941,    0.50781672725703,    0.91318010531222,    0.50781672725703,
  459,     0.78411801634052,    1.79802276026756,    0.50773489452089,    0.91291889653060,    0.50773489452089,
  460,     0.78466271746770,    1.79746295197507,    0.50726424945604,    0.91178869525867,    0.50726424945604,
  461,     0.78554456435070,    1.79622549384251,    0.50707812288655,    0.91082665169862,    0.50707812288655,
  462,     0.78608958878962,    1.79548400226022,    0.50677223905002,    0.90990144800391,    0.50677223905002,
  463,     0.78663611532911,    1.79371098621501,    0.50520428308776,    0.90619047285739,    0.50520428308776,
  464,     0.78752207535489,    1.78958113329300,    0.50461409007908,    0.90304785519933,    0.50461409007908,
  465,     0.78806963403163,    1.78693090971497,    0.50363796575757,    0.89996624831817,    0.50363796575757,
  466,     0.78862223288452,    1.78083599600752,    0.49846253971517,    0.88768003338611,    0.49846253971517,
  467,     0.78952186768114,    1.76689694082559,    0.49663702083875,    0.87750643282072,    0.49663702083875,
  468,     0.79007772952976,    1.75828424674377,    0.49427102054037,    0.86906894903810,    0.49427102054037,
  469,     0.79064903796421,    1.73967511012207,    0.47854092118743,    0.83250572976467,    0.47854092118743,
  470,     0.79159209855453,    1.69669043118296,    0.47266353701035,    0.80196370041455,    0.47266353701035,
  471,     0.79217463831177,    1.67102777810739,    0.47033171752578,    0.78593736491054,    0.47033171752578,
  472,     0.79279578019904,    1.62836107360069,    0.43165252015552,    0.70288616114289,    0.43165252015552,
  473,     0.79386123587517,    1.51973117510625,    0.41535442857753,    0.63122707382771,    0.41535442857753,
  474,     0.79451921293785,    1.45262955055479,    0.42436980774113,    0.61645212308802,    0.42436980774113,
  475,     0.79524007565892,    1.38247755639801,    0.36074437752797,    0.49872100552919,    0.36074437752797,
  476,     0.79656449442443,    1.18898228160997,    0.32974924522068,    0.39206600994165,    0.32974924522068,
  477,     0.79737860671738,    1.06433296084439,    0.36535325607013,    0.38885751278726,    0.36535325607013,
  478,     0.79821871247728,    0.98725539356420,    0.30327418218598,    0.29940907209188,    0.30327418218598,
  479,     0.79988562342462,    0.78537086732716,    0.24939758646638,    0.19586959879240,    0.24939758646638,
  480,     0.80097282959208,    0.60656112699223,    0.28410401843548,    0.17232645360525,    0.28410401843548,
  481,     0.80198229251110,    0.47924697296572,    0.25333567723298,    0.12141035645813,    0.25333567723298,
  482,     0.80396626164354,    0.31695134907833,    0.20903089601081,    0.06625262448968,    0.20903089601081,
  483,     0.80527771756586,    0.24188827109188,    0.22392579706692,    0.05416502390539,    0.22392579706692,
  484,     0.80651030940798,    0.12932807864150,    0.21550609498267,    0.02787098919964,    0.21550609498267,
  485,     0.80868207113219,    0.06829287380501,    0.20052015722379,    0.01369409779265,    0.20052015722379,
  486,     0.81005427010437,    0.05644093709602,    0.20505592938033,    0.01157354881132,    0.20505592938033,
  487,     0.81140377763252,    0.02354292564231,    0.20289535947266,    0.00477675036124,    0.20289535947266,
  488,     0.81362831826309,    0.01126781449538,    0.20000408896455,    0.00225360897277,    0.20000408896455,
  489,     0.81500893645517,    0.00974091915710,    0.20091696223031,    0.00195711588638,    0.20091696223031,
  490,     0.81638542791779,    0.00382802310372,    0.20047173011246,    0.00076741041451,    0.20047173011246,
  491,     0.81861963705679,    0.00178540844186,    0.19999776073897,    0.00035707769038,    0.19999776073897,
  492,     0.82000139374368,    0.00156159699871,    0.20015120531981,    0.00031255552151,    0.20015120531981,
  493,     0.82138247604382,    0.00060366900524,    0.20007572244647,    0.00012077951234,    0.20007572244647,
  494,     0.82361825266324,    0.00029622614271,    0.19999800820046,    0.00005924463852,    0.19999800820046,
  495,     0.82500020295270,    0.00022690998073,    0.20002323307991,    0.00004538726796,    0.20002323307991,
  496,     0.82638201893164,    0.00008918653711,    0.20001300899674,    0.00001783846765,    0.20001300899674,
  497,     0.82861803837214,    0.00002445240768,    0.19999902431834,    0.00000489045768,    0.19999902431834,
  498,     0.83000001067943,    0.00003671021029,    0.20000142628576,    0.00000734209442,    0.20000142628576,
  499,     0.83138196643605,    0.00000195288711,    0.20000069493783,    0.00000039057878,    0.20000069493783,
  500,     0.83361803395180,    -0.00000020391457,    0.19999977284024,    -0.00000004078287,    0.19999977284024,
  501,     0.83500000001764,    0.00000010771957,    0.20000018118617,    0.00000002154393,    0.20000018118617,
  502,     0.83638196601227,    0.00000000310253,    0.20000000114920,    0.00000000062051,    0.20000000114920,
  503,     0.83861803398868,    -0.00000000020972,    0.19999999965300,    -0.00000000004194,    0.19999999965300,
  504,     0.84000000000003,    0.00000000008228,    0.20000000027743,    0.00000000001646,    0.20000000027743,
  505,     0.84138196601125,    0.00000000001042,    0.20000000000184,    0.00000000000208,    0.20000000000184,
  506,     0.84361803398875,    -0.00000000000116,    0.19999999999960,    -0.00000000000023,    0.19999999999960,
  507,     0.84500000000000,    0.00000000000100,    0.20000000000037,    0.00000000000020,    0.20000000000037,
  508,     0.84638196601125,    0.00000000000001,    0.20000000000000,    0.00000000000000,    0.20000000000000,
  509,     0.84861803398875,    -0.00000000000001,    0.20000000000000,    -0.00000000000000,    0.20000000000000,
  510,     0.85000000000000,    -0.00000000000003,    0.20000000000000,    -0.00000000000001,    0.20000000000000,
  511,     0.85138196601125,    -0.00000000000001,    0.20000000000000,    -0.00000000000000,    0.20000000000000,
  512,     0.85361803398875,    0.00000000000001,    0.20000000000000,    0.00000000000000,    0.20000000000000,
  513,     0.85500000000000,    0.00000000000002,    0.20000000000000,    0.00000000000000,    0.20000000000000,
  514,     0.85638196601125,    0.00000000000001,    0.20000000000000,    0.00000000000000,    0.20000000000000,
  515,     0.85861803398875,    -0.00000000000001,    0.20000000000000,    -0.00000000000000,    0.20000000000000,
  516,     0.86000000000000,    0.00000000000002,    0.20000000000000,    0.00000000000000,    0.20000000000000,
  517,     0.86138196601125,    0.00000000000000,    0.20000000000000,    0.00000000000000,    0.20000000000000,
  518,     0.86361803398875,    -0.00000000000002,    0.20000000000000,    -0.00000000000000,    0.20000000000000,
  519,     0.86500000000000,    0.00000000000002,    0.20000000000000,    0.00000000000000,    0.20000000000000,
  520,     0.86638196601125,    -0.00000000000001,    0.20000000000000,    -0.00000000000000,    0.20000000000000,
  521,     0.86861803398875,    0.00000000000001,    0.20000000000000,    0.00000000000000,    0.20000000000000,
  522,     0.87000000000000,    0.00000000000001,    0.20000000000000,    0.00000000000000,    0.20000000000000,
  523,     0.87138196601125,    0.00000000000000,    0.20000000000000,    0.00000000000000,    0.20000000000000,
  524,     0.87361803398875,    0.00000000000000,    0.20000000000000,    0.00000000000000,    0.20000000000000,
  525,     0.87500000000000,    0.00000000000001,    0.20000000000000,    0.00000000000000,    0.20000000000000,
  526,     0.87638196601125,    0.00000000000000,    0.20000000000000,    0.00000000000000,    0.20000000000000,
  527,     0.87861803398875,    0.00000000000000,    0.20000000000000,    0.00000000000000,    0.20000000000000,
  528,     0.88000000000000,    0.00000000000002,    0.20000000000000,    0.00000000000000,    0.20000000000000,
  529,     0.88138196601125,    -0.00000000000002,    0.20000000000000,    -0.00000000000000,    0.20000000000000,
  530,     0.88361803398875,    0.00000000000001,    0.20000000000000,    0.00000000000000,    0.20000000000000,
  531,     0.88500000000000,    0.00000000000002,    0.20000000000000,    0.00000000000000,    0.20000000000000,
  532,     0.88638196601125,    0.00000000000000,    0.20000000000000,    0.00000000000000,    0.20000000000000,
  533,     0.88861803398875,    0.00000000000000,    0.20000000000000,    0.00000000000000,    0.20000000000000,
  534,     0.89000000000000,    0.00000000000002,    0.20000000000000,    0.00000000000000,    0.20000000000000,
  535,     0.89138196601125,    0.00000000000001,    0.20000000000000,    0.00000000000000,    0.20000000000000,
  536,     0.89361803398875,    -0.00000000000001,    0.20000000000000,    -0.00000000000000,    0.20000000000000,
  537,     0.89500000000000,    -0.00000000000005,    0.20000000000000,    -0.00000000000001,    0.20000000000000,
  538,     0.89638196601125,    0.00000000000001,    0.20000000000000,    0.00000000000000,    0.20000000000000,
  539,     0.89861803398875,    0.00000000000000,    0.20000000000000,    0.00000000000000,    0.20000000000000,
  540,     0.90000000000000,    0.00000000000001,    0.20000000000000,    0.00000000000000,    0.20000000000000,
  541,     0.90138196601125,    0.00000000000001,    0.20000000000000,    0.00000000000000,    0.20000000000000,
  542,     0.90361803398875,    -0.00000000000001,    0.20000000000000,    -0.00000000000000,    0.20000000000000,
  543,     0.90500000000000,    -0.00000000000004,    0.20000000000000,    -0.00000000000001,    0.20000000000000,
  544,     0.90638196601125,    0.00000000000002,    0.20000000000000,    0.00000000000000,    0.20000000000000,
  545,     0.90861803398875,    -0.00000000000001,    0.20000000000000,    -0.00000000000000,    0.20000000000000,
  546,     0.91000000000000,    -0.00000000000002,    0.20000000000000,    -0.00000000000000,    0.20000000000000,
  547,     0.91138196601125,    -0.00000000000001,    0.20000000000000,    -0.00000000000000,    0.20000000000000,
  548,     0.91361803398875,    0.00000000000000,    0.20000000000000,    0.00000000000000,    0.20000000000000,
  549,     0.91500000000000,    0.00000000000001,    0.20000000000000,    0.00000000000000,    0.20000000000000,
  550,     0.91638196601125,    0.00000000000001,    0.20000000000000,    0.00000000000000,    0.20000000000000,
  551,     0.91861803398875,    0.00000000000000,    0.20000000000000,    0.00000000000000,    0.20000000000000,
  552,     0.92000000000000,    0.00000000000001,    0.20000000000000,    0.00000000000000,    0.20000000000000,
  553,     0.92138196601125,    0.00000000000001,    0.20000000000000,    0.00000000000000,    0.20000000000000,
  554,     0.92361803398875,    -0.00000000000001,    0.20000000000000,    -0.00000000000000,    0.20000000000000,
  555,     0.92500000000000,    -0.00000000000002,    0.20000000000000,    -0.00000000000000,    0.20000000000000,
  556,     0.92638196601125,    0.00000000000000,    0.20000000000000,    0.00000000000000,    0.20000000000000,
  557,     0.92861803398875,    0.00000000000000,    0.20000000000000,    0.00000000000000,    0.20000000000000,
  558,     0.93000000000000,    0.00000000000001,    0.20000000000000,    0.00000000000000,    0.20000000000000,
  559,     0.93138196601125,    0.00000000000000,    0.20000000000000,    0.00000000000000,    0.20000000000000,
  560,     0.93361803398875,    0.00000000000000,    0.20000000000000,    0.00000000000000,    0.20000000000000,
  561,     0.93500000000000,    0.00000000000002,    0.20000000000000,    0.00000000000000,    0.20000000000000,
  562,     0.93638196601125,    0.00000000000001,    0.20000000000000,    0.00000000000000,    0.20000000000000,
  563,     0.93861803398875,    -0.00000000000001,    0.20000000000000,    -0.00000000000000,    0.20000000000000,
  564,     0.94000000000000,    -0.00000000000000,    0.20000000000000,    -0.00000000000000,    0.20000000000000,
  565,     0.94138196601125,    -0.00000000000002,    0.20000000000000,    -0.00000000000000,    0.20000000000000,
  566,     0.94361803398875,    0.00000000000000,    0.20000000000000,    0.00000000000000,    0.20000000000000,
  567,     0.94500000000000,    0.00000000000005,    0.20000000000000,    0.00000000000001,    0.20000000000000,
  568,     0.94638196601125,    0.00000000000000,    0.20000000000000,    0.00000000000000,    0.20000000000000,
  569,     0.94861803398875,    0.00000000000000,    0.20000000000000,    0.00000000000000,    0.20000000000000,
  570,     0.95000000000000,    0.00000000000001,    0.20000000000000,    0.00000000000000,    0.20000000000000,
  571,     0.95138196601125,    0.00000000000000,    0.20000000000000,    0.00000000000000,    0.20000000000000,
  572,     0.95361803398875,    0.00000000000000,    0.20000000000000,    0.00000000000000,    0.20000000000000,
  573,     0.95500000000000,    0.00000000000001,    0.20000000000000,    0.00000000000000,    0.20000000000000,
  574,     0.95638196601125,    0.00000000000000,    0.20000000000000,    0.00000000000000,    0.20000000000000,
  575,     0.95861803398875,    0.00000000000000,    0.20000000000000,    0.00000000000000,    0.20000000000000,
  576,     0.96000000000000,    0.00000000000003,    0.20000000000000,    0.00000000000001,    0.20000000000000,
  577,     0.96138196601125,    -0.00000000000001,    0.20000000000000,    -0.00000000000000,    0.20000000000000,
  578,     0.96361803398875,    0.00000000000000,    0.20000000000000,    0.00000000000000,    0.20000000000000,
  579,     0.96500000000000,    0.00000000000002,    0.20000000000000,    0.00000000000000,    0.20000000000000,
  580,     0.96638196601125,    0.00000000000001,    0.20000000000000,    0.00000000000000,    0.20000000000000,
  581,     0.96861803398875,    -0.00000000000001,    0.20000000000000,    -0.00000000000000,    0.20000000000000,
  582,     0.97000000000000,    -0.00000000000002,    0.20000000000000,    -0.00000000000000,    0.20000000000000,
  583,     0.97138196601125,    0.00000000000000,    0.20000000000000,    0.00000000000000,    0.20000000000000,
  584,     0.97361803398875,    0.00000000000000,    0.20000000000000,    0.00000000000000,    0.20000000000000,
  585,     0.97500000000000,    0.00000000000001,    0.20000000000000,    0.00000000000000,    0.20000000000000,
  586,     0.97638196601125,    0.00000000000000,    0.20000000000000,    0.00000000000000,    0.20000000000000,
  587,     0.97861803398875,    0.00000000000000,    0.20000000000000,    0.00000000000000,    0.20000000000000,
  588,     0.98000000000000,    -0.00000000000002,    0.20000000000000,    -0.00000000000000,    0.20000000000000,
  589,     0.98138196601125,    0.00000000000002,    0.20000000000000,    0.00000000000000,    0.20000000000000,
  590,     0.98361803398875,    -0.00000000000001,    0.20000000000000,    -0.00000000000000,    0.20000000000000,
  591,     0.98500000000000,    -0.00000000000002,    0.20000000000000,    -0.00000000000000,    0.20000000000000,
  592,     0.98638196601125,    0.00000000000000,    0.20000000000000,    0.00000000000000,    0.20000000000000,
  593,     0.98861803398875,    0.00000000000000,    0.20000000000000,    0.00000000000000,    0.20000000000000,
  594,     0.99000000000000,    0.00000000000003,    0.20000000000000,    0.00000000000001,    0.20000000000000,
  595,     0.99138196601125,    -0.00000000000001,    0.20000000000000,    -0.00000000000000,    0.20000000000000,
  596,     0.99361803398875,    0.00000000000000,    0.20000000000000,    0.00000000000000,    0.20000000000000,
  597,     0.99500000000000,    -0.00000000000002,    0.20000000000000,    -0.00000000000000,    0.20000000000000,
  598,     0.99638196601125,    0.00000000000002,    0.20000000000000,    0.00000000000000,    0.20000000000000,
  599,     0.99861803398875,    -0.00000000000001,    0.20000000000000,    -0.00000000000000,    0.20000000000000,
  600,     1.00000000000000,    0.00000000000000,    0.20000000000000,    0.00000000000000,    0.20000000000000,
