 indi,                  x_v,                   v,                   H,                   q,                 eta
    0,     -0.00000000000273,    -0.00000000006027,    1.00000000000653,    -0.00000000006027,    1.00000000000653,
    1,     0.00086336582049,    -0.00000000004613,    1.00000000002055,    -0.00000000004613,    1.00000000002055,
    2,     0.00249999999722,    -0.00000000006112,    1.00000000001844,    -0.00000000006112,    1.00000000001844,
    3,     0.00413663417397,    -0.00000000005368,    1.00000000001575,    -0.00000000005368,    1.00000000001575,
    4,     0.00499999999718,    -0.00000000005308,    1.00000000002885,    -0.00000000005308,    1.00000000002885,
    5,     0.00586336582039,    -0.00000000005701,    1.00000000001713,    -0.00000000005701,    1.00000000001713,
    6,     0.00749999999713,    -0.00000000005808,    1.00000000001850,    -0.00000000005808,    1.00000000001850,
    7,     0.00913663417387,    -0.00000000005064,    1.00000000002072,    -0.00000000005064,    1.00000000002072,
    8,     0.00999999999708,    -0.00000000005594,    1.00000000001111,    -0.00000000005594,    1.00000000001111,
    9,     0.01086336582030,    -0.00000000005935,    1.00000000001954,    -0.00000000005935,    1.00000000001954,
   10,     0.01249999999704,    -0.00000000005061,    1.00000000001961,    -0.00000000005061,    1.00000000001961,
   11,     0.01413663417378,    -0.00000000005958,    1.00000000001741,    -0.00000000005958,    1.00000000001741,
   12,     0.01499999999699,    -0.00000000004993,    1.00000000002124,    -0.00000000004993,    1.00000000002124,
   13,     0.01586336582020,    -0.00000000004681,    1.00000000001870,    -0.00000000004681,    1.00000000001870,
   14,     0.01749999999694,    -0.00000000005799,    1.00000000001844,    -0.00000000005799,    1.00000000001844,
   15,     0.01913663417368,    -0.00000000004448,    1.00000000001908,    -0.00000000004448,    1.00000000001908,
   16,     0.01999999999690,    -0.00000000004929,    1.00000000001908,    -0.00000000004929,    1.00000000001908,
   17,     0.02086336582011,    -0.00000000005716,    1.00000000001815,    -0.00000000005716,    1.00000000001815,
   18,     0.02249999999685,    -0.00000000004613,    1.00000000001873,    -0.00000000004613,    1.00000000001873,
   19,     0.02413663417359,    -0.00000000005489,    1.00000000001939,    -0.00000000005489,    1.00000000001939,
   20,     0.02499999999680,    -0.00000000004930,    1.00000000001814,    -0.00000000004930,    1.00000000001814,
   21,     0.02586336582002,    -0.00000000004763,    1.00000000001910,    -0.00000000004763,    1.00000000001910,
   22,     0.02749999999676,    -0.00000000005297,    1.00000000001965,    -0.00000000005297,    1.00000000001965,
   23,     0.02913663417349,    -0.00000000005146,    1.00000000002028,    -0.00000000005146,    1.00000000002028,
   24,     0.02999999999671,    -0.00000000005136,    1.00000000002132,    -0.00000000005136,    1.00000000002132,
   25,     0.03086336581992,    -0.00000000005235,    1.00000000001942,    -0.00000000005235,    1.00000000001942,
   26,     0.03249999999666,    -0.00000000004981,    1.00000000002004,    -0.00000000004981,    1.00000000002004,
   27,     0.03413663417339,    -0.00000000004995,    1.00000000002035,    -0.00000000004995,    1.00000000002035,
   28,     0.03499999999661,    -0.00000000004880,    1.00000000001829,    -0.00000000004880,    1.00000000001829,
   29,     0.03586336581982,    -0.00000000005007,    1.00000000002000,    -0.00000000005007,    1.00000000002000,
   30,     0.03749999999656,    -0.00000000004821,    1.00000000002023,    -0.00000000004821,    1.00000000002023,
   31,     0.03913663417329,    -0.00000000004974,    1.00000000002004,    -0.00000000004974,    1.00000000002004,
   32,     0.03999999999651,    -0.00000000004950,    1.00000000002026,    -0.00000000004950,    1.00000000002026,
   33,     0.04086336581972,    -0.00000000004789,    1.00000000002061,    -0.00000000004789,    1.00000000002061,
   34,     0.04249999999645,    -0.00000000005060,    1.00000000002088,    -0.00000000005060,    1.00000000002088,
   35,     0.04413663417319,    -0.00000000004487,    1.00000000002011,    -0.00000000004487,    1.00000000002011,
   36,     0.04499999999640,    -0.00000000004741,    1.00000000001993,    -0.00000000004741,    1.00000000001993,
   37,     0.04586336581962,    -0.00000000004929,    1.00000000002077,    -0.00000000004929,    1.00000000002077,
   38,     0.04749999999635,    -0.00000000004677,    1.00000000002088,    -0.00000000004677,    1.00000000002088,
   39,     0.04913663417309,    -0.00000000005097,    1.00000000002111,    -0.00000000005097,    1.00000000002111,
   40,     0.04999999999630,    -0.00000000004646,    1.00000000002208,    -0.00000000004646,    1.00000000002208,
   41,     0.05086336581951,    -0.00000000004770,    1.00000000002153,    -0.00000000004770,    1.00000000002153,
   42,     0.05249999999624,    -0.00000000004812,    1.00000000002135,    -0.00000000004812,    1.00000000002135,
   43,     0.05413663417298,    -0.00000000004519,    1.00000000002119,    -0.00000000004519,    1.00000000002119,
   44,     0.05499999999619,    -0.00000000004394,    1.00000000002063,    -0.00000000004394,    1.00000000002063,
   45,     0.05586336581940,    -0.00000000004550,    1.00000000002045,    -0.00000000004550,    1.00000000002045,
   46,     0.05749999999614,    -0.00000000004550,    1.00000000002168,    -0.00000000004550,    1.00000000002168,
   47,     0.05913663417287,    -0.00000000004639,    1.00000000002191,    -0.00000000004639,    1.00000000002191,
   48,     0.05999999999608,    -0.00000000004756,    1.00000000002042,    -0.00000000004756,    1.00000000002042,
   49,     0.06086336581930,    -0.00000000004485,    1.00000000002179,    -0.00000000004485,    1.00000000002179,
   50,     0.06249999999603,    -0.00000000004380,    1.00000000002164,    -0.00000000004380,    1.00000000002164,
   51,     0.06413663417277,    -0.00000000004660,    1.00000000002168,    -0.00000000004660,    1.00000000002168,
   52,     0.06499999999598,    -0.00000000004358,    1.00000000002261,    -0.00000000004358,    1.00000000002261,
   53,     0.06586336581919,    -0.00000000004284,    1.00000000002145,    -0.00000000004284,    1.00000000002145,
   54,     0.06749999999592,    -0.00000000004254,    1.00000000002166,    -0.00000000004254,    1.00000000002166,
   55,     0.06913663417266,    -0.00000000004340,    1.00000000002198,    -0.00000000004340,    1.00000000002198,
   56,     0.06999999999587,    -0.00000000004473,    1.00000000002172,    -0.00000000004473,    1.00000000002172,
   57,     0.07086336581908,    -0.00000000004518,    1.00000000002271,    -0.00000000004518,    1.00000000002271,
   58,     0.07249999999581,    -0.00000000004428,    1.00000000002278,    -0.00000000004428,    1.00000000002278,
   59,     0.07413663417254,    -0.00000000004102,    1.00000000002169,    -0.00000000004102,    1.00000000002169,
   60,     0.07499999999576,    -0.00000000004139,    1.00000000002129,    -0.00000000004139,    1.00000000002129,
   61,     0.07586336581897,    -0.00000000004144,    1.00000000002267,    -0.00000000004144,    1.00000000002267,
   62,     0.07749999999570,    -0.00000000004067,    1.00000000002239,    -0.00000000004067,    1.00000000002239,
   63,     0.07913663417243,    -0.00000000004356,    1.00000000002303,    -0.00000000004356,    1.00000000002303,
   64,     0.07999999999564,    -0.00000000004346,    1.00000000002389,    -0.00000000004346,    1.00000000002389,
   65,     0.08086336581885,    -0.00000000004093,    1.00000000002211,    -0.00000000004093,    1.00000000002211,
   66,     0.08249999999559,    -0.00000000004087,    1.00000000002281,    -0.00000000004087,    1.00000000002281,
   67,     0.08413663417232,    -0.00000000004011,    1.00000000002329,    -0.00000000004011,    1.00000000002329,
   68,     0.08499999999553,    -0.00000000003979,    1.00000000002184,    -0.00000000003979,    1.00000000002184,
   69,     0.08586336581874,    -0.00000000003866,    1.00000000002216,    -0.00000000003866,    1.00000000002216,
   70,     0.08749999999547,    -0.00000000004086,    1.00000000002358,    -0.00000000004086,    1.00000000002358,
   71,     0.08913663417220,    -0.00000000003793,    1.00000000002315,    -0.00000000003793,    1.00000000002315,
   72,     0.08999999999541,    -0.00000000004073,    1.00000000002083,    -0.00000000004073,    1.00000000002083,
   73,     0.09086336581863,    -0.00000000004085,    1.00000000002396,    -0.00000000004085,    1.00000000002396,
   74,     0.09249999999536,    -0.00000000004024,    1.00000000002419,    -0.00000000004024,    1.00000000002419,
   75,     0.09413663417209,    -0.00000000003724,    1.00000000002262,    -0.00000000003724,    1.00000000002262,
   76,     0.09499999999530,    -0.00000000003856,    1.00000000002336,    -0.00000000003856,    1.00000000002336,
   77,     0.09586336581851,    -0.00000000004257,    1.00000000002436,    -0.00000000004257,    1.00000000002436,
   78,     0.09749999999524,    -0.00000000003999,    1.00000000002457,    -0.00000000003999,    1.00000000002457,
   79,     0.09913663417197,    -0.00000000003756,    1.00000000002334,    -0.00000000003756,    1.00000000002334,
   80,     0.09999999999518,    -0.00000000003482,    1.00000000002400,    -0.00000000003482,    1.00000000002400,
   81,     0.10086336581839,    -0.00000000003997,    1.00000000002417,    -0.00000000003997,    1.00000000002417,
   82,     0.10249999999512,    -0.00000000003543,    1.00000000002350,    -0.00000000003543,    1.00000000002350,
   83,     0.10413663417185,    -0.00000000003662,    1.00000000002355,    -0.00000000003662,    1.00000000002355,
   84,     0.10499999999506,    -0.00000000003316,    1.00000000002485,    -0.00000000003316,    1.00000000002485,
   85,     0.10586336581827,    -0.00000000003736,    1.00000000002444,    -0.00000000003736,    1.00000000002444,
   86,     0.10749999999500,    -0.00000000003425,    1.00000000002388,    -0.00000000003425,    1.00000000002388,
   87,     0.10913663417173,    -0.00000000003603,    1.00000000002318,    -0.00000000003603,    1.00000000002318,
   88,     0.10999999999494,    -0.00000000003057,    1.00000000002434,    -0.00000000003057,    1.00000000002434,
   89,     0.11086336581815,    -0.00000000003479,    1.00000000002459,    -0.00000000003479,    1.00000000002459,
   90,     0.11249999999488,    -0.00000000003378,    1.00000000002426,    -0.00000000003378,    1.00000000002426,
   91,     0.11413663417161,    -0.00000000003735,    1.00000000002527,    -0.00000000003735,    1.00000000002527,
   92,     0.11499999999482,    -0.00000000003237,    1.00000000002385,    -0.00000000003237,    1.00000000002385,
   93,     0.11586336581802,    -0.00000000003637,    1.00000000002567,    -0.00000000003637,    1.00000000002567,
   94,     0.11749999999475,    -0.00000000003660,    1.00000000002543,    -0.00000000003660,    1.00000000002543,
   95,     0.11913663417148,    -0.00000000003259,    1.00000000002443,    -0.00000000003259,    1.00000000002443,
   96,     0.11999999999469,    -0.00000000003444,    1.00000000002464,    -0.00000000003444,    1.00000000002464,
   97,     0.12086336581790,    -0.00000000003518,    1.00000000002505,    -0.00000000003518,    1.00000000002505,
   98,     0.12249999999463,    -0.00000000003547,    1.00000000002526,    -0.00000000003547,    1.00000000002526,
   99,     0.12413663417136,    -0.00000000003074,    1.00000000002532,    -0.00000000003074,    1.00000000002532,
  100,     0.12499999999456,    -0.00000000003575,    1.00000000002632,    -0.00000000003575,    1.00000000002632,
  101,     0.12586336581777,    -0.00000000003422,    1.00000000002505,    -0.00000000003422,    1.00000000002505,
  102,     0.12749999999450,    -0.00000000003343,    1.00000000002579,    -0.00000000003343,    1.00000000002579,
  103,     0.12913663417123,    -0.00000000003282,    1.00000000002545,    -0.00000000003282,    1.00000000002545,
  104,     0.12999999999444,    -0.00000000002991,    1.00000000002385,    -0.00000000002991,    1.00000000002385,
  105,     0.13086336581764,    -0.00000000003257,    1.00000000002587,    -0.00000000003257,    1.00000000002587,
  106,     0.13249999999437,    -0.00000000003521,    1.00000000002675,    -0.00000000003521,    1.00000000002675,
  107,     0.13413663417110,    -0.00000000002537,    1.00000000002589,    -0.00000000002537,    1.00000000002589,
  108,     0.13499999999431,    -0.00000000003305,    1.00000000002441,    -0.00000000003305,    1.00000000002441,
  109,     0.13586336581751,    -0.00000000003372,    1.00000000002567,    -0.00000000003372,    1.00000000002567,
  110,     0.13749999999424,    -0.00000000003133,    1.00000000002679,    -0.00000000003133,    1.00000000002679,
  111,     0.13913663417097,    -0.00000000002579,    1.00000000002426,    -0.00000000002579,    1.00000000002426,
  112,     0.13999999999418,    -0.00000000002390,    1.00000000002366,    -0.00000000002390,    1.00000000002366,
  113,     0.14086336581738,    -0.00000000004531,    1.00000000003251,    -0.00000000004531,    1.00000000003251,
  114,     0.14249999999410,    -0.00000000005031,    1.00000000002965,    -0.00000000005031,    1.00000000002965,
  115,     0.14413663417084,    0.00000000007355,    1.00000000000301,    0.00000000007355,    1.00000000000301,
  116,     0.14499999999408,    0.00000000003908,    0.99999999996420,    0.00000000003908,    0.99999999996420,
  117,     0.14586336581728,    -0.00000000017246,    1.00000000009608,    -0.00000000017246,    1.00000000009608,
  118,     0.14749999999385,    -0.00000000032086,    1.00000000008164,    -0.00000000032086,    1.00000000008164,
  119,     0.14913663417077,    0.00000000137235,    0.99999999967619,    0.00000000137235,    0.99999999967619,
  120,     0.14999999999443,    0.00000000130542,    0.99999999925275,    0.00000000130542,    0.99999999925275,
  121,     0.15086336581768,    -0.00000000155014,    1.00000000071049,    -0.00000000155014,    1.00000000071049,
  122,     0.15249999999214,    -0.00000000544876,    1.00000000138053,    -0.00000000544876,    1.00000000138053,
  123,     0.15413663417026,    0.00000001766415,    0.99999999551036,    0.00000001766415,    0.99999999551036,
  124,     0.15500000000024,    0.00000002426974,    0.99999999080031,    0.00000002426974,    0.99999999080031,
  125,     0.15586336582715,    -0.00000000586561,    1.00000000147891,    -0.00000000586561,    1.00000000147891,
  126,     0.15749999997527,    -0.00000009297246,    1.00000002841806,    -0.00000009297246,    1.00000002841806,
  127,     0.15913663414082,    0.00000016005589,    0.99999995792514,    0.00000016005589,    0.99999995792514,
  128,     0.16000000004760,    0.00000037629208,    0.99999990924734,    0.00000037629204,    0.99999990924734,
  129,     0.16086336596959,    0.00000022229360,    0.99999988074582,    0.00000022229357,    0.99999988074582,
  130,     0.16249999991105,    -0.00000122588417,    1.00000043330312,    -0.00000122588470,    1.00000043330312,
  131,     0.16413663346849,    0.00000015821912,    0.99999995263905,    0.00000015821911,    0.99999995263905,
  132,     0.16499999989013,    0.00000384944595,    0.99999943117145,    0.00000384944376,    0.99999943117145,
  133,     0.16586336722118,    0.00000608102574,    0.99999728195288,    0.00000608100921,    0.99999728195288,
  134,     0.16750000192602,    -0.00000794607441,    1.00000343876176,    -0.00000794610174,    1.00000343876176,
  135,     0.16913662588141,    -0.00002457272740,    1.00000673131215,    -0.00002457289281,    1.00000673131215,
  136,     0.16999998826583,    0.00000227512974,    1.00000340703662,    0.00000227513749,    1.00000340703662,
  137,     0.17086336176169,    0.00005410937798,    0.99997898564438,    0.00005410824091,    0.99997898564438,
  138,     0.17250003479865,    0.00006063443383,    0.99998652322330,    0.00006063361667,    0.99998652322330,
  139,     0.17413663283630,    -0.00025630105395,    1.00006993567663,    -0.00025631897854,    1.00006993567663,
  140,     0.17499990812795,    -0.00035575767929,    1.00011201639891,    -0.00035579752998,    1.00011201639891,
  141,     0.17586319839968,    -0.00008222331234,    1.00004529939245,    -0.00008222703701,    1.00004529939245,
  142,     0.17750031343466,    0.00243520174155,    0.99920466952118,    0.00243326495138,    0.99920466952118,
  143,     0.17913957778347,    0.00806655281337,    0.99744200814730,    0.00804591863699,    0.99744200814730,
  144,     0.18000569134685,    0.01194311040154,    0.99619281637834,    0.01189764078723,    0.99619281637834,
  145,     0.18087293512085,    0.01617191486986,    0.99484036478485,    0.01608847368840,    0.99484036478485,
  146,     0.18252028419492,    0.02469120142665,    0.99212954226657,    0.02449687036944,    0.99212954226657,
  147,     0.18417224030896,    0.03358519168331,    0.98930735461169,    0.03322607713835,    0.98930735461169,
  148,     0.18504560623543,    0.03838548663803,    0.98779014212374,    0.03791680530167,    0.98779014212374,
  149,     0.18592033173497,    0.04325421921411,    0.98623549983148,    0.04265884650645,    0.98623549983148,
  150,     0.18758231240312,    0.05264691539418,    0.98325820846388,    0.05176551171163,    0.98325820846388,
  151,     0.18924936238967,    0.06218581620106,    0.98024805244049,    0.06095752522051,    0.98024805244049,
  152,     0.19013084324527,    0.06725904507495,    0.97864996040657,    0.06582306179958,    0.97864996040657,
  153,     0.19101377507877,    0.07236431245413,    0.97702905881613,    0.07070203608893,    0.97702905881613,
  154,     0.19269153814437,    0.08214534558421,    0.97394092714682,    0.08000471403908,    0.97394092714682,
  155,     0.19437464707219,    0.09203986239900,    0.97083246137367,    0.08935528615731,    0.97083246137367,
  156,     0.19526470692774,    0.09729151976429,    0.96918470200784,    0.09429345259064,    0.96918470200784,
  157,     0.19615628994690,    0.10256972460778,    0.96751812301808,    0.09923806743100,    0.96751812301808,
  158,     0.19785064570469,    0.11267082388860,    0.96434687441575,    0.10865375685482,    0.96434687441575,
  159,     0.19955059845928,    0.12288133989692,    0.96115690622307,    0.11810824848787,    0.96115690622307,
  160,     0.20044964628054,    0.12829446537333,    0.95946558404173,    0.12309412414874,    0.95946558404173,
  161,     0.20135028812388,    0.13373069170321,    0.95775748577299,    0.12808157105635,    0.95775748577299,
  162,     0.20306200926839,    0.14412746470367,    0.95450926263588,    0.13757100005988,    0.95450926263588,
  163,     0.20477957982610,    0.15462832971365,    0.95124415618676,    0.14708929502103,    0.95124415618676,
  164,     0.20568802360347,    0.16018999042665,    0.94951373369529,    0.15210259591063,    0.94951373369529,
  165,     0.20659813096882,    0.16577293508909,    0.94776951283112,    0.15711453392997,    0.94776951283112,
  166,     0.20832798193323,    0.17644586505353,    0.94445630095920,    0.16664540902800,    0.94445630095920,
  167,     0.21006392448638,    0.18720978830749,    0.94112802473120,    0.17618837828017,    0.94112802473120,
  168,     0.21098215855304,    0.19290217618457,    0.93936394586679,    0.18120534938703,    0.93936394586679,
  169,     0.21190212361552,    0.19861268187340,    0.93758936347372,    0.18621713797549,    0.93758936347372,
  170,     0.21365084224607,    0.20952342846081,    0.93422101176809,    0.19574118932578,    0.93422101176809,
  171,     0.21540588791257,    0.22051254934384,    0.93083954749773,    0.20526180164879,    0.93083954749773,
  172,     0.21633429472389,    0.22631979490379,    0.92904760870265,    0.21026186425744,    0.92904760870265,
  173,     0.21726449676887,    0.23214508416081,    0.92724966345274,    0.21525645116032,    0.92724966345274,
  174,     0.21903279197700,    0.24327141883884,    0.92383839026779,    0.22474347597824,    0.92383839026779,
  175,     0.22080763947403,    0.25445901937083,    0.92041357876857,    0.23420753666904,    0.92041357876857,
  176,     0.22174658524322,    0.26036738040044,    0.91859766357580,    0.23917286730720,    0.91859766357580,
  177,     0.22268738939280,    0.26629374903426,    0.91678050408666,    0.24413291747476,    0.91678050408666,
  178,     0.22447595172610,    0.27760756546322,    0.91333188286329,    0.25354784046162,    0.91333188286329,
  179,     0.22627129159304,    0.28897069353073,    0.90986952907893,    0.26292562884042,    0.90986952907893,
  180,     0.22722113948473,    0.29497512008629,    0.90803383355171,    0.26784738909433,    0.90803383355171,
  181,     0.22817290728300,    0.30099990197662,    0.90620209059211,    0.27276674043923,    0.90620209059211,
  182,     0.22998241846011,    0.31249141124261,    0.90272238280231,    0.28209299136219,    0.90272238280231,
  183,     0.23179893260480,    0.32401634192100,    0.89922678716581,    0.29136417413484,    0.89922678716581,
  184,     0.23276004312803,    0.33011151077073,    0.89737348148662,    0.29623331569914,    0.89737348148662,
  185,     0.23372313633583,    0.33622851767387,    0.89552800060976,    0.30110205218047,    0.89552800060976,
  186,     0.23555428822891,    0.34788131256068,    0.89201789109736,    0.31031635478255,    0.89201789109736,
  187,     0.23739267572540,    0.35956367486042,    0.88849230014665,    0.31946955652591,    0.88849230014665,
  188,     0.23836541751214,    0.36575305570748,    0.88662545188370,    0.32428596829448,    0.88662545188370,
  189,     0.23934020478954,    0.37196474556466,    0.88476752508376,    0.32910232735166,    0.88476752508376,
  190,     0.24119370081023,    0.38377488652276,    0.88122850541887,    0.33819336966774,    0.88122850541887,
  191,     0.24305467319457,    0.39561312936092,    0.87767431465315,    0.34721948217964,    0.87767431465315,
  192,     0.24403942421617,    0.40189399444080,    0.87579556759580,    0.35197697897462,    0.87579556759580,
  193,     0.24502628705883,    0.40819515472511,    0.87392240465490,    0.35673089118585,    0.87392240465490,
  194,     0.24690286308674,    0.42015723173173,    0.87035376980208,    0.36568543054731,    0.87035376980208,
  195,     0.24878716410520,    0.43216502477473,    0.86677441487735,    0.37458958647957,    0.86677441487735,
  196,     0.24978431745282,    0.43854016985056,    0.86488659785983,    0.37928751552692,    0.86488659785983,
  197,     0.25078365141348,    0.44492995120806,    0.86299637640931,    0.38397293564853,    0.86299637640931,
  198,     0.25268406837278,    0.45704715706333,    0.85939829327600,    0.39278554672688,    0.85939829327600,
  199,     0.25459246953552,    0.46922983900007,    0.85579354666483,    0.40156386811884,    0.85579354666483,
  200,     0.25560243853213,    0.47569198541634,    0.85389486602192,    0.40619094415479,    0.85389486602192,
  201,     0.25661466262648,    0.48216414031399,    0.85198498596136,    0.41079660831649,    0.85198498596136,
  202,     0.25853972587086,    0.49445062510902,    0.84835988008577,    0.41947207302582,    0.84835988008577,
  203,     0.26047303712030,    0.50682304248592,    0.84473195227819,    0.42812961813870,    0.84473195227819,
  204,     0.26149625510011,    0.51336964554094,    0.84281929568931,    0.43267784308308,    0.84281929568931,
  205,     0.26252180721527,    0.51992308009140,    0.84089108532903,    0.43719868310567,    0.84089108532903,
  206,     0.26447235477180,    0.53239079700042,    0.83723979108465,    0.44573875965602,    0.83723979108465,
  207,     0.26643142961959,    0.54494400953164,    0.83358489103126,    0.45425709280357,    0.83358489103126,
  208,     0.26746835830919,    0.55157316239405,    0.83165282109124,    0.45871737654323,    0.83165282109124,
  209,     0.26850770428218,    0.55821502281735,    0.82971147319829,    0.46315740894320,    0.82971147319829,
  210,     0.27048461954771,    0.57088324391891,    0.82603698672539,    0.47157067457879,    0.82603698672539,
  211,     0.27247035501128,    0.58361062096921,    0.82235320937310,    0.47993406717825,    0.82235320937310,
  212,     0.27352147598528,    0.59033043387111,    0.82039951707869,    0.48430680286472,    0.82039951707869,
  213,     0.27457510031994,    0.59707105211079,    0.81844960204303,    0.48867256499149,    0.81844960204303,
  214,     0.27657931059706,    0.60993003399255,    0.81474790478548,    0.49693921726117,    0.81474790478548,
  215,     0.27859266228301,    0.62282269006394,    0.81103236877802,    0.50512936165126,    0.81103236877802,
  216,     0.27965848304234,    0.62965045198333,    0.80906272727475,    0.50942671191141,    0.80906272727475,
  217,     0.28072689390622,    0.63650442427914,    0.80710484709919,    0.51372580603577,    0.80710484709919,
  218,     0.28275937509278,    0.64954299341237,    0.80337350747627,    0.52182563287434,    0.80337350747627,
  219,     0.28480133970158,    0.66261269934977,    0.79962775892007,    0.52984350781303,    0.79962775892007,
  220,     0.28588238637978,    0.66955202990966,    0.79764961660009,    0.53406791995125,    0.79764961660009,
  221,     0.28696611582795,    0.67651185787942,    0.79567417827117,    0.53828301660891,    0.79567417827117,
  222,     0.28902790594243,    0.68971712857131,    0.79191135799649,    0.54619482792034,    0.79191135799649,
  223,     0.29109953018157,    0.70299708115203,    0.78814176302945,    0.55406135894372,    0.78814176302945,
  224,     0.29219635633906,    0.71004023232562,    0.78615772833494,    0.55820361607153,    0.78615772833494,
  225,     0.29329596474344,    0.71709271145303,    0.78415880532567,    0.56231456392075,    0.78415880532567,
  226,     0.29538814496802,    0.73048327604935,    0.78036880774133,    0.57004636320561,    0.78036880774133,
  227,     0.29749051510772,    0.74397423400846,    0.77657572351328,    0.57775232905036,    0.77657572351328,
  228,     0.29860371071982,    0.75110217848641,    0.77457430677352,    0.58178444921719,    0.77457430677352,
  229,     0.29971979630196,    0.75824199269294,    0.77255892077323,    0.58578661555980,    0.77255892077323,
  230,     0.30184349815852,    0.77185455648893,    0.76874826166077,    0.59336184855581,    0.76874826166077,
  231,     0.30397775837275,    0.78553377139592,    0.76492940898619,    0.60087788349258,    0.76492940898619,
  232,     0.30510794212205,    0.79275661456204,    0.76290321260814,    0.60479656806573,    0.76290321260814,
  233,     0.30624112563243,    0.80000268075816,    0.76088449444058,    0.60870963529978,    0.76088449444058,
  234,     0.30839752632945,    0.81382276149848,    0.75704828648821,    0.61610312709752,    0.75704828648821,
  235,     0.31056489976614,    0.82767008585774,    0.75319910665013,    0.62340036926909,    0.75319910665013,
  236,     0.31171271703959,    0.83501620055359,    0.75116126591603,    0.62723182626823,    0.75116126591603,
  237,     0.31286364388531,    0.84238747929066,    0.74913488016022,    0.63106184334688,    0.74913488016022,
  238,     0.31505399307263,    0.85638220444503,    0.74526934083653,    0.63823540101088,    0.74526934083653,
  239,     0.31725575331612,    0.87043676494794,    0.74139476270058,    0.64533725879444,    0.74139476270058,
  240,     0.31842187314653,    0.87789492502524,    0.73935640030914,    0.64907723161633,    0.73935640030914,
  241,     0.31959122413953,    0.88536555889871,    0.73730350496612,    0.65278312975230,    0.73730350496612,
  242,     0.32181685685999,    0.89954740331453,    0.73341334115743,    0.65974006659439,    0.73341334115743,
  243,     0.32405432972614,    0.91384033126013,    0.72952032687958,    0.66666509717663,    0.72952032687958,
  244,     0.32523947079059,    0.92138563294160,    0.72746535527651,    0.67027612681453,    0.72746535527651,
  245,     0.32642797455914,    0.92894445242863,    0.72539770865738,    0.67385417726171,    0.72539770865738,
  246,     0.32869026717772,    0.94336322441872,    0.72148769014264,    0.68062495375137,    0.72148769014264,
  247,     0.33096486036124,    0.95783444824961,    0.71756854717979,    0.68731187346923,    0.71756854717979,
  248,     0.33216978888267,    0.96549051062404,    0.71548789783682,    0.69079677582779,    0.71548789783682,
  249,     0.33337821178106,    0.97317424006343,    0.71342443555018,    0.69428628290923,    0.71342443555018,
  250,     0.33567860966085,    0.98780153226755,    0.70948949479776,    0.70083481008895,    0.70948949479776,
  251,     0.33799182550496,    1.00246005602190,    0.70554367280093,    0.70727934976192,    0.70554367280093,
  252,     0.33921732056134,    1.01024564715987,    0.70346470360143,    0.71067215474395,    0.70346470360143,
  253,     0.34044644898018,    1.01804785272028,    0.70137891937565,    0.71403730281365,    0.70137891937565,
  254,     0.34278651077310,    1.03284325246519,    0.69741939274138,    0.72032491393131,    0.69741939274138,
  255,     0.34513990280022,    1.04775699247501,    0.69345714059007,    0.72657456803498,    0.69345714059007,
  256,     0.34638679858251,    1.05563098896348,    0.69136927695533,    0.72983083357132,    0.69136927695533,
  257,     0.34763748044461,    1.06351907261063,    0.68926486664600,    0.73304633175845,    0.68926486664600,
  258,     0.35001882158257,    1.07856349007883,    0.68528845646485,    0.73912710931547,    0.68528845646485,
  259,     0.35241402622240,    1.09365739387618,    0.68130367898833,    0.74511280600063,    0.68130367898833,
  260,     0.35368322252863,    1.10164958518199,    0.67918727290064,    0.74822637745188,    0.67918727290064,
  261,     0.35495635980727,    1.10966840338566,    0.67709218793517,    0.75134780713092,    0.67709218793517,
  262,     0.35738067187558,    1.12491899552917,    0.67309199898092,    0.75717397539234,    0.67309199898092,
  263,     0.35981945848760,    1.14021616195251,    0.66908479896225,    0.76290130149350,    0.66908479896225,
  264,     0.36111186184878,    1.14832989470618,    0.66698030332928,    0.76591342149321,    0.66698030332928,
  265,     0.36240837004848,    1.15645637734512,    0.66485497692243,    0.76887577807159,    0.66485497692243,
  266,     0.36487747337043,    1.17187665889077,    0.66084207982660,    0.77442540856163,    0.66084207982660,
  267,     0.36736161027366,    1.18740505935568,    0.65682785076494,    0.77992071312400,    0.65682785076494,
  268,     0.36867818918987,    1.19559033582633,    0.65470132200138,    0.78275457343757,    0.65470132200138,
  269,     0.36999904112654,    1.20379451114183,    0.65258476828923,    0.78557796212134,    0.65258476828923,
  270,     0.37251472946775,    1.21944967148610,    0.64855962143036,    0.79088581729240,    0.64855962143036,
  271,     0.37504609573953,    1.23511485924687,    0.64452814380981,    0.79606628762229,    0.64452814380981,
  272,     0.37638784115881,    1.24344513879035,    0.64240243179194,    0.79879218095880,    0.64240243179194,
  273,     0.37773404012364,    1.25179588875444,    0.64027085377964,    0.80148842245065,    0.64027085377964,
  274,     0.38029830379787,    1.26761864562646,    0.63622692812487,    0.80649311694073,    0.63622692812487,
  275,     0.38287893077051,    1.28358130144969,    0.63217661410662,    0.81145008108103,    0.63217661410662,
  276,     0.38424695035899,    1.29198941650963,    0.63003692303871,    0.81400103657630,    0.63003692303871,
  277,     0.38561962129458,    1.30041461843593,    0.62789961655089,    0.81652984027309,    0.62789961655089,
  278,     0.38823458913166,    1.31648857217451,    0.62384901275202,    0.82129009605038,    0.62384901275202,
  279,     0.39086656932274,    1.33249492482822,    0.61981091395843,    0.82589489720275,    0.61981091395843,
  280,     0.39226190958145,    1.34097113714948,    0.61769104518108,    0.82830586326353,    0.61769104518108,
  281,     0.39366204924065,    1.34943362232291,    0.61556889508042,    0.83066936387769,    0.61556889508042,
  282,     0.39632944895321,    1.36535269533799,    0.61157961736237,    0.83502187897948,    0.61157961736237,
  283,     0.39901424864751,    1.38131069525453,    0.60761085751774,    0.83929937604203,    0.60761085751774,
  284,     0.40043762277764,    1.38968835500281,    0.60551372456794,    0.84147537182645,    0.60551372456794,
  285,     0.40186590693482,    1.39807599800230,    0.60344040316859,    0.84365554389484,    0.60344040316859,
  286,     0.40458704005973,    1.41415736383883,    0.59946068459088,    0.84773174144606,    0.59946068459088,
  287,     0.40732640936791,    1.43043161205685,    0.59543768731762,    0.85173289094914,    0.59543768731762,
  288,     0.40877897634640,    1.43916237197810,    0.59328973532268,    0.85384026275724,    0.59328973532268,
  289,     0.41023684743862,    1.44804182995903,    0.59112548827663,    0.85597443377951,    0.59112548827663,
  290,     0.41301568921941,    1.46573767807383,    0.58675516210231,    0.86002914889768,    0.58675516210231,
  291,     0.41581581871942,    1.48461648592425,    0.58221585191518,    0.86436725211970,    0.58221585191518,
  292,     0.41730175204860,    1.49338104595003,    0.58019977568870,    0.86645934787796,    0.58019977568870,
  293,     0.41879197561607,    1.49794056436654,    0.57868330077604,    0.86683319015396,    0.57868330077604,
  294,     0.42161640992382,    1.49041103603471,    0.58099153268688,    0.86591619215925,    0.58099153268688,
  295,     0.42442606594545,    1.47972956933971,    0.58325294219186,    0.86305662496567,    0.58325294219186,
  296,     0.42590809501028,    1.48573115794999,    0.58170434470993,    0.86425626965042,    0.58170434470993,
  297,     0.42739594515427,    1.49897341255562,    0.57851200462652,    0.86717411377941,    0.57851200462652,
  298,     0.43024037488142,    1.52621210694775,    0.57240582256583,    0.87361269648735,    0.57240582256583,
  299,     0.43311320947775,    1.54563126114217,    0.56711820989201,    0.87655563397207,    0.56711820989201,
  300,     0.43463897569193,    1.55572765360285,    0.56458298523938,    0.87833736289056,    0.56458298523938,
  301,     0.43617099406278,    1.56624197233988,    0.56253007417782,    0.88105821288077,    0.56253007417782,
  302,     0.43909124210949,    1.58476613128804,    0.55827785918408,    0.88473984308293,    0.55827785918408,
  303,     0.44203495113477,    1.60215272843672,    0.55363873202026,    0.88701380507451,    0.55363873202026,
  304,     0.44359794360470,    1.61219857241790,    0.55108693732618,    0.88846157363542,    0.55108693732618,
  305,     0.44516730353834,    1.62251731182126,    0.54917258010253,    0.89104201839390,    0.54917258010253,
  306,     0.44815857481532,    1.64046944967625,    0.54501855935326,    0.89408629612559,    0.54501855935326,
  307,     0.45117357565329,    1.65681458656968,    0.54067478697937,    0.89579787365788,    0.54067478697937,
  308,     0.45277361051870,    1.66606375098186,    0.53851730366029,    0.89720415890490,    0.53851730366029,
  309,     0.45437924267631,    1.67492724505374,    0.53692633739233,    0.89931255108533,    0.53692633739233,
  310,     0.45743566063148,    1.68701054847266,    0.53407443203615,    0.90098920051453,    0.53407443203615,
  311,     0.46050722960036,    1.69485854583223,    0.53170716744747,    0.90116843662860,    0.53170716744747,
  312,     0.46213247000151,    1.70023582183658,    0.53067424119892,    0.90227135461235,    0.53067424119892,
  313,     0.46376090090548,    1.70657066144967,    0.52966843007795,    0.90391660306714,    0.52966843007795,
  314,     0.46685974123106,    1.71942273401276,    0.52637076563698,    0.90505386095592,    0.52637076563698,
  315,     0.46998096894296,    1.73536610043500,    0.52236880525787,    0.90650111656924,    0.52236880525787,
  316,     0.47163676190513,    1.74546957202240,    0.52044423661900,    0.90841957895290,    0.52044423661900,
  317,     0.47329882533373,    1.75528307648394,    0.51848792050734,    0.91009307222789,    0.51848792050734,
  318,     0.47646775328323,    1.77064907954838,    0.51441751541581,    0.91085290017457,    0.51441751541581,
  319,     0.47966079169311,    1.78579182906234,    0.51094258342796,    0.91243709060566,    0.51094258342796,
  320,     0.48135250686458,    1.79246118954858,    0.50997269617431,    0.91410626562190,    0.50997269617431,
  321,     0.48304707769972,    1.79515178070087,    0.50916459962453,    0.91402773768583,    0.50916459962453,
  322,     0.48625905740992,    1.78853794942056,    0.51027710906086,    0.91264997427595,    0.51027710906086,
  323,     0.48946208087214,    1.78551906109389,    0.51125145712710,    0.91284922171247,    0.51125145712710,
  324,     0.49115216708079,    1.79027499717144,    0.51047709667978,    0.91389438281448,    0.51047709667978,
  325,     0.49284642592522,    1.79663095414042,    0.50858819369352,    0.91374529170014,    0.50858819369352,
  326,     0.49607040128403,    1.80269940252915,    0.50718239921264,    0.91429740803393,    0.50718239921264,
  327,     0.49929643366159,    1.80169816427302,    0.50757546295833,    0.91449777984206,    0.50757546295833,
  328,     0.50099700528391,    1.80102326774938,    0.50782550054899,    0.91460554244521,    0.50782550054899,
  329,     0.50269773949419,    1.80109282060811,    0.50744829837204,    0.91396148702768,    0.50744829837204,
  330,     0.50592413464276,    1.80316608089350,    0.50714837949119,    0.91447275587862,    0.50714837949119,
  331,     0.50915200018899,    1.80584288670873,    0.50684877026662,    0.91528924642305,    0.50684877026662,
  332,     0.51085605475737,    1.80528546997104,    0.50643112382268,    0.91425274937818,    0.50643112382268,
  333,     0.51256038945318,    1.80405001335368,    0.50667857923596,    0.91407349763666,    0.50667857923596,
  334,     0.51578997080451,    1.80530714497767,    0.50673490552063,    0.91481214554598,    0.50673490552063,
  335,     0.51902194588536,    1.81075090830264,    0.50583632895268,    0.91594359210354,    0.50583632895268,
  336,     0.52073039387665,    1.81016745602978,    0.50476608945926,    0.91371114804657,    0.50476608945926,
  337,     0.52243914546214,    1.80816085113563,    0.50567524860746,    0.91434218792029,    0.50567524860746,
  338,     0.52567392784951,    1.80949598562927,    0.50593948870470,    0.91549547378247,    0.50593948870470,
  339,     0.52891157917013,    1.81482552768931,    0.50491366099639,    0.91633020125532,    0.50491366099639,
  340,     0.53062281952729,    1.81279249983124,    0.50399137308317,    0.91363178110481,    0.50399137308317,
  341,     0.53233354009853,    1.80987513318624,    0.50528712098102,    0.91450659538281,    0.50528712098102,
  342,     0.53557107774983,    1.81237738444916,    0.50533799750334,    0.91586315817787,    0.50533799750334,
  343,     0.53881302564883,    1.81579524271301,    0.50440763942138,    0.91590099204945,    0.50440763942138,
  344,     0.54052467714466,    1.81317669149630,    0.50431379142902,    0.91441001181923,    0.50431379142902,
  345,     0.54223524366239,    1.81097533267855,    0.50514514584869,    0.91480539855429,    0.50514514584869,
  346,     0.54547529009228,    1.81487158313949,    0.50479773184717,    0.91614305876270,    0.50479773184717,
  347,     0.54871984177397,    1.81473190971440,    0.50432168534351,    0.91520865515380,    0.50432168534351,
  348,     0.55043062602973,    1.81295268914079,    0.50501875877079,    0.91557511678005,    0.50501875877079,
  349,     0.55214028074762,    1.81224885438130,    0.50507376842026,    0.91531935819766,    0.50507376842026,
  350,     0.55538136176178,    1.81391511818062,    0.50479117157506,    0.91564833764410,    0.50479117157506,
  351,     0.55862379165011,    1.81150802340701,    0.50492434439035,    0.91467450107664,    0.50492434439035,
  352,     0.56033254321500,    1.81159821212978,    0.50564038873434,    0.91601722421174,    0.50564038873434,
  353,     0.56204060445003,    1.81226073857933,    0.50537256674297,    0.91586686106335,    0.50537256674297,
  354,     0.56527973863560,    1.81082523516161,    0.50522833698091,    0.91488022212377,    0.50522833698091,
  355,     0.56851832718066,    1.80951720833327,    0.50558340204632,    0.91486186625050,    0.50558340204632,
  356,     0.57022525825137,    1.81010943008736,    0.50604611060957,    0.91599883687342,    0.50604611060957,
  357,     0.57193169383757,    1.81002326897577,    0.50587670444251,    0.91564860627372,    0.50587670444251,
  358,     0.57516709908945,    1.80687072427769,    0.50589340883549,    0.91408399002989,    0.50589340883549,
  359,     0.57840115781903,    1.80787875839765,    0.50628966286832,    0.91531032709595,    0.50628966286832,
  360,     0.58010588226021,    1.80806530955232,    0.50666575802400,    0.91608478062123,    0.50666575802400,
  361,     0.58181045945396,    1.80691770140579,    0.50635141830721,    0.91493534087124,    0.50635141830721,
  362,     0.58504299607271,    1.80475561566737,    0.50636423624490,    0.91386369893611,    0.50636423624490,
  363,     0.58827381686032,    1.80685142049699,    0.50680000430450,    0.91571230768546,    0.50680000430450,
  364,     0.58997699301776,    1.80597927427607,    0.50706900831555,    0.91575611964561,    0.50706900831555,
  365,     0.59168020463642,    1.80356938803542,    0.50676192656284,    0.91398029777059,    0.50676192656284,
  366,     0.59490966215334,    1.80273513759193,    0.50692711624517,    0.91385532465332,    0.50692711624517,
  367,     0.59813685400279,    1.80571771727742,    0.50729535809602,    0.91603221600658,    0.50729535809602,
  368,     0.59983880983039,    1.80390170300102,    0.50716358172594,    0.91487324877551,    0.50716358172594,
  369,     0.60154136056825,    1.80098211980396,    0.50711230934019,    0.91330020185417,    0.50711230934019,
  370,     0.60476795070074,    1.80166512023524,    0.50738416527993,    0.91413635314452,    0.50738416527993,
  371,     0.60799284568540,    1.80483790156048,    0.50755129859459,    0.91604782068976,    0.50755129859459,
  372,     0.60969406812213,    1.80034593937342,    0.50736732674983,    0.91343670648480,    0.50736732674983,
  373,     0.61139610549611,    1.79971120210935,    0.50723827043100,    0.91288239743324,    0.50723827043100,
  374,     0.61462166174366,    1.80246754279786,    0.50758807840590,    0.91491103643778,    0.50758807840590,
  375,     0.61784581372611,    1.80333585319105,    0.50744799132210,    0.91509915638092,    0.50744799132210,
  376,     0.61954827640900,    1.79776881402833,    0.50770505825120,    0.91273632044845,    0.50770505825120,
  377,     0.62124768376941,    1.79928291993783,    0.50759841208089,    0.91331315304471,    0.50759841208089,
  378,     0.62447208633288,    1.80238695270093,    0.50782270532465,    0.91529301836244,    0.50782270532465,
  379,     0.62769444577386,    1.79890047989798,    0.50753957136479,    0.91301317849534,    0.50753957136479,
  380,     0.62939807674040,    1.80730636695374,    0.50714621905427,    0.91656859067330,    0.50714621905427,
  381,     0.63109613979227,    1.79752877021739,    0.50828038404484,    0.91364861365775,    0.50828038404484,
  382,     0.63431884779042,    1.80246297069765,    0.50747396946266,    0.91470303854939,    0.50747396946266,
  383,     0.63754289162776,    1.79616747976375,    0.50825648133566,    0.91291376315426,    0.50825648133566,
  384,     0.63923883276937,    1.81271818908083,    0.50721988853482,    0.91944671781062,    0.50721988853482,
  385,     0.64094424665098,    1.79832921978197,    0.50761704925736,    0.91286257213900,    0.50761704925736,
  386,     0.64416595721699,    1.80168977927415,    0.50761132692693,    0.91455813956804,    0.50761132692693,
  387,     0.64739138393553,    1.80033972579589,    0.50817945749471,    0.91489566516114,    0.50817945749471,
  388,     0.64908466736389,    1.78954142760607,    0.50820428135338,    0.90945261516865,    0.50820428135338,
  389,     0.65079103722741,    1.80423378390179,    0.50734771842201,    0.91537389376248,    0.50734771842201,
  390,     0.65401170976272,    1.79873287610843,    0.50820114196461,    0.91411810172760,    0.50820114196461,
  391,     0.65723535498906,    1.80146467858273,    0.50742884822341,    0.91411514696839,    0.50742884822341,
  392,     0.65893559165205,    1.79031816268642,    0.50836671923506,    0.91013817075184,    0.50836671923506,
  393,     0.66063465329747,    1.80411180692805,    0.50800453200918,    0.91649697417072,    0.50800453200918,
  394,     0.66385746253522,    1.79831940441876,    0.50772146577230,    0.91304536393826,    0.50772146577230,
  395,     0.66708053664103,    1.80080569709347,    0.50795482170854,    0.91472793679883,    0.50795482170854,
  396,     0.66877961833717,    1.79672678622864,    0.50834582633655,    0.91335856284642,    0.50834582633655,
  397,     0.67047915212580,    1.80228307463921,    0.50775570652128,    0.91511951591478,    0.50775570652128,
  398,     0.67370312165385,    1.79888425504770,    0.50768294771192,    0.91326286119518,    0.50768294771192,
  399,     0.67692617742580,    1.80129880180239,    0.50781819275578,    0.91473230214444,    0.50781819275578,
  400,     0.67862671741256,    1.80060631716637,    0.50798368049063,    0.91467862410885,    0.50798368049063,
  401,     0.67974737542560,    1.80283826673833,    0.50828880499784,    0.91636250820480,    0.50828880499784,
  402,     0.68030709660249,    1.80042787568499,    0.50801719955622,    0.91464832740845,    0.50801719955622,
  403,     0.68085199655164,    1.79729926059215,    0.50795688429904,    0.91295053256335,    0.50795688429904,
  404,     0.68125041991342,    1.79868006648571,    0.50769550186113,    0.91318177904206,    0.50769550186113,
  405,     0.68159071627307,    1.79512861253775,    0.50757132650983,    0.91115581112153,    0.50757132650983,
  406,     0.68223510543634,    1.79225547061449,    0.50832382298141,    0.91104615258211,    0.50832382298141,
  407,     0.68287901253037,    1.79559095691274,    0.50806104302033,    0.91226981440697,    0.50806104302033,
  408,     0.68321920048278,    1.80309591824946,    0.50777789717922,    0.91557225378114,    0.50777789717922,
  409,     0.68355911483302,    1.80181956206183,    0.50748581022536,    0.91439786033284,    0.50748581022536,
  410,     0.68420471343138,    1.80414867464161,    0.50682655841560,    0.91439046363867,    0.50682655841560,
  411,     0.68485015636979,    1.80405138697775,    0.50765066321497,    0.91582788307315,    0.50765066321497,
  412,     0.68519002097502,    1.80470968594188,    0.50811821298225,    0.91700586057255,    0.50811821298225,
  413,     0.68552984887738,    1.80149726958298,    0.50845285834277,    0.91597643601616,    0.50845285834277,
  414,     0.68617323102836,    1.79881111943084,    0.50889643664202,    0.91540856887039,    0.50889643664202,
  415,     0.68681655459326,    1.79945929278739,    0.50865740543169,    0.91530829504918,    0.50865740543169,
  416,     0.68715608352460,    1.79926000213675,    0.50866508944438,    0.91522074992058,    0.50866508944438,
  417,     0.68749555613205,    1.79776571011675,    0.50845000943256,    0.91407399226639,    0.50845000943256,
  418,     0.68813981000711,    1.79641044686869,    0.50771923364212,    0.91207213539088,    0.50771923364212,
  419,     0.68878480743996,    1.80033743747290,    0.50734359555017,    0.91338966873107,    0.50734359555017,
  420,     0.68912514220260,    1.79941617631187,    0.50728318059636,    0.91281356113604,    0.50728318059636,
  421,     0.68946556558241,    1.80263701210545,    0.50729952078810,    0.91447689239599,    0.50729952078810,
  422,     0.69011069052382,    1.80121954623431,    0.50747208000287,    0.91406862966936,    0.50747208000287,
  423,     0.69075548907994,    1.80336793928781,    0.50789355116027,    0.91591894673346,    0.50789355116027,
  424,     0.69109531889006,    1.79987827782969,    0.50819798155058,    0.91469450782978,    0.50819798155058,
  425,     0.69143506766420,    1.80189609686836,    0.50836291463534,    0.91601715167404,    0.50836291463534,
  426,     0.69207912776732,    1.79754164845287,    0.50793951455261,    0.91304243230326,    0.50793951455261,
  427,     0.69272394825453,    1.79598763328998,    0.50742650698855,    0.91133173135496,    0.50742650698855,
  428,     0.69306419345818,    1.79709081422918,    0.50722500454221,    0.91152939641016,    0.50722500454221,
  429,     0.69340475841043,    1.79620983987308,    0.50722873606539,    0.91108924678703,    0.50722873606539,
  430,     0.69404969252810,    1.79827231489013,    0.50777769042442,    0.91312256280908,    0.50777769042442,
  431,     0.69469419320846,    1.80265334984056,    0.50789632691549,    0.91556101508593,    0.50789632691549,
  432,     0.69503420928398,    1.80396834992408,    0.50781146963185,    0.91607581894429,    0.50781146963185,
  433,     0.69537433337724,    1.80408711884433,    0.50761510337497,    0.91578186932962,    0.50761510337497,
  434,     0.69601873535590,    1.80313771266469,    0.50842571606628,    0.91676158272765,    0.50842571606628,
  435,     0.69666216660999,    1.80424116633351,    0.50870922057607,    0.91783411745678,    0.50870922057607,
  436,     0.69700186032960,    1.80262736580663,    0.50871556002504,    0.91702458991277,    0.50871556002504,
  437,     0.69734106843747,    1.80260439534915,    0.50852911760364,    0.91667682255535,    0.50852911760364,
  438,     0.69798540852310,    1.79805138684662,    0.50768754095280,    0.91284828709494,    0.50768754095280,
  439,     0.69863031474284,    1.79783724883526,    0.50740094012850,    0.91222431025705,    0.50740094012850,
  440,     0.69897074194082,    1.79139710957448,    0.50709822837935,    0.90841430058911,    0.50709822837935,
  441,     0.69931117410011,    1.79528977137717,    0.50729434584559,    0.91074035017406,    0.50729434584559,
  442,     0.69995599894693,    1.79551026922059,    0.50795785104980,    0.91204353789113,    0.50795785104980,
  443,     0.70060030815644,    1.79955545803184,    0.50782086827717,    0.91385181521066,    0.50782086827717,
  444,     0.70094061760016,    1.80371189963000,    0.50721891607076,    0.91487679463426,    0.50721891607076,
  445,     0.70128119091119,    1.80173215655302,    0.50663913404971,    0.91282801958553,    0.50663913404971,
  446,     0.70192702986393,    1.80295060361220,    0.50738533540973,    0.91479069674095,    0.50738533540973,
  447,     0.70257117233462,    1.80247926820257,    0.50877441198163,    0.91705532978884,    0.50877441198163,
  448,     0.70291054180203,    1.79972699711677,    0.50880160948884,    0.91570399277353,    0.50880160948884,
  449,     0.70325004741123,    1.80052941234332,    0.50838991360529,    0.91537099238501,    0.50838991360529,
  450,     0.70389386980124,    1.79924278301489,    0.50858510044411,    0.91506807152296,    0.50858510044411,
  451,     0.70453728714278,    1.79789114119308,    0.50870023684614,    0.91458764934849,    0.50870023684614,
  452,     0.70487690200983,    1.80057008089842,    0.50855918204043,    0.91569644754817,    0.50855918204043,
  453,     0.70521657811293,    1.79798803561611,    0.50780422187783,    0.91302591537169,    0.50780422187783,
  454,     0.70586158563164,    1.80226664749044,    0.50746164038169,    0.91458118934071,    0.50746164038169,
  455,     0.70650634084108,    1.80353548468419,    0.50780952654828,    0.91585250059050,    0.50780952654828,
  456,     0.70684645352577,    1.80294172238337,    0.50783050600141,    0.91558880716901,    0.50783050600141,
  457,     0.70718650496153,    1.80010122797682,    0.50748571679460,    0.91352566198265,    0.50748571679460,
  458,     0.70783165672641,    1.79968087228929,    0.50746174337478,    0.91326919297016,    0.50746174337478,
  459,     0.70847624770354,    1.80077924789632,    0.50817619452328,    0.91511314537244,    0.50817619452328,
  460,     0.70881593204866,    1.80075679213812,    0.50822151381967,    0.91518334292148,    0.50822151381967,
  461,     0.70915592187605,    1.79737432067817,    0.50774563969655,    0.91260897422689,    0.50774563969655,
  462,     0.70980096174876,    1.79654794909178,    0.50719001593285,    0.91119118292398,    0.50719001593285,
  463,     0.71044638830445,    1.79855323570453,    0.50729475821114,    0.91239662883660,    0.50729475821114,
  464,     0.71078658256911,    1.79439597425474,    0.50787645543403,    0.91133146704960,    0.50787645543403,
  465,     0.71112658317165,    1.79882568552142,    0.50789306327538,    0.91361108771791,    0.50789306327538,
  466,     0.71177106938371,    1.80040242770922,    0.50784491451082,    0.91432521698507,    0.50784491451082,
  467,     0.71241574661346,    1.80388517488718,    0.50760402870620,    0.91565938209612,    0.50760402870620,
  468,     0.71275597846315,    1.80356671910775,    0.50808986365283,    0.91637396840023,    0.50808986365283,
  469,     0.71309563688950,    1.80299564464583,    0.50811227391572,    0.91612421686113,    0.50811227391572,
  470,     0.71373984066063,    1.80247013108722,    0.50831685391389,    0.91622594630801,    0.50831685391389,
  471,     0.71438337970334,    1.80439388100688,    0.50885987563647,    0.91818364588836,    0.50885987563647,
  472,     0.71472274706256,    1.79896248964409,    0.50875419153425,    0.91522970701933,    0.50875419153425,
  473,     0.71506222926286,    1.80214515677316,    0.50843181075530,    0.91626792530207,    0.50843181075530,
  474,     0.71570645414860,    1.79655337937299,    0.50782642965301,    0.91233728832803,    0.50782642965301,
  475,     0.71635105824679,    1.79432666906185,    0.50792994292023,    0.91139224259683,    0.50792994292023,
  476,     0.71669085617752,    1.79286123187451,    0.50843513028098,    0.91155363400383,    0.50843513028098,
  477,     0.71703055704498,    1.79254616251488,    0.50818153158328,    0.91093885430054,    0.50818153158328,
  478,     0.71767515154743,    1.79612768577916,    0.50736326072414,    0.91128919933383,    0.50736326072414,
  479,     0.71832092547462,    1.80337342486993,    0.50640069062527,    0.91322954780940,    0.50640069062527,
  480,     0.71866205306548,    1.80302583713713,    0.50674251140553,    0.91366984083992,    0.50674251140553,
  481,     0.71900237699245,    1.80587450952820,    0.50733379017452,    0.91618115949849,    0.50733379017452,
  482,     0.71964727431692,    1.80165675395001,    0.50793573416472,    0.91512584603043,    0.50793573416472,
  483,     0.72029109328983,    1.80035117960331,    0.50886080977979,    0.91612815914094,    0.50886080977979,
  484,     0.72063032222816,    1.79846015055069,    0.50883281978020,    0.91511554966704,    0.50883281978020,
  485,     0.72096983435153,    1.79878934394453,    0.50860479929620,    0.91487289325306,    0.50860479929620,
  486,     0.72161357318186,    1.79590115576404,    0.50829396602211,    0.91284572104700,    0.50829396602211,
  487,     0.72225778106789,    1.79594031849622,    0.50797517391703,    0.91229309563272,    0.50797517391703,
  488,     0.72259770017983,    1.80136400691567,    0.50778139788376,    0.91469913352913,    0.50778139788376,
  489,     0.72293779291476,    1.80135457984012,    0.50785223650039,    0.91482195210202,    0.50785223650039,
  490,     0.72358229163470,    1.80485682384077,    0.50784343460391,    0.91658468838760,    0.50784343460391,
  491,     0.72422676034806,    1.80409763666850,    0.50811362972764,    0.91668659855069,    0.50811362972764,
  492,     0.72456639097856,    1.80539994883022,    0.50812634450764,    0.91737127637339,    0.50812634450764,
  493,     0.72490643305204,    1.80254680057012,    0.50805162000453,    0.91578682216363,    0.50805162000453,
  494,     0.72555060652178,    1.80168352524970,    0.50805926571229,    0.91536200888429,    0.50805926571229,
  495,     0.72619504066302,    1.79663988844936,    0.50790234243504,    0.91251760785566,    0.50790234243504,
  496,     0.72653491364218,    1.79769075216806,    0.50756073951119,    0.91243724758285,    0.50756073951119,
  497,     0.72687556035431,    1.79523300388842,    0.50692801884897,    0.91005391003344,    0.50692801884897,
  498,     0.72752132260036,    1.79693230073557,    0.50682881580437,    0.91073707006243,    0.50682881580437,
  499,     0.72816707787969,    1.79870711887687,    0.50707953874474,    0.91208757617697,    0.50707953874474,
  500,     0.72850743711657,    1.79850906891730,    0.50772074676583,    0.91314036753581,    0.50772074676583,
  501,     0.72884759601353,    1.80100062763172,    0.50748584036078,    0.91398231700397,    0.50748584036078,
  502,     0.72949269074736,    1.80148809403741,    0.50744054632150,    0.91414810263002,    0.50744054632150,
  503,     0.73013747545569,    1.79958256437155,    0.50793742057509,    0.91407532585879,    0.50793742057509,
  504,     0.73047729339305,    1.80182217972852,    0.50818972142436,    0.91566751157248,    0.50818972142436,
  505,     0.73081704336028,    1.80216822254924,    0.50842131187848,    0.91626073193420,    0.50842131187848,
  506,     0.73146053754514,    1.80492320089840,    0.50884239825799,    0.91842145021664,    0.50884239825799,
  507,     0.73210383539408,    1.80354662965868,    0.50870068740519,    0.91746541027469,    0.50870068740519,
  508,     0.73244338449039,    1.80064216664626,    0.50873144036131,    0.91604328301326,    0.50873144036131,
  509,     0.73278297000640,    1.80136742447833,    0.50800262755329,    0.91509938482389,    0.50800262755329,
  510,     0.73342761866343,    1.79824418210601,    0.50780566364531,    0.91315858029067,    0.50780566364531,
  511,     0.73407191535216,    1.79625415861729,    0.50816681751744,    0.91279675923701,    0.50816681751744,
  512,     0.73441180153905,    1.79015339112048,    0.50812376871837,    0.90961948768011,    0.50812376871837,
  513,     0.73475164904130,    1.79873807693793,    0.50771324198058,    0.91324314051606,    0.50771324198058,
  514,     0.73539716713449,    1.80077637032351,    0.50656373299074,    0.91220800043260,    0.50656373299074,
  515,     0.73604342753887,    1.80064795173858,    0.50674102034734,    0.91246218035035,    0.50674102034734,
  516,     0.73638388090375,    1.80092391002595,    0.50757874127639,    0.91411069138553,    0.50757874127639,
  517,     0.73672397712921,    1.80045861233852,    0.50798170821773,    0.91460004147104,    0.50798170821773,
  518,     0.73736805748371,    1.80076728162671,    0.50829706428797,    0.91532472271668,    0.50829706428797,
  519,     0.73801212481625,    1.79607643047882,    0.50810901016142,    0.91260261726484,    0.50810901016142,
  520,     0.73835199276544,    1.79945474964447,    0.50827105926803,    0.91461077170668,    0.50827105926803,
  521,     0.73869163178946,    1.79318093555386,    0.50830880293554,    0.91148965479822,    0.50830880293554,
  522,     0.73933569450436,    1.79500249310703,    0.50817253768465,    0.91217097207247,    0.50817253768465,
  523,     0.73997985922887,    1.80045005865897,    0.50809149603952,    0.91479336384847,    0.50809149603952,
  524,     0.74031974530669,    1.80300366751318,    0.50841431379017,    0.91667287237987,    0.50841431379017,
  525,     0.74065927306369,    1.80642992960320,    0.50832644191206,    0.91825609867866,    0.50832644191206,
  526,     0.74130345806400,    1.80639400297624,    0.50804362132208,    0.91772695080654,    0.50804362132208,
  527,     0.74194771523716,    1.80371402968858,    0.50808114929632,    0.91643309720606,    0.50808114929632,
  528,     0.74228759804335,    1.80555970207943,    0.50806781802057,    0.91734677814137,    0.50806781802057,
  529,     0.74262734587263,    1.80149723960633,    0.50826584156329,    0.91563951056245,    0.50826584156329,
  530,     0.74327147559454,    1.79831271479281,    0.50802054510075,    0.91357980563065,    0.50802054510075,
  531,     0.74391596640201,    1.79671377015295,    0.50781282455897,    0.91239429454536,    0.50781282455897,
  532,     0.74425596601582,    1.79996649581172,    0.50760060786926,    0.91366408741833,    0.50760060786926,
  533,     0.74459638919400,    1.79704918288824,    0.50720702820621,    0.91147597559314,    0.50720702820621,
  534,     0.74524181128339,    1.79617052966752,    0.50711568915034,    0.91086625598387,    0.50711568915034,
  535,     0.74588718742432,    1.79661434591051,    0.50734791350716,    0.91150853977473,    0.50734791350716,
  536,     0.74622741364454,    1.79867494228814,    0.50738871384155,    0.91262736558660,    0.50738871384155,
  537,     0.74656793940425,    1.80029156861650,    0.50710596278243,    0.91293858919236,    0.50710596278243,
  538,     0.74721335614896,    1.80118417543869,    0.50725176317374,    0.91365384879191,    0.50725176317374,
  539,     0.74785824966725,    1.80112805568148,    0.50805544149340,    0.91507290951540,    0.50805544149340,
  540,     0.74819782959009,    1.80393374959609,    0.50863854893319,    0.91755024476617,    0.50863854893319,
  541,     0.74853742174267,    1.80335639725641,    0.50861217106969,    0.91720901242100,    0.50861217106969,
  542,     0.74918092467146,    1.80251967451173,    0.50864200215895,    0.91683721617454,    0.50864200215895,
  543,     0.74982445312522,    1.80097420189025,    0.50874369517003,    0.91623427037555,    0.50874369517003,
  544,     0.75016374115443,    1.79671643569380,    0.50860431314456,    0.91381772869159,    0.50860431314456,
  545,     0.75050352389915,    1.79920137614923,    0.50830916214246,    0.91455054403598,    0.50830916214246,
  546,     0.75114738912909,    1.79589244922741,    0.50835095669168,    0.91294364468012,    0.50835095669168,
  547,     0.75179152821078,    1.79918010346456,    0.50790574184142,    0.91381390515649,    0.50790574184142,
  548,     0.75213161966578,    1.79867286785132,    0.50779626909001,    0.91335937160833,    0.50779626909001,
  549,     0.75247188985212,    1.80279418547094,    0.50700974771093,    0.91403422515035,    0.50700974771093,
  550,     0.75311776724381,    1.80171877664280,    0.50687700580309,    0.91324981880390,    0.50687700580309,
  551,     0.75376306875040,    1.80093406369490,    0.50760356400558,    0.91416054927058,    0.50760356400558,
  552,     0.75410318641138,    1.80077933331306,    0.50820239148075,    0.91516036371880,    0.50820239148075,
  553,     0.75444274034673,    1.80047148645684,    0.50835492005547,    0.91527853855992,    0.50835492005547,
  554,     0.75508700998190,    1.79694677689401,    0.50780423535600,    0.91249718401609,    0.50780423535600,
  555,     0.75573175771724,    1.79554117064080,    0.50765064826362,    0.91150763925982,    0.50765064826362,
  556,     0.75607185135921,    1.79341341446562,    0.50800109389866,    0.91105597636106,    0.50800109389866,
  557,     0.75641184119232,    1.79647086054750,    0.50767728016414,    0.91202744037688,    0.50767728016414,
  558,     0.75705660875792,    1.79888089704374,    0.50780002940276,    0.91347177241087,    0.50780002940276,
  559,     0.75770099330339,    1.80316819137328,    0.50802656647666,    0.91605734504329,    0.50802656647666,
  560,     0.75804097435132,    1.80379331903490,    0.50795376694618,    0.91624361119612,    0.50795376694618,
  561,     0.75838083001484,    1.80513455135062,    0.50795950995115,    0.91693526209996,    0.50795950995115,
  562,     0.75902528111394,    1.80294445870442,    0.50796149127412,    0.91582635592791,    0.50796149127412,
  563,     0.75966948441396,    1.80265986533035,    0.50827492438689,    0.91624680674606,    0.50827492438689,
  564,     0.76000915843580,    1.80514492786961,    0.50912377258841,    0.91904219574581,    0.50912377258841,
  565,     0.76034825096870,    1.80167300786827,    0.50871844244766,    0.91654428636275,    0.50871844244766,
  566,     0.76099230618433,    1.79914952309486,    0.50795365469266,    0.91388457559460,    0.50795365469266,
  567,     0.76163679803222,    1.79858024411250,    0.50780032224289,    0.91331962754003,    0.50780032224289,
  568,     0.76197692321869,    1.80111690981186,    0.50742175652539,    0.91392590608433,    0.50742175652539,
  569,     0.76231722470114,    1.79686210985315,    0.50743727889211,    0.91179481956822,    0.50743727889211,
  570,     0.76296240794055,    1.79751804462135,    0.50720416140581,    0.91170863243399,    0.50720416140581,
  571,     0.76360783726102,    1.79928306559516,    0.50720185364644,    0.91259970610452,    0.50720185364644,
  572,     0.76394816721434,    1.80252467229738,    0.50735040506603,    0.91451162263158,    0.50735040506603,
  573,     0.76428867697890,    1.79943817697434,    0.50711927022725,    0.91252977512628,    0.50711927022725,
  574,     0.76493399221248,    1.79889237801402,    0.50741103194501,    0.91277783788611,    0.50741103194501,
  575,     0.76557869582791,    1.80039414726394,    0.50809365472413,    0.91476884222727,    0.50809365472413,
  576,     0.76591836743814,    1.80454529494723,    0.50820083377022,    0.91707142346831,    0.50820083377022,
  577,     0.76625818071933,    1.80058760889865,    0.50840809809009,    0.91543332168475,    0.50840809809009,
  578,     0.76690189886442,    1.80048592614588,    0.50842262907422,    0.91540778818222,    0.50842262907422,
  579,     0.76754580756771,    1.80013111658907,    0.50841388086941,    0.91521164705883,    0.50841388086941,
  580,     0.76788527064741,    1.79528948426550,    0.50859605165951,    0.91307714328327,    0.50859605165951,
  581,     0.76822488529784,    1.79873944128466,    0.50862358101281,    0.91488129593518,    0.50862358101281,
  582,     0.76886846114345,    1.80054580169775,    0.50841806954538,    0.91543002062722,    0.50841806954538,
  583,     0.76951271907293,    1.80415798989604,    0.50772814834259,    0.91602179552741,    0.50772814834259,
  584,     0.76985288616394,    1.80320679203243,    0.50719133717370,    0.91457086405162,    0.50719133717370,
  585,     0.77019349723996,    1.80228708761927,    0.50706652872959,    0.91387945729327,    0.50706652872959,
  586,     0.77083874611415,    1.79953330450938,    0.50748117495267,    0.91322927573889,    0.50748117495267,
  587,     0.77148367161809,    1.79835981758669,    0.50749826116309,    0.91266448037081,    0.50749826116309,
  588,     0.77182400349933,    1.79621081978171,    0.50753777377294,    0.91164484069888,    0.50753777377294,
  589,     0.77216410579155,    1.79626522368728,    0.50762975723249,    0.91183767942553,    0.50762975723249,
  590,     0.77280867504058,    1.79687103873093,    0.50812088075618,    0.91302769480523,    0.50812088075618,
  591,     0.77345261996319,    1.79831723881594,    0.50830009204072,    0.91408481800856,    0.50830009204072,
  592,     0.77379250991825,    1.79367078141720,    0.50787958481912,    0.91096877176836,    0.50787958481912,
  593,     0.77413234983981,    1.79806319028871,    0.50810048327760,    0.91359677594936,    0.50810048327760,
  594,     0.77477649852558,    1.80101728314326,    0.50818149851983,    0.91524366180786,    0.50818149851983,
  595,     0.77542085135316,    1.80498499557695,    0.50761483215667,    0.91623715557510,    0.50761483215667,
  596,     0.77576128769939,    1.80330713898326,    0.50729314606162,    0.91480535185020,    0.50729314606162,
  597,     0.77610147588127,    1.80273386606935,    0.50744628703562,    0.91479060685026,    0.50744628703562,
  598,     0.77674618086302,    1.80198978298545,    0.50813895411418,    0.91566120365066,    0.50813895411418,
  599,     0.77739005621575,    1.80026883859561,    0.50825560566333,    0.91499672891723,    0.50825560566333,
  600,     0.77773012311149,    1.80121290938483,    0.50781024652238,    0.91467437155401,    0.50781024652238,
  601,     0.77806977348866,    1.79890061962152,    0.50831383454974,    0.91440607193372,    0.50831383454974,
  602,     0.77871347989675,    1.80049373248837,    0.50877512893309,    0.91604643088998,    0.50877512893309,
  603,     0.77935672146413,    1.79899751359951,    0.50870798687351,    0.91516440353365,    0.50870798687351,
  604,     0.77969642309318,    1.79966036876093,    0.50778148747910,    0.91383421900661,    0.50778148747910,
  605,     0.78003650463050,    1.79616947577076,    0.50765730694929,    0.91183855889430,    0.50765730694929,
  606,     0.78068161764207,    1.79889911011607,    0.50708879191306,    0.91220157652224,    0.50708879191306,
  607,     0.78132753431598,    1.79859815592032,    0.50646166205398,    0.91092101141463,    0.50646166205398,
  608,     0.78166855493662,    1.80038494351697,    0.50609861627595,    0.91117232867798,    0.50609861627595,
  609,     0.78200950695107,    1.79867480528805,    0.50688339129688,    0.91171838514466,    0.50688339129688,
  610,     0.78265457907311,    1.79918888680409,    0.50778099744420,    0.91359392753190,    0.50778099744420,
  611,     0.78329923117574,    1.79706629077704,    0.50754390226344,    0.91209003784707,    0.50754390226344,
  612,     0.78363962262018,    1.79568902156474,    0.50649780373630,    0.90951254561592,    0.50649780373630,
  613,     0.78398116515478,    1.79492320682139,    0.50515496775900,    0.90671437467175,    0.50515496775900,
  614,     0.78462978178697,    1.79272818814047,    0.50433817989565,    0.90414127145439,    0.50433817989565,
  615,     0.78527873171518,    1.78991705962930,    0.50463651850251,    0.90325751337958,    0.50463651850251,
  616,     0.78562071727458,    1.78860424994201,    0.50425373787758,    0.90191037861699,    0.50425373787758,
  617,     0.78596479054097,    1.78625441687935,    0.50058164316146,    0.89416617110588,    0.50058164316146,
  618,     0.78662081799296,    1.77930687452543,    0.49785809056591,    0.88584232308203,    0.49785809056591,
  619,     0.78727824061474,    1.77132951542842,    0.49851960258034,    0.88304248607020,    0.49851960258034,
  620,     0.78762404215223,    1.76774094572085,    0.49800470470644,    0.88034330767120,    0.49800470470644,
  621,     0.78797504774292,    1.76146020685601,    0.48863909083477,    0.86071831401975,    0.48863909083477,
  622,     0.78865081447513,    1.74338514761534,    0.48150778056150,    0.83945351309214,    0.48150778056150,
  623,     0.78933047601881,    1.72289401955107,    0.48322152814024,    0.83253948095115,    0.48322152814024,
  624,     0.78968625031739,    1.71373378354871,    0.48337903125896,    0.82838297612753,    0.48337903125896,
  625,     0.79005365690830,    1.69983971123650,    0.46233526046794,    0.78589583564827,    0.46233526046794,
  626,     0.79077753881272,    1.65819270327987,    0.44522335279506,    0.73826611493456,    0.44522335279506,
  627,     0.79151252567622,    1.60951603543888,    0.44908824126301,    0.72281472563986,    0.44908824126301,
  628,     0.79189279141704,    1.58810680032758,    0.45508384834000,    0.72272175426801,    0.45508384834000,
  629,     0.79229187314417,    1.56438508556586,    0.41825634608063,    0.65431398975181,    0.41825634608063,
  630,     0.79311463363280,    1.48777326344386,    0.38328335453704,    0.57023872720329,    0.38328335453704,
  631,     0.79396987565213,    1.39066535191066,    0.38940128132931,    0.54152686993429,    0.38940128132931,
  632,     0.79440264630876,    1.34838007439001,    0.41186000624302,    0.55534382585623,    0.41186000624302,
  633,     0.79484733659388,    1.31876770667159,    0.36773577714612,    0.48495806748808,    0.36773577714612,
  634,     0.79582269403840,    1.21832589705778,    0.31137143180601,    0.37935187897322,    0.31137143180601,
  635,     0.79688863833003,    1.06740426017936,    0.31442578902342,    0.33561942671385,    0.31442578902342,
  636,     0.79741527348312,    0.99746189938235,    0.35757515507226,    0.35666759335031,    0.35757515507226,
  637,     0.79791807972377,    0.95400240127107,    0.32096816009845,    0.30620439546548,    0.32096816009845,
  638,     0.79906999062769,    0.84342842960881,    0.25588452690641,    0.21582028468987,    0.25588452690641,
  639,     0.80040306250449,    0.69301698179429,    0.24803318539358,    0.17189120952628,    0.24803318539358,
  640,     0.80106817439763,    0.60295958585244,    0.29366248064583,    0.17706660771061,    0.29366248064583,
  641,     0.80167114813305,    0.52771767293896,    0.26859268509632,    0.14174110674746,    0.26859268509632,
  642,     0.80302513585446,    0.40260374393451,    0.22178301461658,    0.08929067202572,    0.22178301461658,
  643,     0.80455487293234,    0.32320366300882,    0.21260189753138,    0.06871371204477,    0.21260189753138,
  644,     0.80535098517457,    0.26785903270096,    0.23544847339024,    0.06306700033323,    0.23544847339024,
  645,     0.80608788985988,    0.19363344130668,    0.22511692219800,    0.04359016434157,    0.22511692219800,
  646,     0.80762213082656,    0.11573118757975,    0.20530600692708,    0.02376030799893,    0.20530600692708,
  647,     0.80923331617204,    0.09171406275389,    0.20269908499074,    0.01859035660100,    0.20269908499074,
  648,     0.81008241305175,    0.07787862198971,    0.20836511443692,    0.01622718798308,    0.20836511443692,
  649,     0.81090962027090,    0.04622745157111,    0.20600128436374,    0.00952291439651,    0.20600128436374,
  650,     0.81252280590641,    0.02373623256849,    0.20095850010224,    0.00476999769504,    0.20095850010224,
  651,     0.81415467647865,    0.01871948353316,    0.20056957051570,    0.00375455877252,    0.20056957051570,
  652,     0.81501532886009,    0.01596246255500,    0.20154536825000,    0.00321716039382,    0.20154536825000,
  653,     0.81587125224080,    0.00874247234626,    0.20117259904274,    0.00175874588396,    0.20117259904274,
  654,     0.81750340358300,    0.00436371714193,    0.20016096858446,    0.00087344584976,    0.20016096858446,
  655,     0.81913937709678,    0.00362206576353,    0.20007074294528,    0.00072466938831,    0.20007074294528,
  656,     0.82000243151219,    0.00265661584819,    0.20023930736694,    0.00053195891738,    0.20023930736694,
  657,     0.82086443543464,    0.00152583362573,    0.20022678011241,    0.00030551275387,    0.20022678011241,
  658,     0.82250010994061,    0.00044837472030,    0.20003998028407,    0.00008969287021,    0.20003998028407,
  659,     0.82413667593550,    0.00026742753714,    0.19999027096913,    0.00005348290562,    0.19999027096913,
  660,     0.82500010211177,    0.00048016051455,    0.20001032394925,    0.00009603706006,    0.20001032394925,
  661,     0.82586336904902,    0.00003182136568,    0.20001022909833,    0.00000636459864,    0.20001022909833,
  662,     0.82749999943975,    -0.00000322858598,    0.19999726140487,    -0.00000064570835,    0.19999726140487,
  663,     0.82913663431830,    0.00000115228380,    0.20000185440944,    0.00000023045890,    0.20000185440944,
  664,     0.82999999986378,    -0.00000071383327,    0.19999824565941,    -0.00000014276540,    0.19999824565941,
  665,     0.83086336578667,    -0.00000004031764,    0.19999998929598,    -0.00000000806353,    0.19999998929598,
  666,     0.83249999997098,    0.00000000350653,    0.20000000252136,    0.00000000070131,    0.20000000252136,
  667,     0.83413663414647,    -0.00000000112461,    0.19999999832418,    -0.00000000022492,    0.19999999832418,
  668,     0.83499999997013,    0.00000000045290,    0.20000000157371,    0.00000000009058,    0.20000000157371,
  669,     0.83586336579318,    0.00000000009561,    0.20000000002308,    0.00000000001912,    0.20000000002308,
  670,     0.83749999996988,    -0.00000000001339,    0.20000000000328,    -0.00000000000268,    0.20000000000328,
  671,     0.83913663414660,    0.00000000000390,    0.20000000000947,    0.00000000000078,    0.20000000000947,
  672,     0.83999999996980,    -0.00000000001702,    0.20000000000471,    -0.00000000000340,    0.20000000000471,
  673,     0.84086336579299,    0.00000000000416,    0.20000000000695,    0.00000000000083,    0.20000000000695,
  674,     0.84249999996971,    0.00000000000514,    0.20000000000656,    0.00000000000103,    0.20000000000656,
  675,     0.84413663414642,    0.00000000000374,    0.20000000000717,    0.00000000000075,    0.20000000000717,
  676,     0.84499999996962,    0.00000000000415,    0.20000000000741,    0.00000000000083,    0.20000000000741,
  677,     0.84586336579282,    0.00000000000363,    0.20000000000693,    0.00000000000073,    0.20000000000693,
  678,     0.84749999996953,    0.00000000000428,    0.20000000000771,    0.00000000000086,    0.20000000000771,
  679,     0.84913663414624,    0.00000000000019,    0.20000000000717,    0.00000000000004,    0.20000000000717,
  680,     0.84999999996944,    -0.00000000001199,    0.20000000000603,    -0.00000000000240,    0.20000000000603,
  681,     0.85086336579264,    0.00000000000796,    0.20000000000679,    0.00000000000159,    0.20000000000679,
  682,     0.85249999996936,    -0.00000000000576,    0.20000000000737,    -0.00000000000115,    0.20000000000737,
  683,     0.85413663414606,    -0.00000000000535,    0.20000000000759,    -0.00000000000107,    0.20000000000759,
  684,     0.85499999996926,    -0.00000000001993,    0.20000000000685,    -0.00000000000399,    0.20000000000685,
  685,     0.85586336579246,    0.00000000001036,    0.20000000000821,    0.00000000000207,    0.20000000000821,
  686,     0.85749999996916,    -0.00000000000641,    0.20000000000787,    -0.00000000000128,    0.20000000000787,
  687,     0.85913663414587,    -0.00000000000774,    0.20000000000675,    -0.00000000000155,    0.20000000000675,
  688,     0.85999999996907,    0.00000000001402,    0.20000000000828,    0.00000000000280,    0.20000000000828,
  689,     0.86086336579227,    0.00000000000437,    0.20000000000723,    0.00000000000087,    0.20000000000723,
  690,     0.86249999996899,    -0.00000000000095,    0.20000000000615,    -0.00000000000019,    0.20000000000615,
  691,     0.86413663414570,    -0.00000000000475,    0.20000000000711,    -0.00000000000095,    0.20000000000711,
  692,     0.86499999996890,    -0.00000000000472,    0.20000000000710,    -0.00000000000094,    0.20000000000710,
  693,     0.86586336579210,    0.00000000000482,    0.20000000000604,    0.00000000000096,    0.20000000000604,
  694,     0.86749999996882,    0.00000000000978,    0.20000000000769,    0.00000000000196,    0.20000000000769,
  695,     0.86913663414552,    -0.00000000000007,    0.20000000000726,    -0.00000000000001,    0.20000000000726,
  696,     0.86999999996873,    -0.00000000001043,    0.20000000000795,    -0.00000000000209,    0.20000000000795,
  697,     0.87086336579191,    -0.00000000000332,    0.20000000000855,    -0.00000000000066,    0.20000000000855,
  698,     0.87249999996862,    0.00000000000144,    0.20000000000679,    0.00000000000029,    0.20000000000679,
  699,     0.87413663414534,    0.00000000000906,    0.20000000000654,    0.00000000000181,    0.20000000000654,
  700,     0.87499999996854,    -0.00000000001530,    0.20000000000799,    -0.00000000000306,    0.20000000000799,
  701,     0.87586336579174,    -0.00000000000496,    0.20000000000734,    -0.00000000000099,    0.20000000000734,
  702,     0.87749999996845,    0.00000000000372,    0.20000000000660,    0.00000000000074,    0.20000000000660,
  703,     0.87913663414516,    0.00000000000528,    0.20000000000662,    0.00000000000106,    0.20000000000662,
  704,     0.87999999996837,    -0.00000000001620,    0.20000000000666,    -0.00000000000324,    0.20000000000666,
  705,     0.88086336579156,    -0.00000000000512,    0.20000000000829,    -0.00000000000102,    0.20000000000829,
  706,     0.88249999996827,    0.00000000000637,    0.20000000000768,    0.00000000000127,    0.20000000000768,
  707,     0.88413663414498,    0.00000000000798,    0.20000000000772,    0.00000000000160,    0.20000000000772,
  708,     0.88499999996817,    0.00000000000499,    0.20000000000741,    0.00000000000100,    0.20000000000741,
  709,     0.88586336579137,    0.00000000000197,    0.20000000000694,    0.00000000000039,    0.20000000000694,
  710,     0.88749999996808,    0.00000000000102,    0.20000000000711,    0.00000000000020,    0.20000000000711,
  711,     0.88913663414480,    -0.00000000000403,    0.20000000000699,    -0.00000000000081,    0.20000000000699,
  712,     0.88999999996800,    -0.00000000000714,    0.20000000000628,    -0.00000000000143,    0.20000000000628,
  713,     0.89086336579120,    0.00000000001479,    0.20000000000670,    0.00000000000296,    0.20000000000670,
  714,     0.89249999996791,    -0.00000000001185,    0.20000000000714,    -0.00000000000237,    0.20000000000714,
  715,     0.89413663414462,    0.00000000000743,    0.20000000000712,    0.00000000000149,    0.20000000000712,
  716,     0.89499999996782,    0.00000000000379,    0.20000000000657,    0.00000000000076,    0.20000000000657,
  717,     0.89586336579102,    -0.00000000000506,    0.20000000000779,    -0.00000000000101,    0.20000000000779,
  718,     0.89749999996773,    0.00000000000257,    0.20000000000760,    0.00000000000051,    0.20000000000760,
  719,     0.89913663414444,    0.00000000001618,    0.20000000000595,    0.00000000000324,    0.20000000000595,
  720,     0.89999999996765,    -0.00000000000955,    0.20000000000422,    -0.00000000000191,    0.20000000000422,
  721,     0.90086336579086,    0.00000000000888,    0.20000000000493,    0.00000000000178,    0.20000000000493,
  722,     0.90249999996758,    0.00000000000764,    0.20000000000628,    0.00000000000153,    0.20000000000628,
  723,     0.90413663414430,    0.00000000000849,    0.20000000000590,    0.00000000000170,    0.20000000000590,
  724,     0.90499999996751,    0.00000000000597,    0.20000000000436,    0.00000000000119,    0.20000000000436,
  725,     0.90586336579072,    0.00000000001262,    0.20000000000532,    0.00000000000252,    0.20000000000532,
  726,     0.90749999996744,    0.00000000001069,    0.20000000000553,    0.00000000000214,    0.20000000000553,
  727,     0.90913663414417,    0.00000000000536,    0.20000000000583,    0.00000000000107,    0.20000000000583,
  728,     0.90999999996737,    0.00000000003487,    0.20000000000860,    0.00000000000697,    0.20000000000860,
  729,     0.91086336579057,    0.00000000001142,    0.20000000000666,    0.00000000000228,    0.20000000000666,
  730,     0.91249999996729,    0.00000000000656,    0.20000000000594,    0.00000000000131,    0.20000000000594,
  731,     0.91413663414401,    0.00000000000739,    0.20000000000540,    0.00000000000148,    0.20000000000540,
  732,     0.91499999996722,    -0.00000000000899,    0.20000000000514,    -0.00000000000180,    0.20000000000514,
  733,     0.91586336579042,    0.00000000001710,    0.20000000000581,    0.00000000000342,    0.20000000000581,
  734,     0.91749999996715,    0.00000000000529,    0.20000000000540,    0.00000000000106,    0.20000000000540,
  735,     0.91913663414387,    0.00000000001682,    0.20000000000589,    0.00000000000336,    0.20000000000589,
  736,     0.91999999996708,    0.00000000002210,    0.20000000000518,    0.00000000000442,    0.20000000000518,
  737,     0.92086336579028,    0.00000000000609,    0.20000000000537,    0.00000000000122,    0.20000000000537,
  738,     0.92249999996701,    0.00000000000921,    0.20000000000527,    0.00000000000184,    0.20000000000527,
  739,     0.92413663414374,    0.00000000001132,    0.20000000000518,    0.00000000000226,    0.20000000000518,
  740,     0.92499999996694,    0.00000000000190,    0.20000000000671,    0.00000000000038,    0.20000000000671,
  741,     0.92586336579015,    0.00000000001792,    0.20000000000509,    0.00000000000358,    0.20000000000509,
  742,     0.92749999996688,    0.00000000000849,    0.20000000000570,    0.00000000000170,    0.20000000000570,
  743,     0.92913663414359,    0.00000000002359,    0.20000000000699,    0.00000000000472,    0.20000000000699,
  744,     0.92999999996679,    0.00000000001898,    0.20000000000402,    0.00000000000380,    0.20000000000402,
  745,     0.93086336579001,    0.00000000001567,    0.20000000000491,    0.00000000000313,    0.20000000000491,
  746,     0.93249999996673,    0.00000000001439,    0.20000000000625,    0.00000000000288,    0.20000000000625,
  747,     0.93413663414345,    0.00000000000420,    0.20000000000464,    0.00000000000084,    0.20000000000464,
  748,     0.93499999996667,    0.00000000000415,    0.20000000000440,    0.00000000000083,    0.20000000000440,
  749,     0.93586336578987,    0.00000000001239,    0.20000000000536,    0.00000000000248,    0.20000000000536,
  750,     0.93749999996660,    0.00000000001308,    0.20000000000592,    0.00000000000262,    0.20000000000592,
  751,     0.93913663414332,    0.00000000001765,    0.20000000000558,    0.00000000000353,    0.20000000000558,
  752,     0.93999999996653,    0.00000000002594,    0.20000000000327,    0.00000000000519,    0.20000000000327,
  753,     0.94086336578974,    0.00000000001422,    0.20000000000429,    0.00000000000284,    0.20000000000429,
  754,     0.94249999996647,    0.00000000001357,    0.20000000000505,    0.00000000000271,    0.20000000000505,
  755,     0.94413663414320,    0.00000000000694,    0.20000000000575,    0.00000000000139,    0.20000000000575,
  756,     0.94499999996640,    0.00000000003060,    0.20000000000652,    0.00000000000612,    0.20000000000652,
  757,     0.94586336578961,    0.00000000001261,    0.20000000000611,    0.00000000000252,    0.20000000000611,
  758,     0.94749999996633,    0.00000000002204,    0.20000000000550,    0.00000000000441,    0.20000000000550,
  759,     0.94913663414306,    0.00000000001635,    0.20000000000411,    0.00000000000327,    0.20000000000411,
  760,     0.94999999996627,    0.00000000000663,    0.20000000000437,    0.00000000000133,    0.20000000000437,
  761,     0.95086336578948,    0.00000000000578,    0.20000000000450,    0.00000000000116,    0.20000000000450,
  762,     0.95249999996621,    0.00000000001670,    0.20000000000522,    0.00000000000334,    0.20000000000522,
  763,     0.95413663414294,    0.00000000001277,    0.20000000000500,    0.00000000000255,    0.20000000000500,
  764,     0.95499999996615,    0.00000000000312,    0.20000000000538,    0.00000000000062,    0.20000000000538,
  765,     0.95586336578936,    0.00000000002666,    0.20000000000437,    0.00000000000533,    0.20000000000437,
  766,     0.95749999996609,    0.00000000002337,    0.20000000000427,    0.00000000000467,    0.20000000000427,
  767,     0.95913663414282,    0.00000000000674,    0.20000000000530,    0.00000000000135,    0.20000000000530,
  768,     0.95999999996603,    0.00000000001532,    0.20000000000455,    0.00000000000306,    0.20000000000455,
  769,     0.96086336578924,    0.00000000001014,    0.20000000000489,    0.00000000000203,    0.20000000000489,
  770,     0.96249999996597,    0.00000000002170,    0.20000000000472,    0.00000000000434,    0.20000000000472,
  771,     0.96413663414270,    0.00000000002160,    0.20000000000498,    0.00000000000432,    0.20000000000498,
  772,     0.96499999996591,    0.00000000002401,    0.20000000000488,    0.00000000000480,    0.20000000000488,
  773,     0.96586336578912,    0.00000000002455,    0.20000000000511,    0.00000000000491,    0.20000000000511,
  774,     0.96749999996585,    0.00000000002015,    0.20000000000402,    0.00000000000403,    0.20000000000402,
  775,     0.96913663414259,    0.00000000001220,    0.20000000000525,    0.00000000000244,    0.20000000000525,
  776,     0.96999999996579,    0.00000000002817,    0.20000000000657,    0.00000000000563,    0.20000000000657,
  777,     0.97086336578900,    0.00000000001439,    0.20000000000339,    0.00000000000288,    0.20000000000339,
  778,     0.97249999996574,    0.00000000002530,    0.20000000000457,    0.00000000000506,    0.20000000000457,
  779,     0.97413663414247,    0.00000000000689,    0.20000000000500,    0.00000000000138,    0.20000000000500,
  780,     0.97499999996568,    0.00000000002996,    0.20000000000460,    0.00000000000599,    0.20000000000460,
  781,     0.97586336578889,    0.00000000002115,    0.20000000000474,    0.00000000000423,    0.20000000000474,
  782,     0.97749999996562,    0.00000000002295,    0.20000000000368,    0.00000000000459,    0.20000000000368,
  783,     0.97913663414236,    0.00000000001990,    0.20000000000395,    0.00000000000398,    0.20000000000395,
  784,     0.97999999996558,    0.00000000002316,    0.20000000000393,    0.00000000000463,    0.20000000000393,
  785,     0.98086336578879,    0.00000000002523,    0.20000000000392,    0.00000000000505,    0.20000000000392,
  786,     0.98249999996553,    0.00000000002387,    0.20000000000445,    0.00000000000477,    0.20000000000445,
  787,     0.98413663414226,    0.00000000002137,    0.20000000000329,    0.00000000000427,    0.20000000000329,
  788,     0.98499999996548,    0.00000000000312,    0.20000000000153,    0.00000000000062,    0.20000000000153,
  789,     0.98586336578870,    0.00000000002457,    0.20000000000402,    0.00000000000491,    0.20000000000402,
  790,     0.98749999996543,    0.00000000001983,    0.20000000000427,    0.00000000000397,    0.20000000000427,
  791,     0.98913663414218,    0.00000000002113,    0.20000000000187,    0.00000000000423,    0.20000000000187,
  792,     0.98999999996540,    0.00000000002926,    0.20000000000270,    0.00000000000585,    0.20000000000270,
  793,     0.99086336578861,    0.00000000001977,    0.20000000000631,    0.00000000000395,    0.20000000000631,
  794,     0.99249999996533,    0.00000000002734,    0.20000000000335,    0.00000000000547,    0.20000000000335,
  795,     0.99413663414208,    0.00000000001390,    0.20000000000324,    0.00000000000278,    0.20000000000324,
  796,     0.99499999996529,    0.00000000003292,    0.20000000000715,    0.00000000000658,    0.20000000000715,
  797,     0.99586336578850,    0.00000000002933,    0.20000000000312,    0.00000000000587,    0.20000000000312,
  798,     0.99749999996525,    0.00000000001749,    0.20000000000349,    0.00000000000350,    0.20000000000349,
  799,     0.99913663414198,    0.00000000003330,    0.20000000000414,    0.00000000000666,    0.20000000000414,
  800,     0.99999999996520,    0.00000000003043,    0.20000000000163,    0.00000000000609,    0.20000000000163,
