 indi,                  x_v,                   v,                   H,                   q,                 eta
    0,     0.00000000000000,    0.00000000000000,    1.00000000000000,    0.00000000000000,    1.00000000000000,
    1,     0.00138196601125,    0.00000000000000,    1.00000000000000,    0.00000000000000,    1.00000000000000,
    2,     0.00361803398875,    0.00000000000000,    1.00000000000000,    0.00000000000000,    1.00000000000000,
    3,     0.00500000000000,    0.00000000000000,    1.00000000000000,    0.00000000000000,    1.00000000000000,
    4,     0.00638196601125,    0.00000000000000,    1.00000000000000,    0.00000000000000,    1.00000000000000,
    5,     0.00861803398875,    0.00000000000000,    1.00000000000000,    0.00000000000000,    1.00000000000000,
    6,     0.01000000000000,    0.00000000000000,    1.00000000000000,    0.00000000000000,    1.00000000000000,
    7,     0.01138196601125,    0.00000000000000,    1.00000000000000,    0.00000000000000,    1.00000000000000,
    8,     0.01361803398875,    0.00000000000000,    1.00000000000000,    0.00000000000000,    1.00000000000000,
    9,     0.01500000000000,    0.00000000000000,    1.00000000000000,    0.00000000000000,    1.00000000000000,
   10,     0.01638196601125,    0.00000000000000,    1.00000000000000,    0.00000000000000,    1.00000000000000,
   11,     0.01861803398875,    0.00000000000000,    1.00000000000000,    0.00000000000000,    1.00000000000000,
   12,     0.02000000000000,    0.00000000000000,    1.00000000000000,    0.00000000000000,    1.00000000000000,
   13,     0.02138196601125,    0.00000000000000,    1.00000000000000,    0.00000000000000,    1.00000000000000,
   14,     0.02361803398875,    0.00000000000000,    1.00000000000000,    0.00000000000000,    1.00000000000000,
   15,     0.02500000000000,    0.00000000000000,    1.00000000000000,    0.00000000000000,    1.00000000000000,
   16,     0.02638196601125,    0.00000000000000,    1.00000000000000,    0.00000000000000,    1.00000000000000,
   17,     0.02861803398875,    0.00000000000000,    1.00000000000000,    0.00000000000000,    1.00000000000000,
   18,     0.03000000000000,    0.00000000000000,    1.00000000000000,    0.00000000000000,    1.00000000000000,
   19,     0.03138196601125,    0.00000000000000,    1.00000000000000,    0.00000000000000,    1.00000000000000,
   20,     0.03361803398875,    0.00000000000000,    1.00000000000000,    0.00000000000000,    1.00000000000000,
   21,     0.03500000000000,    0.00000000000000,    1.00000000000000,    0.00000000000000,    1.00000000000000,
   22,     0.03638196601125,    0.00000000000000,    1.00000000000000,    0.00000000000000,    1.00000000000000,
   23,     0.03861803398875,    0.00000000000000,    1.00000000000000,    0.00000000000000,    1.00000000000000,
   24,     0.04000000000000,    0.00000000000000,    1.00000000000000,    0.00000000000000,    1.00000000000000,
   25,     0.04138196601125,    0.00000000000000,    1.00000000000000,    0.00000000000000,    1.00000000000000,
   26,     0.04361803398875,    0.00000000000000,    1.00000000000000,    0.00000000000000,    1.00000000000000,
   27,     0.04500000000000,    0.00000000000000,    1.00000000000000,    0.00000000000000,    1.00000000000000,
   28,     0.04638196601125,    0.00000000000000,    1.00000000000000,    0.00000000000000,    1.00000000000000,
   29,     0.04861803398875,    0.00000000000000,    1.00000000000000,    0.00000000000000,    1.00000000000000,
   30,     0.05000000000000,    0.00000000000000,    1.00000000000000,    0.00000000000000,    1.00000000000000,
   31,     0.05138196601125,    0.00000000000000,    1.00000000000000,    0.00000000000000,    1.00000000000000,
   32,     0.05361803398875,    0.00000000000000,    1.00000000000000,    0.00000000000000,    1.00000000000000,
   33,     0.05500000000000,    0.00000000000000,    1.00000000000000,    0.00000000000000,    1.00000000000000,
   34,     0.05638196601125,    0.00000000000000,    1.00000000000000,    0.00000000000000,    1.00000000000000,
   35,     0.05861803398875,    0.00000000000000,    1.00000000000000,    0.00000000000000,    1.00000000000000,
   36,     0.06000000000000,    0.00000000000000,    1.00000000000000,    0.00000000000000,    1.00000000000000,
   37,     0.06138196601125,    0.00000000000000,    1.00000000000000,    0.00000000000000,    1.00000000000000,
   38,     0.06361803398875,    0.00000000000000,    1.00000000000000,    0.00000000000000,    1.00000000000000,
   39,     0.06500000000000,    0.00000000000000,    1.00000000000000,    0.00000000000000,    1.00000000000000,
   40,     0.06638196601125,    0.00000000000000,    1.00000000000000,    0.00000000000000,    1.00000000000000,
   41,     0.06861803398875,    0.00000000000000,    1.00000000000000,    0.00000000000000,    1.00000000000000,
   42,     0.07000000000000,    0.00000000000000,    1.00000000000000,    0.00000000000000,    1.00000000000000,
   43,     0.07138196601125,    0.00000000000000,    1.00000000000000,    0.00000000000000,    1.00000000000000,
   44,     0.07361803398875,    0.00000000000000,    1.00000000000000,    0.00000000000000,    1.00000000000000,
   45,     0.07500000000000,    0.00000000000000,    1.00000000000000,    0.00000000000000,    1.00000000000000,
   46,     0.07638196601125,    0.00000000000000,    1.00000000000000,    0.00000000000000,    1.00000000000000,
   47,     0.07861803398875,    0.00000000000000,    1.00000000000000,    0.00000000000000,    1.00000000000000,
   48,     0.08000000000000,    0.00000000000000,    1.00000000000000,    0.00000000000000,    1.00000000000000,
   49,     0.08138196601125,    0.00000000000000,    1.00000000000000,    0.00000000000000,    1.00000000000000,
   50,     0.08361803398875,    0.00000000000000,    1.00000000000000,    0.00000000000000,    1.00000000000000,
   51,     0.08500000000000,    0.00000000000000,    1.00000000000000,    0.00000000000000,    1.00000000000000,
   52,     0.08638196601125,    0.00000000000000,    1.00000000000000,    0.00000000000000,    1.00000000000000,
   53,     0.08861803398875,    0.00000000000000,    1.00000000000000,    0.00000000000000,    1.00000000000000,
   54,     0.09000000000000,    0.00000000000000,    1.00000000000000,    0.00000000000000,    1.00000000000000,
   55,     0.09138196601125,    0.00000000000000,    1.00000000000000,    0.00000000000000,    1.00000000000000,
   56,     0.09361803398875,    0.00000000000000,    1.00000000000000,    0.00000000000000,    1.00000000000000,
   57,     0.09500000000000,    0.00000000000000,    1.00000000000000,    0.00000000000000,    1.00000000000000,
   58,     0.09638196601125,    0.00000000000000,    1.00000000000000,    0.00000000000000,    1.00000000000000,
   59,     0.09861803398875,    0.00000000000000,    1.00000000000000,    0.00000000000000,    1.00000000000000,
   60,     0.10000000000000,    0.00000000000000,    1.00000000000000,    0.00000000000000,    1.00000000000000,
   61,     0.10138196601125,    0.00000000000000,    1.00000000000000,    0.00000000000000,    1.00000000000000,
   62,     0.10361803398875,    0.00000000000000,    1.00000000000000,    0.00000000000000,    1.00000000000000,
   63,     0.10500000000000,    0.00000000000000,    1.00000000000000,    0.00000000000000,    1.00000000000000,
   64,     0.10638196601125,    0.00000000000000,    1.00000000000000,    0.00000000000000,    1.00000000000000,
   65,     0.10861803398875,    0.00000000000000,    1.00000000000000,    0.00000000000000,    1.00000000000000,
   66,     0.11000000000000,    0.00000000000000,    1.00000000000000,    0.00000000000000,    1.00000000000000,
   67,     0.11138196601125,    0.00000000000000,    1.00000000000000,    0.00000000000000,    1.00000000000000,
   68,     0.11361803398875,    0.00000000000000,    1.00000000000000,    0.00000000000000,    1.00000000000000,
   69,     0.11500000000000,    0.00000000000000,    1.00000000000000,    0.00000000000000,    1.00000000000000,
   70,     0.11638196601125,    0.00000000000000,    1.00000000000000,    0.00000000000000,    1.00000000000000,
   71,     0.11861803398875,    0.00000000000000,    1.00000000000000,    0.00000000000000,    1.00000000000000,
   72,     0.12000000000000,    0.00000000000000,    1.00000000000000,    0.00000000000000,    1.00000000000000,
   73,     0.12138196601125,    0.00000000000000,    1.00000000000000,    0.00000000000000,    1.00000000000000,
   74,     0.12361803398875,    0.00000000000000,    1.00000000000000,    0.00000000000000,    1.00000000000000,
   75,     0.12500000000000,    0.00000000000000,    1.00000000000000,    0.00000000000000,    1.00000000000000,
   76,     0.12638196601125,    0.00000000000000,    1.00000000000000,    0.00000000000000,    1.00000000000000,
   77,     0.12861803398875,    0.00000000000000,    1.00000000000000,    0.00000000000000,    1.00000000000000,
   78,     0.13000000000000,    0.00000000000028,    0.99999999999961,    0.00000000000028,    0.99999999999961,
   79,     0.13138196601125,    -0.00000000000138,    1.00000000000079,    -0.00000000000138,    1.00000000000079,
   80,     0.13361803398875,    -0.00000000000527,    1.00000000000106,    -0.00000000000527,    1.00000000000106,
   81,     0.13500000000000,    0.00000000000737,    1.00000000000230,    0.00000000000737,    1.00000000000230,
   82,     0.13638196601125,    0.00000000002628,    0.99999999998803,    0.00000000002628,    0.99999999998803,
   83,     0.13861803398877,    -0.00000000002675,    1.00000000001244,    -0.00000000002675,    1.00000000001244,
   84,     0.13999999999997,    -0.00000000017685,    1.00000000006073,    -0.00000000017685,    1.00000000006073,
   85,     0.14138196601115,    -0.00000000009931,    1.00000000001904,    -0.00000000009931,    1.00000000001904,
   86,     0.14361803398886,    0.00000000088760,    0.99999999975618,    0.00000000088760,    0.99999999975618,
   87,     0.14500000000063,    0.00000000086503,    0.99999999920213,    0.00000000086503,    0.99999999920213,
   88,     0.14638196601164,    -0.00000000212620,    1.00000000115144,    -0.00000000212620,    1.00000000115144,
   89,     0.14861803398562,    -0.00000000638128,    1.00000000127633,    -0.00000000638128,    1.00000000127633,
   90,     0.14999999999635,    0.00000000903410,    1.00000000220907,    0.00000000903410,    1.00000000220907,
   91,     0.15138196601743,    0.00000003473713,    0.99999998498374,    0.00000003473712,    0.99999998498374,
   92,     0.15361803401520,    -0.00000001173285,    1.00000000846603,    -0.00000001173285,    1.00000000846603,
   93,     0.15499999998377,    -0.00000018645316,    1.00000004188720,    -0.00000018645317,    1.00000004188720,
   94,     0.15638196589503,    -0.00000024040970,    1.00000008703135,    -0.00000024040972,    1.00000008703135,
   95,     0.15861803392440,    0.00000067939832,    0.99999978377310,    0.00000067939817,    0.99999978377310,
   96,     0.16000000051376,    0.00000166679191,    0.99999936155344,    0.00000166679085,    0.99999936155344,
   97,     0.16138196708285,    0.00000055416709,    0.99999992853215,    0.00000055416705,    0.99999992853215,
   98,     0.16361803296681,    -0.00000784334197,    1.00000223461792,    -0.00000784335950,    1.00000223461792,
   99,     0.16499999437935,    -0.00000973620276,    1.00000489106732,    -0.00000973625039,    1.00000489106732,
  100,     0.16638195918270,    0.00000693363642,    0.99999640813969,    0.00000693361152,    0.99999640813969,
  101,     0.16861805219805,    0.00006774433641,    0.99998096321426,    0.00006774304678,    0.99998096321426,
  102,     0.17000005153813,    0.00006192796034,    0.99996523373973,    0.00006192580734,    0.99996523373973,
  103,     0.17138202263038,    -0.00005361730577,    1.00002852793310,    -0.00005361883536,    1.00002852793310,
  104,     0.17361795171543,    -0.00032404740223,    1.00008426775916,    -0.00032407470898,    1.00008426775916,
  105,     0.17499979817514,    -0.00007032325608,    1.00003934553204,    -0.00007032602298,    1.00003934553204,
  106,     0.17638194814803,    0.00111387653118,    0.99965626308251,    0.00111349365070,    0.99965626308251,
  107,     0.17862032259102,    0.00605152332470,    0.99806910545797,    0.00603983847134,    0.99806910545797,
  108,     0.18000603423714,    0.01103288932998,    0.99647897117068,    0.01099404220858,    0.99647897117068,
  109,     0.18139421036516,    0.01712686518924,    0.99451676822054,    0.01703295461775,    0.99451676822054,
  110,     0.18364652937015,    0.02832397197678,    0.99099449904151,    0.02806890041999,    0.99099449904151,
  111,     0.18504269993823,    0.03567481880480,    0.98864797035982,    0.03526983720432,    0.98864797035982,
  112,     0.18644221650398,    0.04322597424115,    0.98625247629756,    0.04263172413571,    0.98625247629756,
  113,     0.18871403275307,    0.05579883324674,    0.98225864505794,    0.05480888634076,    0.98225864505794,
  114,     0.19012276913232,    0.06376281577333,    0.97973096863966,    0.06247040526079,    0.97973096863966,
  115,     0.19153515865607,    0.07185604695739,    0.97718221198736,    0.07021645091049,    0.97718221198736,
  116,     0.19382834103426,    0.08518196390759,    0.97299639699296,    0.08288174397087,    0.97299639699296,
  117,     0.19525057561918,    0.09353181959703,    0.97037414083556,    0.09076085908225,    0.97037414083556,
  118,     0.19667668226392,    0.10195596888148,    0.96771897055713,    0.09866472524814,    0.96771897055713,
  119,     0.19899252678047,    0.11574333302117,    0.96337931369504,    0.11150473273071,    0.96337931369504,
  120,     0.20042904283326,    0.12437215270559,    0.96067152005191,    0.11948078499181,    0.96067152005191,
  121,     0.20186961923700,    0.13308342776679,    0.95795556758864,    0.12748801058297,    0.95795556758864,
  122,     0.20420923432356,    0.14732913923631,    0.95352395487160,    0.14048186351244,    0.95352395487160,
  123,     0.20566065997747,    0.15620413695461,    0.95076297840865,    0.14851311049072,    0.95076297840865,
  124,     0.20711632483818,    0.16512730590805,    0.94797766752425,    0.15653699829927,    0.94797766752425,
  125,     0.20948075281922,    0.17968167186584,    0.94344479825667,    0.16951973866389,    0.94344479825667,
  126,     0.21094775128108,    0.18876383127580,    0.94062764007375,    0.17755647714424,    0.94062764007375,
  127,     0.21241915176706,    0.19791107464830,    0.93780765849353,    0.18560252150586,    0.93780765849353,
  128,     0.21480935617930,    0.21282094993254,    0.93321688384574,    0.19860810371313,    0.93321688384574,
  129,     0.21629248675060,    0.22208301942887,    0.93036289800529,    0.20661780155361,    0.93036289800529,
  130,     0.21778018862446,    0.23138122732659,    0.92749012436588,    0.21460380330906,    0.92749012436588,
  131,     0.22019714669441,    0.24652816516086,    0.92282679113895,    0.22750279558077,    0.92282679113895,
  132,     0.22169703204346,    0.25596751193641,    0.91993556380382,    0.23547361740868,    0.91993556380382,
  133,     0.22320163945374,    0.26546061060458,    0.91704302674377,    0.24343880183007,    0.91704302674377,
  134,     0.22564625449385,    0.28090022933973,    0.91233831778540,    0.25627604270134,    0.91233831778540,
  135,     0.22716343662598,    0.29047641518135,    0.90941586052479,    0.26416385907430,    0.90941586052479,
  136,     0.22868551319233,    0.30008601593021,    0.90647981619049,    0.27202191656176,    0.90647981619049,
  137,     0.23115876849741,    0.31573912714874,    0.90172123731473,    0.28470867640123,    0.90172123731473,
  138,     0.23269386317168,    0.32548706782442,    0.89877542432720,    0.29253977749691,    0.89877542432720,
  139,     0.23423400028805,    0.33527915576176,    0.89582595974546,    0.30035177149293,    0.89582595974546,
  140,     0.23673679509375,    0.35118014042359,    0.89103006309181,    0.31291206267822,    0.89103006309181,
  141,     0.23829036809142,    0.36103822242858,    0.88805162385307,    0.32062057970073,    0.88805162385307,
  142,     0.23984916632140,    0.37093478950814,    0.88506604977974,    0.32830178887585,    0.88506604977974,
  143,     0.24238253411095,    0.38706241719465,    0.88023046549040,    0.34070413166109,    0.88023046549040,
  144,     0.24395521194338,    0.39709754359614,    0.87723902102400,    0.34834946039531,    0.87723902102400,
  145,     0.24553326998821,    0.40716679119883,    0.87423814718906,    0.35596074113458,    0.87423814718906,
  146,     0.24809815771455,    0.42350439113581,    0.86936075522147,    0.36817809731744,    0.86936075522147,
  147,     0.24969056638003,    0.43364113383010,    0.86633274473168,    0.37567751369959,    0.86633274473168,
  148,     0.25128854996159,    0.44382670659888,    0.86330504227160,    0.38315783370161,    0.86330504227160,
  149,     0.25388606073220,    0.46042780251602,    0.85839900967450,    0.39523076970636,    0.85839900967450,
  150,     0.25549884833942,    0.47074303153731,    0.85536275624071,    0.40265605693686,    0.85536275624071,
  151,     0.25711738590927,    0.48108401902325,    0.85231032854633,    0.41003287831209,    0.85231032854633,
  152,     0.25974857443954,    0.49786965579618,    0.84735474086765,    0.42187221317304,    0.84735474086765,
  153,     0.26138245616046,    0.50830353251104,    0.84428138552411,    0.42915121069522,    0.84428138552411,
  154,     0.26302229086000,    0.51879534036328,    0.84121328246967,    0.43641753119696,    0.84121328246967,
  155,     0.26568833059644,    0.53587957170688,    0.83623391308755,    0.44812067119213,    0.83623391308755,
  156,     0.26734399418111,    0.54647685985532,    0.83314752878747,    0.45529584532799,    0.83314752878747,
  157,     0.26900582027165,    0.55710004612435,    0.83004300233919,    0.46241699488836,    0.83004300233919,
  158,     0.27170793394583,    0.57437672699060,    0.82501148815471,    0.47386739829595,    0.82501148815471,
  159,     0.27338619028952,    0.58513459080163,    0.82189635638240,    0.48091998817317,    0.82189635638240,
  160,     0.27507081711157,    0.59594818089852,    0.81878309013634,    0.48795229311722,    0.81878309013634,
  161,     0.27781024896623,    0.61352064809522,    0.81372193852063,    0.49923521109047,    0.81372193852063,
  162,     0.27951186301487,    0.62441342781568,    0.81057946263160,    0.50613670077879,    0.81057946263160,
  163,     0.28122009665441,    0.63534699326668,    0.80742725788212,    0.51299648057697,    0.80742725788212,
  164,     0.28399825968605,    0.65316882466119,    0.80232337514552,    0.52405261594200,    0.80232337514552,
  165,     0.28572411112862,    0.66426292931072,    0.79916686959070,    0.53085692580240,    0.79916686959070,
  166,     0.28745680406099,    0.67539624523040,    0.79599930095791,    0.53761493907299,    0.79599930095791,
  167,     0.29027505170550,    0.69346346074259,    0.79085117366658,    0.54842639182317,    0.79085117366658,
  168,     0.29202603243812,    0.70468287869702,    0.78765500384377,    0.55504699552874,    0.78765500384377,
  169,     0.29378412755395,    0.71596435608108,    0.78446306868190,    0.56164759583823,    0.78446306868190,
  170,     0.29664401241867,    0.73435382705824,    0.77928738569092,    0.57227267406034,    0.77928738569092,
  171,     0.29842104006126,    0.74576967702283,    0.77608239159815,    0.57877871452526,    0.77608239159815,
  172,     0.30020544428004,    0.75721268631240,    0.77285711322685,    0.58521721084215,    0.77285711322685,
  173,     0.30310851890000,    0.77581315461817,    0.76762959777460,    0.59553713982779,    0.76762959777460,
  174,     0.30491262717008,    0.78739587165399,    0.76439282198037,    0.60187975234929,    0.76439282198037,
  175,     0.30672438500477,    0.79904066713574,    0.76116036210873,    0.60819808353664,    0.76116036210873,
  176,     0.30967227092419,    0.81796419299692,    0.75590602449380,    0.61830406130659,    0.75590602449380,
  177,     0.31150445072539,    0.82969273953255,    0.75264406559234,    0.62446331667422,    0.75264406559234,
  178,     0.31334459750821,    0.84146702160796,    0.74937439086353,    0.63057383674922,    0.74937439086353,
  179,     0.31633909572867,    0.86066433488399,    0.74408277087491,    0.64040550309370,    0.74408277087491,
  180,     0.31820046396852,    0.87260834828316,    0.74081188431623,    0.64643863476171,    0.74081188431623,
  181,     0.32007008731671,    0.88458710719859,    0.73752560419341,    0.65240564069834,    0.73752560419341,
  182,     0.32311294979354,    0.90402487007553,    0.73219042815710,    0.66191835668527,    0.73219042815710,
  183,     0.32500466688441,    0.91610964280073,    0.72888147273093,    0.66773534562760,    0.72888147273093,
  184,     0.32690497805235,    0.92826493961074,    0.72558210140960,    0.67353242554762,    0.72558210140960,
  185,     0.32999815842055,    0.94805408372809,    0.72022599783839,    0.68281319845782,    0.72022599783839,
  186,     0.33192138963492,    0.96031959787402,    0.71690556597301,    0.68845846482885,    0.71690556597301,
  187,     0.33385357089471,    0.97261978530447,    0.71356873773897,    0.69403107249966,    0.71356873773897,
  188,     0.33699912499944,    0.99265493119222,    0.70817090586713,    0.70296934183587,    0.70817090586713,
  189,     0.33895519282538,    1.00513205821914,    0.70483553416833,    0.70845279116460,    0.70483553416833,
  190,     0.34092054953831,    1.01765414636354,    0.70149155900948,    0.71387579366503,    0.70149155900948,
  191,     0.34412053534583,    1.03796594837494,    0.69605949390987,    0.72248605272154,    0.69605949390987,
  192,     0.34611077059474,    1.05058072155755,    0.69268859146849,    0.72772528023965,    0.69268859146849,
  193,     0.34811069850979,    1.06326712124954,    0.68932827792852,    0.73294009366896,    0.68932827792852,
  194,     0.35136742017016,    1.08393337652146,    0.68387811826946,    0.74127831786495,    0.68387811826946,
  195,     0.35339320201763,    1.09674279196362,    0.68050254096896,    0.74633625672063,    0.68050254096896,
  196,     0.35542908477261,    1.10958370458367,    0.67710850049820,    0.75130855838789,    0.67710850049820,
  197,     0.35874491968376,    1.13049100595543,    0.67162090462370,    0.75926139208874,    0.67162090462370,
  198,     0.36080778663171,    1.14351121167912,    0.66823173652292,    0.76413048271377,    0.66823173652292,
  199,     0.36288115334469,    1.15657633114939,    0.66483451017102,    0.76893185859510,    0.66483451017102,
  200,     0.36625851829832,    1.17776200485762,    0.65931838237047,    0.77652013986013,    0.65931838237047,
  201,     0.36836002716593,    1.19092202126533,    0.65589676544070,    0.78112190164003,    0.65589676544070,
  202,     0.37047250348335,    1.20415615382817,    0.65248929754078,    0.78569900294075,    0.65248929754078,
  203,     0.37391407501116,    1.22569845424122,    0.64696153262114,    0.79297975048726,    0.64696153262114,
  204,     0.37605583501557,    1.23903812227526,    0.64353732786688,    0.79736728233422,    0.64353732786688,
  205,     0.37820904285642,    1.25241206289491,    0.64010024958178,    0.80166927403827,    0.64010024958178,
  206,     0.38171759166354,    1.27419472166044,    0.63455020075879,    0.80854051643543,    0.63455020075879,
  207,     0.38390135505799,    1.28773720639006,    0.63112759462365,    0.81272648557633,    0.63112759462365,
  208,     0.38609701670528,    1.30130260604187,    0.62769031773813,    0.81681504625987,    0.62769031773813,
  209,     0.38967527160873,    1.32327787310974,    0.62212664510379,    0.82324642373784,    0.62212664510379,
  210,     0.39190279421847,    1.33693487228751,    0.61868643275922,    0.82714346696697,    0.61868643275922,
  211,     0.39414270149800,    1.35064769342300,    0.61526475171888,    0.83100591775357,    0.61526475171888,
  212,     0.39779349791670,    1.37287437568641,    0.60971659638887,    0.83706429161301,    0.60971659638887,
  213,     0.40006647942394,    1.38661002302030,    0.60628123040861,    0.84067563085365,    0.60628123040861,
  214,     0.40235235326167,    1.40037957945568,    0.60285827207118,    0.84423041351441,    0.60285827207118,
  215,     0.40607856136697,    1.42276487747649,    0.59733854396344,    0.84987230031413,    0.59733854396344,
  216,     0.40839871083649,    1.43659250490527,    0.59394061937642,    0.85325064215496,    0.59394061937642,
  217,     0.41073219573137,    1.45039961051814,    0.59053044014881,    0.85650512039094,    0.59053044014881,
  218,     0.41453643481250,    1.47274830128274,    0.58505319402339,    0.86163609765799,    0.58505319402339,
  219,     0.41690536911631,    1.48658497526285,    0.58169444357883,    0.86473822001818,    0.58169444357883,
  220,     0.41928800518016,    1.50038774399260,    0.57834229519477,    0.86773769154279,    0.57834229519477,
  221,     0.42317249418528,    1.52256764151124,    0.57295395450746,    0.87236115120896,    0.57295395450746,
  222,     0.42559149156687,    1.53623224910242,    0.56964734288771,    0.87511061875960,    0.56964734288771,
  223,     0.42802446666689,    1.54984865861526,    0.56638860683382,    0.87781662255635,    0.56638860683382,
  224,     0.43199075652845,    1.57165475784173,    0.56116664174896,    0.88196022244681,    0.56116664174896,
  225,     0.43446046829385,    1.58494557744812,    0.55797374871265,    0.88435802535427,    0.55797374871265,
  226,     0.43694423211037,    1.59812119513068,    0.55483576576387,    0.88669479708381,    0.55483576576387,
  227,     0.44099264301136,    1.61918505845116,    0.54985725300437,    0.89032064834568,    0.54985725300437,
  228,     0.44351289116119,    1.63192132204153,    0.54684995582960,    0.89241610287580,    0.54684995582960,
  229,     0.44604695202359,    1.64440881775760,    0.54387916408230,    0.89435969321157,    0.54387916408230,
  230,     0.45017588053028,    1.66396949544671,    0.53929878557410,    0.89737672812676,    0.53929878557410,
  231,     0.45274484341214,    1.67542102166781,    0.53663358645811,    0.89908719168491,    0.53663358645811,
  232,     0.45532624509009,    1.68610500085239,    0.53411154298404,    0.90056814363838,    0.53411154298404,
  233,     0.45952703009241,    1.70114545645672,    0.53061417124417,    0.90265188654358,    0.53061417124417,
  234,     0.46213598772879,    1.70875822430840,    0.52881698708679,    0.90362037583854,    0.52881698708679,
  235,     0.46475282695499,    1.71497901655586,    0.52743583411808,    0.90454138809214,    0.52743583411808,
  236,     0.46900019627146,    1.72280060416285,    0.52555138635693,    0.90542024593433,    0.52555138635693,
  237,     0.47163222550609,    1.72739213963039,    0.52454060703613,    0.90608732151117,    0.52454060703613,
  238,     0.47426989285795,    1.73268527348423,    0.52331987676288,    0.90674864378862,    0.52331987676288,
  239,     0.47855274544747,    1.74387148144732,    0.52073699428663,    0.90809839367105,    0.52073699428663,
  240,     0.48121164126208,    1.75238945351528,    0.51877302729540,    0.90909238180065,    0.51877302729540,
  241,     0.48388111664881,    1.76160810067005,    0.51659600603489,    0.91003970900485,    0.51659600603489,
  242,     0.48822325339013,    1.77582757023900,    0.51344018358457,    0.91178123367806,    0.51344018358457,
  243,     0.49091930527467,    1.78260914536142,    0.51176756792414,    0.91228154688095,    0.51176756792414,
  244,     0.49362244984264,    1.78749287635025,    0.51075413884191,    0.91296938474631,    0.51075413884191,
  245,     0.49800619234446,    1.79271192378576,    0.50948541928844,    0.91336058615337,    0.50948541928844,
  246,     0.50072022937768,    1.79564716996803,    0.50893309064531,    0.91386426392033,    0.50893309064531,
  247,     0.50343758075086,    1.79820063718150,    0.50826093802828,    0.91395514261692,    0.50826093802828,
  248,     0.50783926441925,    1.79994649964041,    0.50789598010873,    0.91418559157814,    0.50789598010873,
  249,     0.51055977146716,    1.79952330055599,    0.50809224790550,    0.91432383893782,    0.50809224790550,
  250,     0.51328007518970,    1.79943530162796,    0.50795813939405,    0.91403780777492,    0.50795813939405,
  251,     0.51768368868228,    1.80158105074559,    0.50755330336127,    0.91439841357899,    0.50755330336127,
  252,     0.52040750563828,    1.80233062954990,    0.50715333805361,    0.91405799505251,    0.50715333805361,
  253,     0.52313166331905,    1.80221309628547,    0.50741440784194,    0.91446889105668,    0.50741440784194,
  254,     0.52753814900779,    1.80206151474816,    0.50739167623837,    0.91435101265273,    0.50739167623837,
  255,     0.53026250433277,    1.80306948035265,    0.50710744015015,    0.91434994859450,    0.50710744015015,
  256,     0.53298765066119,    1.80372699416759,    0.50711922264831,    0.91470463115204,    0.50711922264831,
  257,     0.53739690887257,    1.80278692775826,    0.50714498550594,    0.91427435034825,    0.50714498550594,
  258,     0.54012183121688,    1.80334858088369,    0.50717431150287,    0.91461207490937,    0.50717431150287,
  259,     0.54284749095429,    1.80428774460731,    0.50690160443766,    0.91459635260866,    0.50690160443766,
  260,     0.54725907835942,    1.80409887712005,    0.50691831084790,    0.91453075539229,    0.50691831084790,
  261,     0.54998459287954,    1.80388181034439,    0.50720352091894,    0.91493520552830,    0.50720352091894,
  262,     0.55271024748219,    1.80407991149505,    0.50688202958805,    0.91445568707764,    0.50688202958805,
  263,     0.55712245740744,    1.80483583299106,    0.50678332342594,    0.91466070168143,    0.50678332342594,
  264,     0.55984897037326,    1.80440397077117,    0.50697667371505,    0.91479072313979,    0.50697667371505,
  265,     0.56257516051752,    1.80394718123736,    0.50686832946509,    0.91436369419705,    0.50686832946509,
  266,     0.56698727842672,    1.80536234465580,    0.50674714915426,    0.91486222134478,    0.50674714915426,
  267,     0.56971452336217,    1.80491269585528,    0.50676893094883,    0.91467367733455,    0.50676893094883,
  268,     0.57244102169647,    1.80415547937973,    0.50688035251382,    0.91449096537773,    0.50688035251382,
  269,     0.57685300726044,    1.80545729391806,    0.50669815233605,    0.91482187494992,    0.50669815233605,
  270,     0.57958109290389,    1.80480162359826,    0.50652009060647,    0.91416828191169,    0.50652009060647,
  271,     0.58230832494577,    1.80476597253390,    0.50681036623253,    0.91467410350391,    0.50681036623253,
  272,     0.58672021252034,    1.80528730286996,    0.50677453462686,    0.91487363277970,    0.50677453462686,
  273,     0.58944775677906,    1.80447516010046,    0.50651783464918,    0.91399885077231,    0.50651783464918,
  274,     0.59217568237712,    1.80557382016363,    0.50669019545629,    0.91486655184946,    0.50669019545629,
  275,     0.59658796146313,    1.80461118154214,    0.50684258240327,    0.91465379148663,    0.50684258240327,
  276,     0.59931455970344,    1.80443585660349,    0.50660192420481,    0.91413067705948,    0.50660192420481,
  277,     0.60204261770746,    1.80514822504427,    0.50675327990312,    0.91476478375248,    0.50675327990312,
  278,     0.60645376520550,    1.80393974916546,    0.50699334577938,    0.91458544901381,    0.50699334577938,
  279,     0.60917973186789,    1.80493352640552,    0.50676489490690,    0.91467694882284,    0.50676489490690,
  280,     0.61190671799811,    1.80434827816124,    0.50690102153857,    0.91462598541129,    0.50690102153857,
  281,     0.61631696232543,    1.80329111412690,    0.50707734690016,    0.91440807384011,    0.50707734690016,
  282,     0.61904241353293,    1.80371998109255,    0.50701240022062,    0.91450839693963,    0.50701240022062,
  283,     0.62176807589006,    1.80370379092721,    0.50704805353945,    0.91456449635137,    0.50704805353945,
  284,     0.62617722010700,    1.80260100240795,    0.50726962440866,    0.91440473345016,    0.50726962440866,
  285,     0.62890095693420,    1.80299757519604,    0.50733555626116,    0.91472477774961,    0.50733555626116,
  286,     0.63162563064276,    1.80275380728233,    0.50724147260691,    0.91443149595360,    0.50724147260691,
  287,     0.63603323373968,    1.80156494378178,    0.50741146339750,    0.91413470452994,    0.50741146339750,
  288,     0.63875643080530,    1.80257026030670,    0.50751124298196,    0.91482467337058,    0.50751124298196,
  289,     0.64147971113502,    1.80168161309609,    0.50746817558081,    0.91429608117536,    0.50746817558081,
  290,     0.64588554003028,    1.80100824576586,    0.50761230410042,    0.91421394533707,    0.50761230410042,
  291,     0.64860756970705,    1.80141550891140,    0.50773632994378,    0.91464409919849,    0.50773632994378,
  292,     0.65132974020456,    1.80092277928662,    0.50766888312153,    0.91427245594856,    0.50766888312153,
  293,     0.65573408512537,    1.80008267474555,    0.50774143103194,    0.91397655325110,    0.50774143103194,
  294,     0.65845562641806,    1.80095658160272,    0.50781481262411,    0.91455242903075,    0.50781481262411,
  295,     0.66117705997920,    1.80019909809333,    0.50782816077200,    0.91419179700814,    0.50782816077200,
  296,     0.66557997880237,    1.79992188088642,    0.50789242584361,    0.91416669041239,    0.50789242584361,
  297,     0.66830085521334,    1.80007070350091,    0.50791578810057,    0.91428433000542,    0.50791578810057,
  298,     0.67102172481584,    1.79980423388852,    0.50792514365522,    0.91416582404909,    0.50792514365522,
  299,     0.67542397853122,    1.79946325591826,    0.50794465421395,    0.91402774129811,    0.50794465421395,
  300,     0.67814467902688,    1.79959048509345,    0.50795356976502,    0.91410841101839,    0.50795356976502,
  301,     0.68007376478483,    1.79942735103072,    0.50798746742938,    0.91408654287326,    0.50798746742938,
  302,     0.68107149555087,    1.79944409966450,    0.50800649634489,    0.91412929243904,    0.50800649634489,
  303,     0.68142563240393,    1.79948551084766,    0.50801368935299,    0.91416327330297,    0.50801368935299,
  304,     0.68196969296037,    1.79949287287410,    0.50801748349184,    0.91417384083900,    0.50801748349184,
  305,     0.68285000687112,    1.79954421185614,    0.50801543476395,    0.91419623516305,    0.50801543476395,
  306,     0.68339407097765,    1.79960348581392,    0.50801791850260,    0.91423081699320,    0.50801791850260,
  307,     0.68393812438309,    1.79961621967547,    0.50803260310340,    0.91426371266882,    0.50803260310340,
  308,     0.68481839010417,    1.79956378384688,    0.50805533899715,    0.91427798824932,    0.50805533899715,
  309,     0.68536240411621,    1.79951881981764,    0.50807001894885,    0.91428156088357,    0.50807001894885,
  310,     0.68590641814431,    1.79944714324336,    0.50805551961684,    0.91421905338354,    0.50805551961684,
  311,     0.68678668193424,    1.79936303740358,    0.50803503320169,    0.91413946044923,    0.50803503320169,
  312,     0.68733073145782,    1.79928820581891,    0.50802753133637,    0.91408794536482,    0.50802753133637,
  313,     0.68787479110812,    1.79923545385242,    0.50800989415632,    0.91402941247386,    0.50800989415632,
  314,     0.68875513890828,    1.79919898100112,    0.50798495147601,    0.91396600705954,    0.50798495147601,
  315,     0.68929924178264,    1.79921531526449,    0.50797797661889,    0.91396175534978,    0.50797797661889,
  316,     0.68984333577397,    1.79924571491462,    0.50799596237057,    0.91400955848917,    0.50799596237057,
  317,     0.69072365573999,    1.79925531914177,    0.50803141153089,    0.91407821948805,    0.50803141153089,
  318,     0.69126768830443,    1.79926003635363,    0.50805608576087,    0.91412501133578,    0.50805608576087,
  319,     0.69181170840001,    1.79930712131044,    0.50806099964732,    0.91415777472552,    0.50806099964732,
  320,     0.69269193959749,    1.79934331919372,    0.50806426870914,    0.91418204762284,    0.50806426870914,
  321,     0.69323595402917,    1.79932231094620,    0.50806158097446,    0.91416653798195,    0.50806158097446,
  322,     0.69377997426300,    1.79927605115391,    0.50804922379054,    0.91412080117365,    0.50804922379054,
  323,     0.69466025698160,    1.79916458443060,    0.50801711967319,    0.91400641000044,    0.50801711967319,
  324,     0.69520433284436,    1.79911415901484,    0.50799217148195,    0.91393590838187,    0.50799217148195,
  325,     0.69574841916113,    1.79904457188523,    0.50799802480492,    0.91391108905370,    0.50799802480492,
  326,     0.69662875551115,    1.79899332452532,    0.50800842456158,    0.91390376458892,    0.50800842456158,
  327,     0.69717282380588,    1.79901206675811,    0.50801682012070,    0.91392838951323,    0.50801682012070,
  328,     0.69771687727174,    1.79908696180470,    0.50803335776817,    0.91399619012257,    0.50803335776817,
  329,     0.69859714161588,    1.79924012575927,    0.50805538746754,    0.91411363923978,    0.50805538746754,
  330,     0.69914115691164,    1.79929109228904,    0.50806998339860,    0.91416579538854,    0.50806998339860,
  331,     0.69968515508307,    1.79930106854635,    0.50808100063226,    0.91419068734573,    0.50808100063226,
  332,     0.70056535553731,    1.79929589856667,    0.50807883920296,    0.91418417152640,    0.50807883920296,
  333,     0.70110935745336,    1.79924555836471,    0.50807007409270,    0.91414282414933,    0.50807007409270,
  334,     0.70165336199387,    1.79919433726140,    0.50807091410021,    0.91411831157631,    0.50807091410021,
  335,     0.70253358075347,    1.79918764582193,    0.50807163472913,    0.91411620839720,    0.50807163472913,
  336,     0.70307758404552,    1.79917445405846,    0.50807143878143,    0.91410915349228,    0.50807143878143,
  337,     0.70362159328858,    1.79917738810031,    0.50806607264843,    0.91410098956999,    0.50806607264843,
  338,     0.70450181750991,    1.79917756186598,    0.50807166446041,    0.91411113851707,    0.50807166446041,
  339,     0.70504581706546,    1.79921073270951,    0.50807511262024,    0.91413419564893,    0.50807511262024,
  340,     0.70558981237502,    1.79924482081228,    0.50808949477545,    0.91417739198386,    0.50808949477545,
  341,     0.70646998723044,    1.79926481681177,    0.50809796117197,    0.91420278503051,    0.50809796117197,
  342,     0.70701396787262,    1.79926950891077,    0.50808704737366,    0.91418553221193,    0.50808704737366,
  343,     0.70755794673799,    1.79923776234187,    0.50810233852290,    0.91419691460462,    0.50810233852290,
  344,     0.70843810829648,    1.79922630092101,    0.50809979055677,    0.91418650666219,    0.50809979055677,
  345,     0.70898209157591,    1.79916056931540,    0.50808377290886,    0.91412429012663,    0.50808377290886,
  346,     0.70952608675548,    1.79907987912193,    0.50807340674642,    0.91406464319441,    0.50807340674642,
  347,     0.71040632207504,    1.79896798901752,    0.50804882770827,    0.91396357790506,    0.50804882770827,
  348,     0.71095035983905,    1.79894023451304,    0.50803165324094,    0.91391858142131,    0.50803165324094,
  349,     0.71149440425731,    1.79893902247585,    0.50803649397841,    0.91392667385958,    0.50803649397841,
  350,     0.71237468094512,    1.79896958225454,    0.50803697407980,    0.91394306303019,    0.50803697407980,
  351,     0.71291872453149,    1.79898667636968,    0.50803628789961,    0.91395051304372,    0.50803628789961,
  352,     0.71346274884237,    1.79899485619345,    0.50806483375483,    0.91400602253771,    0.50806483375483,
  353,     0.71434295357477,    1.79909070860629,    0.50809028792419,    0.91410051613751,    0.50809028792419,
  354,     0.71488693378659,    1.79913853611477,    0.50809872779294,    0.91414000132316,    0.50809872779294,
  355,     0.71543090013235,    1.79916837174578,    0.50811180362970,    0.91417868640126,    0.50811180362970,
  356,     0.71631105053557,    1.79912039618689,    0.50810356417824,    0.91413948568832,    0.50810356417824,
  357,     0.71685503115481,    1.79906854409755,    0.50808073932136,    0.91407207597488,    0.50808073932136,
  358,     0.71739903526078,    1.79904912789627,    0.50806464417813,    0.91403325502360,    0.50806464417813,
  359,     0.71827928320764,    1.79897327563560,    0.50804435071169,    0.91395820976797,    0.50804435071169,
  360,     0.71882332247344,    1.79893207265574,    0.50803004815661,    0.91391154750177,    0.50803004815661,
  361,     0.71936735771943,    1.79889737484615,    0.50805741883369,    0.91394315701104,    0.50805741883369,
  362,     0.72024757525294,    1.79896096821944,    0.50808014427979,    0.91401634828664,    0.50808014427979,
  363,     0.72079157112469,    1.79902246965023,    0.50808036791901,    0.91404799827446,    0.50808036791901,
  364,     0.72133554434384,    1.79910856029340,    0.50811539591599,    0.91415475840933,    0.50811539591599,
  365,     0.72221566132841,    1.79925243814833,    0.50813825098730,    0.91426898700532,    0.50813825098730,
  366,     0.72275959495779,    1.79926245704221,    0.50813590109691,    0.91426984991899,    0.50813590109691,
  367,     0.72330353013882,    1.79933852517563,    0.50813550346527,    0.91430778739458,    0.50813550346527,
  368,     0.72418364127829,    1.79933038581030,    0.50812997452015,    0.91429370309512,    0.50812997452015,
  369,     0.72472758603582,    1.79919921629080,    0.50811976891353,    0.91420869001109,    0.50811976891353,
  370,     0.72527154596776,    1.79909503081221,    0.50811068532193,    0.91413940906527,    0.50811068532193,
  371,     0.72615170681891,    1.79903484790537,    0.50809669219397,    0.91408365536241,    0.50809669219397,
  372,     0.72669569099084,    1.79903808482737,    0.50808792147894,    0.91406952118139,    0.50808792147894,
  373,     0.72723968110373,    1.79902161826238,    0.50807943089922,    0.91404587998214,    0.50807943089922,
  374,     0.72811988964761,    1.79906087449727,    0.50807825036947,    0.91406370142275,    0.50807825036947,
  375,     0.72866388180557,    1.79905400307632,    0.50808745998881,    0.91407677880575,    0.50808745998881,
  376,     0.72920787049641,    1.79907243463242,    0.50808689283176,    0.91408512329165,    0.50808689283176,
  377,     0.73008806132414,    1.79898779636282,    0.50808681577803,    0.91404198107752,    0.50808681577803,
  378,     0.73063205014847,    1.79897681827503,    0.50808573964262,    0.91403446731319,    0.50808573964262,
  379,     0.73117604383146,    1.79896966036896,    0.50807655216888,    0.91401430249668,    0.50807655216888,
  380,     0.73205627162409,    1.79892145344925,    0.50805336455215,    0.91394809698994,    0.50805336455215,
  381,     0.73260030548067,    1.79890365627615,    0.50803728052571,    0.91391012146229,    0.50803728052571,
  382,     0.73314434676046,    1.79889451042264,    0.50803572001470,    0.91390266783306,    0.50803572001470,
  383,     0.73402461871395,    1.79890121254323,    0.50804908444366,    0.91393011403718,    0.50804908444366,
  384,     0.73456863683880,    1.79889865886525,    0.50806622636193,    0.91395965321720,    0.50806622636193,
  385,     0.73511264024267,    1.79892077030618,    0.50808152516043,    0.91399840861994,    0.50808152516043,
  386,     0.73599282525130,    1.79898701513867,    0.50809592159232,    0.91405796538950,    0.50809592159232,
  387,     0.73653680371448,    1.79908792793855,    0.50809668742619,    0.91411061657402,    0.50809668742619,
  388,     0.73708077351693,    1.79916409149830,    0.50810799097402,    0.91416965196380,    0.50810799097402,
  389,     0.73796092408234,    1.79915040032549,    0.50811007188544,    0.91416643924210,    0.50811007188544,
  390,     0.73850489028009,    1.79915382322918,    0.50810229951217,    0.91415419475885,    0.50810229951217,
  391,     0.73904885693190,    1.79916097301215,    0.50811143050653,    0.91417425570873,    0.50811143050653,
  392,     0.73992900242244,    1.79908704798604,    0.50811168017893,    0.91413714274034,    0.50811168017893,
  393,     0.74047296864175,    1.79905439289321,    0.50810033262698,    0.91410013544306,    0.50810033262698,
  394,     0.74101694355445,    1.79899242655984,    0.50809892834624,    0.91406612403806,    0.50809892834624,
  395,     0.74189711710692,    1.79905269472017,    0.50809428328491,    0.91408838951563,    0.50809428328491,
  396,     0.74244110006634,    1.79903540608942,    0.50809237956896,    0.91407618040878,    0.50809237956896,
  397,     0.74298508003923,    1.79901987700085,    0.50809348752315,    0.91407028342883,    0.50809348752315,
  398,     0.74386525748901,    1.79903224353838,    0.50809791110886,    0.91408452495934,    0.50809791110886,
  399,     0.74440922979908,    1.79900969158712,    0.50810274284061,    0.91408175869225,    0.50810274284061,
  400,     0.74495320068792,    1.79906709022820,    0.50810592059575,    0.91411664009391,    0.50810592059575,
  401,     0.74583335362554,    1.79910183790897,    0.50811089206698,    0.91414323977926,    0.50811089206698,
  402,     0.74637731590261,    1.79914010890621,    0.50810686371904,    0.91415543812748,    0.50810686371904,
  403,     0.74692127742764,    1.79915124954927,    0.50811870420898,    0.91418240159694,    0.50811870420898,
  404,     0.74780140518079,    1.79911742547529,    0.50812423536897,    0.91417516615862,    0.50812423536897,
  405,     0.74834535712469,    1.79909637682877,    0.50811737824905,    0.91415213421160,    0.50811737824905,
  406,     0.74888931362125,    1.79904682648841,    0.50811318469685,    0.91411941242578,    0.50811318469685,
  407,     0.74976947016194,    1.79897341952777,    0.50809987245961,    0.91405816502030,    0.50809987245961,
  408,     0.75031344971854,    1.79891898029581,    0.50808768432124,    0.91400857898002,    0.50808768432124,
  409,     0.75085744450273,    1.79887356796848,    0.50807493328126,    0.91396256802701,    0.50807493328126,
  410,     0.75173767556536,    1.79889238139680,    0.50805163302853,    0.91393021201122,    0.50805163302853,
  411,     0.75228171071837,    1.79886235985697,    0.50803445945024,    0.91388406661532,    0.50803445945024,
  412,     0.75282575061359,    1.79882223509902,    0.50804196289208,    0.91387717921362,    0.50804196289208,
  413,     0.75370600857236,    1.79880449885932,    0.50805517935234,    0.91389194228776,    0.50805517935234,
  414,     0.75425002556854,    1.79880738145401,    0.50806505444452,    0.91391117019363,    0.50806505444452,
  415,     0.75479403217441,    1.79883764287768,    0.50807401857475,    0.91394266998040,    0.50807401857475,
  416,     0.75567423127489,    1.79891585860472,    0.50809128690468,    0.91401347363171,    0.50809128690468,
  417,     0.75621820796549,    1.79894097720987,    0.50811179289746,    0.91406312524682,    0.50811179289746,
  418,     0.75676217136556,    1.79897459041520,    0.50810227855896,    0.91406308845964,    0.50810227855896,
  419,     0.75764234248033,    1.79911851554870,    0.50809995042983,    0.91413202856768,    0.50809995042983,
  420,     0.75818630991309,    1.79918866677646,    0.50810898022290,    0.91418391870439,    0.50810898022290,
  421,     0.75873026897279,    1.79920963273164,    0.50812330984219,    0.91422035368354,    0.50812330984219,
  422,     0.75961037879760,    1.79915865533469,    0.50814157938652,    0.91422732068869,    0.50814157938652,
  423,     0.76015430621243,    1.79919268613042,    0.50815121231880,    0.91426194465229,    0.50815121231880,
  424,     0.76069822248261,    1.79916792345786,    0.50815052991627,    0.91424813371348,    0.50815052991627,
  425,     0.76157830842759,    1.79916769610310,    0.50814638487345,    0.91424056055588,    0.50814638487345,
  426,     0.76212223187661,    1.79914808317437,    0.50815404621147,    0.91424437819867,    0.50815404621147,
  427,     0.76266615699321,    1.79913705136752,    0.50813297777570,    0.91420086733797,    0.50813297777570,
  428,     0.76354629688064,    1.79911743677222,    0.50810253817948,    0.91413613610692,    0.50810253817948,
  429,     0.76409027472171,    1.79906360095202,    0.50809254455639,    0.91409080282650,    0.50809254455639,
  430,     0.76463425750284,    1.79905343453123,    0.50808940111481,    0.91407998212451,    0.50808940111481,
  431,     0.76551445441319,    1.79885397432795,    0.50807657646653,    0.91395556883975,    0.50807657646653,
  432,     0.76605845941192,    1.79885806231380,    0.50805850186812,    0.91392513221253,    0.50805850186812,
  433,     0.76660247887143,    1.79879604353140,    0.50806237091028,    0.91390058266059,    0.50806237091028,
  434,     0.76748270545261,    1.79884050246414,    0.50806824855897,    0.91393374352388,    0.50806824855897,
  435,     0.76802671472875,    1.79889017951208,    0.50807327553252,    0.91396802582799,    0.50807327553252,
  436,     0.76857070832531,    1.79894960432594,    0.50808281941009,    0.91401538694259,    0.50808281941009,
  437,     0.76945089686827,    1.79908739720659,    0.50809635108510,    0.91410974180386,    0.50809635108510,
  438,     0.76999486702395,    1.79913909457592,    0.50811507348052,    0.91416969324212,    0.50811507348052,
  439,     0.77053881646079,    1.79913979081925,    0.50812645353328,    0.91419052131960,    0.50812645353328,
  440,     0.77141893749818,    1.79908642960668,    0.50812538962769,    0.91416149301779,    0.50812538962769,
  441,     0.77196288877788,    1.79907184676713,    0.50811365241416,    0.91413296701633,    0.50811365241416,
  442,     0.77250685523222,    1.79903993197821,    0.50810214808364,    0.91409605392638,    0.50810214808364,
  443,     0.77338703876840,    1.79899257884659,    0.50807866631597,    0.91402975017270,    0.50807866631597,
  444,     0.77393104590199,    1.79891139490712,    0.50805597950599,    0.91394769078402,    0.50805597950599,
  445,     0.77447506613402,    1.79888648630236,    0.50805988521367,    0.91394206174321,    0.50805988521367,
  446,     0.77535530034995,    1.79883747601169,    0.50806249766153,    0.91392186094967,    0.50806249766153,
  447,     0.77589931605572,    1.79881052578729,    0.50806883537824,    0.91391956890287,    0.50806883537824,
  448,     0.77644332048144,    1.79885091072990,    0.50806654377175,    0.91393596497521,    0.50806654377175,
  449,     0.77732354634619,    1.79891426617046,    0.50807244687380,    0.91397877292941,    0.50807244687380,
  450,     0.77786754054553,    1.79899983075053,    0.50809124855665,    0.91405607015923,    0.50809124855665,
  451,     0.77841152537785,    1.79901591599524,    0.50808930238920,    0.91406074174508,    0.50808930238920,
  452,     0.77929171325346,    1.79899851025366,    0.50808857278035,    0.91405058550876,    0.50808857278035,
  453,     0.77983569934971,    1.79898468672361,    0.50807465839831,    0.91401853017089,    0.50807465839831,
  454,     0.78037973428570,    1.79894444859059,    0.50802881846194,    0.91391562269614,    0.50802881846194,
  455,     0.78126004471822,    1.79882279057500,    0.50801494010886,    0.91382885222040,    0.50801494010886,
  456,     0.78180410370055,    1.79873549341059,    0.50798188077436,    0.91372503895830,    0.50798188077436,
  457,     0.78234832280468,    1.79853237046175,    0.50781865821080,    0.91332829511658,    0.50781865821080,
  458,     0.78322904755675,    1.79808531242907,    0.50776756131022,    0.91300939411983,    0.50776756131022,
  459,     0.78377335525235,    1.79782294378322,    0.50767148770046,    0.91270344849246,    0.50767148770046,
  460,     0.78431817674836,    1.79716459542888,    0.50713067601532,    0.91139729619064,    0.50713067601532,
  461,     0.78520028243316,    1.79572767811862,    0.50692623132133,    0.91030146434808,    0.50692623132133,
  462,     0.78574545920949,    1.79488839833619,    0.50658470539507,    0.90926301048818,    0.50658470539507,
  463,     0.78629235360775,    1.79284477597743,    0.50478668828965,    0.90500417708304,    0.50478668828965,
  464,     0.78717916645446,    1.78811699131832,    0.50409689535999,    0.90138422386401,    0.50409689535999,
  465,     0.78772726888945,    1.78512323460415,    0.50299216799100,    0.89790300590466,    0.50299216799100,
  466,     0.78828111073360,    1.77828177850735,    0.49709418989277,    0.88397354008819,    0.49709418989277,
  467,     0.78918360614505,    1.76244348069534,    0.49497788069565,    0.87237053892044,    0.49497788069565,
  468,     0.78974124816620,    1.75252931908087,    0.49238283158650,    0.86291534856740,    0.49238283158650,
  469,     0.79031634680420,    1.73164365450390,    0.47469683440463,    0.82200576110986,    0.47469683440463,
  470,     0.79126818913978,    1.68305716534067,    0.46814151129004,    0.78790892497011,    0.46814151129004,
  471,     0.79185597536334,    1.65399385576690,    0.46637824168295,    0.77138674620698,    0.46637824168295,
  472,     0.79248567573171,    1.60737745715585,    0.42444492754566,    0.68224320834103,    0.42444492754566,
  473,     0.79357291563690,    1.48873389477262,    0.40650966040374,    0.60518470999555,    0.40650966040374,
  474,     0.79424426754515,    1.41636484084507,    0.41811908979365,    0.59220917806987,    0.41811908979365,
  475,     0.79497860233501,    1.34609037750125,    0.35294678521253,    0.47509827134459,    0.35294678521253,
  476,     0.79634063555103,    1.14736731937528,    0.31955639621628,    0.36664856571589,    0.31955639621628,
  477,     0.79717957234973,    1.01291944910447,    0.35718588806563,    0.36180053296733,    0.35718588806563,
  478,     0.79803484117940,    0.93171970855379,    0.29760286348663,    0.27728245323254,    0.29760286348663,
  479,     0.79974028179480,    0.73155873189498,    0.24256811982049,    0.17745282613403,    0.24256811982049,
  480,     0.80086127021589,    0.55829559978658,    0.27503379181044,    0.15355015576039,    0.27503379181044,
  481,     0.80189566097420,    0.42569847693424,    0.24789252835840,    0.10552747176555,    0.24789252835840,
  482,     0.80390976960657,    0.27363023304615,    0.20694218190464,    0.05662563746165,    0.20694218190464,
  483,     0.80523444331982,    0.21050428952371,    0.22019535084349,    0.04635206588573,    0.22019535084349,
  484,     0.80648766411975,    0.10793469007657,    0.21300257219562,    0.02299036661545,    0.21300257219562,
  485,     0.80867023384143,    0.05598226326111,    0.20034974484678,    0.01121603216031,    0.20034974484678,
  486,     0.81004445269623,    0.04662635215601,    0.20419960966542,    0.00952108291038,    0.20419960966542,
  487,     0.81139972295328,    0.01920093463283,    0.20236388980678,    0.00388557582023,    0.20236388980678,
  488,     0.81362640042972,    0.00914688583789,    0.19999980253188,    0.00182937536136,    0.19999980253188,
  489,     0.81500728361850,    0.00792297406915,    0.20074855589003,    0.00159052560274,    0.20074855589003,
  490,     0.81638479823187,    0.00309945337190,    0.20038339751425,    0.00062107899710,    0.20038339751425,
  491,     0.81861935337923,    0.00145001391310,    0.19999815407703,    0.00029000010601,    0.19999815407703,
  492,     0.82000115275553,    0.00126732110741,    0.20012155307672,    0.00025361826826,    0.20012155307672,
  493,     0.82138240933900,    0.00049283194929,    0.20006073494039,    0.00009859632198,    0.20006073494039,
  494,     0.82361823867868,    0.00022886594156,    0.19999963074657,    0.00004577310380,    0.19999963074657,
  495,     0.82500017785997,    0.00020071608602,    0.20001950069182,    0.00004014713131,    0.20001950069182,
  496,     0.82638203032714,    0.00007712212223,    0.20000976797916,    0.00001542517777,    0.20000976797916,
  497,     0.82861806064864,    0.00003818363297,    0.19999967924674,    0.00000763671435,    0.19999967924674,
  498,     0.83000002589676,    0.00002918077698,    0.20000290739494,    0.00000583624024,    0.20000290739494,
  499,     0.83138197208491,    0.00001110437421,    0.20000168102519,    0.00000222089351,    0.20000168102519,
  500,     0.83361803416452,    0.00000226552149,    0.19999984898650,    0.00000045310396,    0.19999984898650,
  501,     0.83500000083504,    0.00000402897136,    0.20000016577209,    0.00000080579494,    0.20000016577209,
  502,     0.83638196604259,    0.00000012649939,    0.20000005427279,    0.00000002529989,    0.20000005427279,
  503,     0.83861803398646,    -0.00000001140475,    0.19999998209866,    -0.00000000228095,    0.19999998209866,
  504,     0.84000000000094,    0.00000000572801,    0.20000001437681,    0.00000000114560,    0.20000001437681,
  505,     0.84138196601135,    0.00000000025424,    0.20000000006172,    0.00000000005085,    0.20000000006172,
  506,     0.84361803398874,    -0.00000000001420,    0.19999999998537,    -0.00000000000284,    0.19999999998537,
  507,     0.84500000000000,    0.00000000000328,    0.20000000001137,    0.00000000000066,    0.20000000001137,
  508,     0.84638196601125,    0.00000000000142,    0.20000000000022,    0.00000000000028,    0.20000000000022,
  509,     0.84861803398875,    -0.00000000000028,    0.19999999999991,    -0.00000000000006,    0.19999999999991,
  510,     0.85000000000000,    0.00000000000017,    0.20000000000009,    0.00000000000003,    0.20000000000009,
  511,     0.85138196601125,    -0.00000000000001,    0.20000000000000,    -0.00000000000000,    0.20000000000000,
  512,     0.85361803398875,    0.00000000000001,    0.20000000000000,    0.00000000000000,    0.20000000000000,
  513,     0.85500000000000,    0.00000000000002,    0.20000000000000,    0.00000000000000,    0.20000000000000,
  514,     0.85638196601125,    0.00000000000001,    0.20000000000000,    0.00000000000000,    0.20000000000000,
  515,     0.85861803398875,    -0.00000000000001,    0.20000000000000,    -0.00000000000000,    0.20000000000000,
  516,     0.86000000000000,    0.00000000000002,    0.20000000000000,    0.00000000000000,    0.20000000000000,
  517,     0.86138196601125,    0.00000000000000,    0.20000000000000,    0.00000000000000,    0.20000000000000,
  518,     0.86361803398875,    -0.00000000000002,    0.20000000000000,    -0.00000000000000,    0.20000000000000,
  519,     0.86500000000000,    0.00000000000002,    0.20000000000000,    0.00000000000000,    0.20000000000000,
  520,     0.86638196601125,    -0.00000000000001,    0.20000000000000,    -0.00000000000000,    0.20000000000000,
  521,     0.86861803398875,    0.00000000000001,    0.20000000000000,    0.00000000000000,    0.20000000000000,
  522,     0.87000000000000,    0.00000000000001,    0.20000000000000,    0.00000000000000,    0.20000000000000,
  523,     0.87138196601125,    0.00000000000000,    0.20000000000000,    0.00000000000000,    0.20000000000000,
  524,     0.87361803398875,    0.00000000000000,    0.20000000000000,    0.00000000000000,    0.20000000000000,
  525,     0.87500000000000,    0.00000000000001,    0.20000000000000,    0.00000000000000,    0.20000000000000,
  526,     0.87638196601125,    0.00000000000000,    0.20000000000000,    0.00000000000000,    0.20000000000000,
  527,     0.87861803398875,    0.00000000000000,    0.20000000000000,    0.00000000000000,    0.20000000000000,
  528,     0.88000000000000,    0.00000000000002,    0.20000000000000,    0.00000000000000,    0.20000000000000,
  529,     0.88138196601125,    -0.00000000000002,    0.20000000000000,    -0.00000000000000,    0.20000000000000,
  530,     0.88361803398875,    0.00000000000001,    0.20000000000000,    0.00000000000000,    0.20000000000000,
  531,     0.88500000000000,    0.00000000000002,    0.20000000000000,    0.00000000000000,    0.20000000000000,
  532,     0.88638196601125,    0.00000000000000,    0.20000000000000,    0.00000000000000,    0.20000000000000,
  533,     0.88861803398875,    0.00000000000000,    0.20000000000000,    0.00000000000000,    0.20000000000000,
  534,     0.89000000000000,    0.00000000000002,    0.20000000000000,    0.00000000000000,    0.20000000000000,
  535,     0.89138196601125,    0.00000000000001,    0.20000000000000,    0.00000000000000,    0.20000000000000,
  536,     0.89361803398875,    -0.00000000000001,    0.20000000000000,    -0.00000000000000,    0.20000000000000,
  537,     0.89500000000000,    -0.00000000000005,    0.20000000000000,    -0.00000000000001,    0.20000000000000,
  538,     0.89638196601125,    0.00000000000001,    0.20000000000000,    0.00000000000000,    0.20000000000000,
  539,     0.89861803398875,    0.00000000000000,    0.20000000000000,    0.00000000000000,    0.20000000000000,
  540,     0.90000000000000,    0.00000000000001,    0.20000000000000,    0.00000000000000,    0.20000000000000,
  541,     0.90138196601125,    0.00000000000001,    0.20000000000000,    0.00000000000000,    0.20000000000000,
  542,     0.90361803398875,    -0.00000000000001,    0.20000000000000,    -0.00000000000000,    0.20000000000000,
  543,     0.90500000000000,    -0.00000000000004,    0.20000000000000,    -0.00000000000001,    0.20000000000000,
  544,     0.90638196601125,    0.00000000000002,    0.20000000000000,    0.00000000000000,    0.20000000000000,
  545,     0.90861803398875,    -0.00000000000001,    0.20000000000000,    -0.00000000000000,    0.20000000000000,
  546,     0.91000000000000,    -0.00000000000002,    0.20000000000000,    -0.00000000000000,    0.20000000000000,
  547,     0.91138196601125,    -0.00000000000001,    0.20000000000000,    -0.00000000000000,    0.20000000000000,
  548,     0.91361803398875,    0.00000000000000,    0.20000000000000,    0.00000000000000,    0.20000000000000,
  549,     0.91500000000000,    0.00000000000001,    0.20000000000000,    0.00000000000000,    0.20000000000000,
  550,     0.91638196601125,    0.00000000000001,    0.20000000000000,    0.00000000000000,    0.20000000000000,
  551,     0.91861803398875,    0.00000000000000,    0.20000000000000,    0.00000000000000,    0.20000000000000,
  552,     0.92000000000000,    0.00000000000001,    0.20000000000000,    0.00000000000000,    0.20000000000000,
  553,     0.92138196601125,    0.00000000000001,    0.20000000000000,    0.00000000000000,    0.20000000000000,
  554,     0.92361803398875,    -0.00000000000001,    0.20000000000000,    -0.00000000000000,    0.20000000000000,
  555,     0.92500000000000,    -0.00000000000002,    0.20000000000000,    -0.00000000000000,    0.20000000000000,
  556,     0.92638196601125,    0.00000000000000,    0.20000000000000,    0.00000000000000,    0.20000000000000,
  557,     0.92861803398875,    0.00000000000000,    0.20000000000000,    0.00000000000000,    0.20000000000000,
  558,     0.93000000000000,    0.00000000000001,    0.20000000000000,    0.00000000000000,    0.20000000000000,
  559,     0.93138196601125,    0.00000000000000,    0.20000000000000,    0.00000000000000,    0.20000000000000,
  560,     0.93361803398875,    0.00000000000000,    0.20000000000000,    0.00000000000000,    0.20000000000000,
  561,     0.93500000000000,    0.00000000000002,    0.20000000000000,    0.00000000000000,    0.20000000000000,
  562,     0.93638196601125,    0.00000000000001,    0.20000000000000,    0.00000000000000,    0.20000000000000,
  563,     0.93861803398875,    -0.00000000000001,    0.20000000000000,    -0.00000000000000,    0.20000000000000,
  564,     0.94000000000000,    -0.00000000000000,    0.20000000000000,    -0.00000000000000,    0.20000000000000,
  565,     0.94138196601125,    -0.00000000000002,    0.20000000000000,    -0.00000000000000,    0.20000000000000,
  566,     0.94361803398875,    0.00000000000000,    0.20000000000000,    0.00000000000000,    0.20000000000000,
  567,     0.94500000000000,    0.00000000000005,    0.20000000000000,    0.00000000000001,    0.20000000000000,
  568,     0.94638196601125,    0.00000000000000,    0.20000000000000,    0.00000000000000,    0.20000000000000,
  569,     0.94861803398875,    0.00000000000000,    0.20000000000000,    0.00000000000000,    0.20000000000000,
  570,     0.95000000000000,    0.00000000000001,    0.20000000000000,    0.00000000000000,    0.20000000000000,
  571,     0.95138196601125,    0.00000000000000,    0.20000000000000,    0.00000000000000,    0.20000000000000,
  572,     0.95361803398875,    0.00000000000000,    0.20000000000000,    0.00000000000000,    0.20000000000000,
  573,     0.95500000000000,    0.00000000000001,    0.20000000000000,    0.00000000000000,    0.20000000000000,
  574,     0.95638196601125,    0.00000000000000,    0.20000000000000,    0.00000000000000,    0.20000000000000,
  575,     0.95861803398875,    0.00000000000000,    0.20000000000000,    0.00000000000000,    0.20000000000000,
  576,     0.96000000000000,    0.00000000000003,    0.20000000000000,    0.00000000000001,    0.20000000000000,
  577,     0.96138196601125,    -0.00000000000001,    0.20000000000000,    -0.00000000000000,    0.20000000000000,
  578,     0.96361803398875,    0.00000000000000,    0.20000000000000,    0.00000000000000,    0.20000000000000,
  579,     0.96500000000000,    0.00000000000002,    0.20000000000000,    0.00000000000000,    0.20000000000000,
  580,     0.96638196601125,    0.00000000000001,    0.20000000000000,    0.00000000000000,    0.20000000000000,
  581,     0.96861803398875,    -0.00000000000001,    0.20000000000000,    -0.00000000000000,    0.20000000000000,
  582,     0.97000000000000,    -0.00000000000002,    0.20000000000000,    -0.00000000000000,    0.20000000000000,
  583,     0.97138196601125,    0.00000000000000,    0.20000000000000,    0.00000000000000,    0.20000000000000,
  584,     0.97361803398875,    0.00000000000000,    0.20000000000000,    0.00000000000000,    0.20000000000000,
  585,     0.97500000000000,    0.00000000000001,    0.20000000000000,    0.00000000000000,    0.20000000000000,
  586,     0.97638196601125,    0.00000000000000,    0.20000000000000,    0.00000000000000,    0.20000000000000,
  587,     0.97861803398875,    0.00000000000000,    0.20000000000000,    0.00000000000000,    0.20000000000000,
  588,     0.98000000000000,    -0.00000000000002,    0.20000000000000,    -0.00000000000000,    0.20000000000000,
  589,     0.98138196601125,    0.00000000000002,    0.20000000000000,    0.00000000000000,    0.20000000000000,
  590,     0.98361803398875,    -0.00000000000001,    0.20000000000000,    -0.00000000000000,    0.20000000000000,
  591,     0.98500000000000,    -0.00000000000002,    0.20000000000000,    -0.00000000000000,    0.20000000000000,
  592,     0.98638196601125,    0.00000000000000,    0.20000000000000,    0.00000000000000,    0.20000000000000,
  593,     0.98861803398875,    0.00000000000000,    0.20000000000000,    0.00000000000000,    0.20000000000000,
  594,     0.99000000000000,    0.00000000000003,    0.20000000000000,    0.00000000000001,    0.20000000000000,
  595,     0.99138196601125,    -0.00000000000001,    0.20000000000000,    -0.00000000000000,    0.20000000000000,
  596,     0.99361803398875,    0.00000000000000,    0.20000000000000,    0.00000000000000,    0.20000000000000,
  597,     0.99500000000000,    -0.00000000000002,    0.20000000000000,    -0.00000000000000,    0.20000000000000,
  598,     0.99638196601125,    0.00000000000002,    0.20000000000000,    0.00000000000000,    0.20000000000000,
  599,     0.99861803398875,    -0.00000000000001,    0.20000000000000,    -0.00000000000000,    0.20000000000000,
  600,     1.00000000000000,    0.00000000000000,    0.20000000000000,    0.00000000000000,    0.20000000000000,
