 indi,                  x_v,                   v,                   H,                   q,                 eta
    0,     -0.00000000000000,    0.00000000000055,    1.00000000000165,    0.00000000000055,    1.00000000000165,
    1,     0.00086336582323,    0.00000000000115,    0.99999999999970,    0.00000000000115,    0.99999999999970,
    2,     0.00250000000000,    -0.00000000000088,    0.99999999999990,    -0.00000000000088,    0.99999999999990,
    3,     0.00413663417677,    0.00000000000082,    1.00000000000044,    0.00000000000082,    1.00000000000044,
    4,     0.00500000000000,    0.00000000000011,    0.99999999999879,    0.00000000000011,    0.99999999999879,
    5,     0.00586336582323,    -0.00000000000058,    1.00000000000004,    -0.00000000000058,    1.00000000000004,
    6,     0.00750000000000,    0.00000000000054,    1.00000000000010,    0.00000000000054,    1.00000000000010,
    7,     0.00913663417677,    -0.00000000000043,    0.99999999999968,    -0.00000000000043,    0.99999999999968,
    8,     0.01000000000000,    -0.00000000000031,    1.00000000000058,    -0.00000000000031,    1.00000000000058,
    9,     0.01086336582323,    0.00000000000042,    1.00000000000013,    0.00000000000042,    1.00000000000013,
   10,     0.01250000000000,    -0.00000000000093,    0.99999999999998,    -0.00000000000093,    0.99999999999998,
   11,     0.01413663417677,    0.00000000000128,    1.00000000000004,    0.00000000000128,    1.00000000000004,
   12,     0.01500000000000,    0.00000000000027,    0.99999999999989,    0.00000000000027,    0.99999999999989,
   13,     0.01586336582323,    -0.00000000000106,    0.99999999999992,    -0.00000000000106,    0.99999999999992,
   14,     0.01750000000000,    0.00000000000048,    1.00000000000011,    0.00000000000048,    1.00000000000011,
   15,     0.01913663417677,    -0.00000000000035,    1.00000000000006,    -0.00000000000035,    1.00000000000006,
   16,     0.02000000000000,    -0.00000000000052,    0.99999999999936,    -0.00000000000052,    0.99999999999936,
   17,     0.02086336582323,    0.00000000000035,    1.00000000000015,    0.00000000000035,    1.00000000000015,
   18,     0.02250000000000,    -0.00000000000048,    1.00000000000013,    -0.00000000000048,    1.00000000000013,
   19,     0.02413663417677,    -0.00000000000023,    0.99999999999990,    -0.00000000000023,    0.99999999999990,
   20,     0.02500000000000,    0.00000000000041,    1.00000000000075,    0.00000000000041,    1.00000000000075,
   21,     0.02586336582323,    -0.00000000000021,    0.99999999999993,    -0.00000000000021,    0.99999999999993,
   22,     0.02750000000000,    0.00000000000027,    0.99999999999981,    0.00000000000027,    0.99999999999981,
   23,     0.02913663417677,    0.00000000000048,    1.00000000000017,    0.00000000000048,    1.00000000000017,
   24,     0.03000000000000,    -0.00000000000023,    0.99999999999961,    -0.00000000000023,    0.99999999999961,
   25,     0.03086336582323,    -0.00000000000021,    0.99999999999994,    -0.00000000000021,    0.99999999999994,
   26,     0.03250000000000,    0.00000000000035,    1.00000000000002,    0.00000000000035,    1.00000000000002,
   27,     0.03413663417677,    -0.00000000000034,    0.99999999999994,    -0.00000000000034,    0.99999999999994,
   28,     0.03500000000000,    -0.00000000000057,    1.00000000000018,    -0.00000000000057,    1.00000000000018,
   29,     0.03586336582323,    0.00000000000096,    0.99999999999986,    0.00000000000096,    0.99999999999986,
   30,     0.03750000000000,    -0.00000000000071,    1.00000000000007,    -0.00000000000071,    1.00000000000007,
   31,     0.03913663417677,    0.00000000000076,    1.00000000000006,    0.00000000000076,    1.00000000000006,
   32,     0.04000000000000,    -0.00000000000037,    0.99999999999948,    -0.00000000000037,    0.99999999999948,
   33,     0.04086336582323,    -0.00000000000009,    1.00000000000010,    -0.00000000000009,    1.00000000000010,
   34,     0.04250000000000,    -0.00000000000050,    1.00000000000014,    -0.00000000000050,    1.00000000000014,
   35,     0.04413663417677,    -0.00000000000001,    0.99999999999999,    -0.00000000000001,    0.99999999999999,
   36,     0.04500000000000,    -0.00000000000012,    1.00000000000044,    -0.00000000000012,    1.00000000000044,
   37,     0.04586336582323,    -0.00000000000038,    0.99999999999992,    -0.00000000000038,    0.99999999999992,
   38,     0.04750000000000,    0.00000000000104,    0.99999999999973,    0.00000000000104,    0.99999999999973,
   39,     0.04913663417677,    -0.00000000000066,    1.00000000000007,    -0.00000000000066,    1.00000000000007,
   40,     0.05000000000000,    0.00000000000040,    1.00000000000027,    0.00000000000040,    1.00000000000027,
   41,     0.05086336582323,    -0.00000000000011,    1.00000000000010,    -0.00000000000011,    1.00000000000010,
   42,     0.05250000000000,    -0.00000000000022,    0.99999999999993,    -0.00000000000022,    0.99999999999993,
   43,     0.05413663417677,    0.00000000000012,    1.00000000000009,    0.00000000000012,    1.00000000000009,
   44,     0.05500000000000,    -0.00000000000029,    1.00000000000023,    -0.00000000000029,    1.00000000000023,
   45,     0.05586336582323,    -0.00000000000026,    0.99999999999992,    -0.00000000000026,    0.99999999999992,
   46,     0.05750000000000,    0.00000000000018,    1.00000000000002,    0.00000000000018,    1.00000000000002,
   47,     0.05913663417677,    -0.00000000000024,    1.00000000000003,    -0.00000000000024,    1.00000000000003,
   48,     0.06000000000000,    0.00000000000130,    0.99999999999968,    0.00000000000130,    0.99999999999968,
   49,     0.06086336582323,    0.00000000000005,    1.00000000000006,    0.00000000000005,    1.00000000000006,
   50,     0.06250000000000,    -0.00000000000063,    1.00000000000007,    -0.00000000000063,    1.00000000000007,
   51,     0.06413663417677,    0.00000000000075,    0.99999999999983,    0.00000000000075,    0.99999999999983,
   52,     0.06500000000000,    0.00000000000132,    0.99999999999992,    0.00000000000132,    0.99999999999992,
   53,     0.06586336582323,    -0.00000000000065,    0.99999999999996,    -0.00000000000065,    0.99999999999996,
   54,     0.06750000000000,    0.00000000000052,    0.99999999999999,    0.00000000000052,    0.99999999999999,
   55,     0.06913663417677,    -0.00000000000102,    0.99999999999999,    -0.00000000000102,    0.99999999999999,
   56,     0.07000000000000,    0.00000000000270,    0.99999999999994,    0.00000000000270,    0.99999999999994,
   57,     0.07086336582323,    -0.00000000000026,    1.00000000000003,    -0.00000000000026,    1.00000000000003,
   58,     0.07250000000000,    -0.00000000000031,    1.00000000000004,    -0.00000000000031,    1.00000000000004,
   59,     0.07413663417677,    -0.00000000000005,    1.00000000000018,    -0.00000000000005,    1.00000000000018,
   60,     0.07500000000000,    0.00000000000118,    1.00000000000012,    0.00000000000118,    1.00000000000012,
   61,     0.07586336582323,    -0.00000000000066,    0.99999999999976,    -0.00000000000066,    0.99999999999976,
   62,     0.07750000000000,    -0.00000000000000,    1.00000000000014,    -0.00000000000000,    1.00000000000014,
   63,     0.07913663417677,    0.00000000000084,    0.99999999999988,    0.00000000000084,    0.99999999999988,
   64,     0.08000000000000,    0.00000000000020,    0.99999999999937,    0.00000000000020,    0.99999999999937,
   65,     0.08086336582323,    -0.00000000000030,    1.00000000000020,    -0.00000000000030,    1.00000000000020,
   66,     0.08250000000000,    -0.00000000000077,    1.00000000000005,    -0.00000000000077,    1.00000000000005,
   67,     0.08413663417677,    0.00000000000051,    1.00000000000008,    0.00000000000051,    1.00000000000008,
   68,     0.08500000000000,    -0.00000000000035,    1.00000000000048,    -0.00000000000035,    1.00000000000048,
   69,     0.08586336582323,    0.00000000000004,    0.99999999999968,    0.00000000000004,    0.99999999999968,
   70,     0.08750000000000,    0.00000000000035,    0.99999999999996,    0.00000000000035,    0.99999999999996,
   71,     0.08913663417677,    -0.00000000000032,    1.00000000000019,    -0.00000000000032,    1.00000000000019,
   72,     0.09000000000000,    -0.00000000000044,    0.99999999999965,    -0.00000000000044,    0.99999999999965,
   73,     0.09086336582323,    0.00000000000057,    0.99999999999981,    0.00000000000057,    0.99999999999981,
   74,     0.09250000000000,    -0.00000000000046,    1.00000000000016,    -0.00000000000046,    1.00000000000016,
   75,     0.09413663417677,    -0.00000000000015,    1.00000000000010,    -0.00000000000015,    1.00000000000010,
   76,     0.09500000000000,    0.00000000000092,    0.99999999999970,    0.00000000000092,    0.99999999999970,
   77,     0.09586336582323,    0.00000000000016,    0.99999999999986,    0.00000000000016,    0.99999999999986,
   78,     0.09750000000000,    -0.00000000000047,    1.00000000000007,    -0.00000000000047,    1.00000000000007,
   79,     0.09913663417677,    0.00000000000021,    1.00000000000030,    0.00000000000021,    1.00000000000030,
   80,     0.10000000000000,    -0.00000000000117,    0.99999999999999,    -0.00000000000117,    0.99999999999999,
   81,     0.10086336582323,    0.00000000000039,    1.00000000000013,    0.00000000000039,    1.00000000000013,
   82,     0.10250000000000,    -0.00000000000028,    0.99999999999974,    -0.00000000000028,    0.99999999999974,
   83,     0.10413663417677,    0.00000000000102,    0.99999999999991,    0.00000000000102,    0.99999999999991,
   84,     0.10500000000000,    -0.00000000000199,    1.00000000000047,    -0.00000000000199,    1.00000000000047,
   85,     0.10586336582323,    0.00000000000036,    0.99999999999972,    0.00000000000036,    0.99999999999972,
   86,     0.10750000000000,    -0.00000000000013,    1.00000000000010,    -0.00000000000013,    1.00000000000010,
   87,     0.10913663417677,    0.00000000000019,    1.00000000000004,    0.00000000000019,    1.00000000000004,
   88,     0.11000000000000,    0.00000000000210,    0.99999999999998,    0.00000000000210,    0.99999999999998,
   89,     0.11086336582323,    -0.00000000000157,    1.00000000000022,    -0.00000000000157,    1.00000000000022,
   90,     0.11250000000000,    -0.00000000000018,    1.00000000000007,    -0.00000000000018,    1.00000000000007,
   91,     0.11413663417677,    -0.00000000000010,    0.99999999999986,    -0.00000000000010,    0.99999999999986,
   92,     0.11500000000000,    0.00000000000193,    1.00000000000036,    0.00000000000193,    1.00000000000036,
   93,     0.11586336582323,    0.00000000000004,    0.99999999999995,    0.00000000000004,    0.99999999999995,
   94,     0.11750000000000,    -0.00000000000010,    0.99999999999988,    -0.00000000000010,    0.99999999999988,
   95,     0.11913663417677,    0.00000000000061,    0.99999999999996,    0.00000000000061,    0.99999999999996,
   96,     0.12000000000000,    -0.00000000000131,    0.99999999999965,    -0.00000000000131,    0.99999999999965,
   97,     0.12086336582323,    0.00000000000049,    1.00000000000018,    0.00000000000049,    1.00000000000018,
   98,     0.12250000000000,    -0.00000000000103,    1.00000000000016,    -0.00000000000103,    1.00000000000016,
   99,     0.12413663417677,    0.00000000000058,    0.99999999999988,    0.00000000000058,    0.99999999999988,
  100,     0.12500000000000,    0.00000000000355,    0.99999999999999,    0.00000000000355,    0.99999999999999,
  101,     0.12586336582323,    -0.00000000000123,    0.99999999999992,    -0.00000000000123,    0.99999999999992,
  102,     0.12750000000000,    -0.00000000000015,    0.99999999999976,    -0.00000000000015,    0.99999999999976,
  103,     0.12913663417677,    0.00000000000016,    1.00000000000039,    0.00000000000016,    1.00000000000039,
  104,     0.13000000000000,    0.00000000000199,    1.00000000000006,    0.00000000000199,    1.00000000000006,
  105,     0.13086336582323,    -0.00000000000014,    0.99999999999978,    -0.00000000000014,    0.99999999999978,
  106,     0.13250000000000,    -0.00000000000010,    1.00000000000007,    -0.00000000000010,    1.00000000000007,
  107,     0.13413663417677,    0.00000000000033,    0.99999999999970,    0.00000000000033,    0.99999999999970,
  108,     0.13500000000000,    -0.00000000000001,    1.00000000000006,    -0.00000000000001,    1.00000000000006,
  109,     0.13586336582323,    -0.00000000000095,    1.00000000000058,    -0.00000000000095,    1.00000000000058,
  110,     0.13750000000000,    -0.00000000000181,    0.99999999999987,    -0.00000000000181,    0.99999999999987,
  111,     0.13913663417677,    0.00000000000683,    0.99999999999852,    0.00000000000683,    0.99999999999852,
  112,     0.14000000000000,    0.00000000000605,    0.99999999999659,    0.00000000000605,    0.99999999999659,
  113,     0.14086336582323,    -0.00000000001096,    1.00000000000509,    -0.00000000001096,    1.00000000000509,
  114,     0.14249999999999,    -0.00000000001648,    1.00000000000230,    -0.00000000001648,    1.00000000000230,
  115,     0.14413663417678,    0.00000000009686,    0.99999999997642,    0.00000000009686,    0.99999999997642,
  116,     0.14500000000003,    0.00000000007007,    0.99999999994127,    0.00000000007007,    0.99999999994127,
  117,     0.14586336582326,    -0.00000000014161,    1.00000000006971,    -0.00000000014161,    1.00000000006971,
  118,     0.14749999999987,    -0.00000000029451,    1.00000000005548,    -0.00000000029451,    1.00000000005548,
  119,     0.14913663417683,    0.00000000140240,    0.99999999965066,    0.00000000140240,    0.99999999965066,
  120,     0.15000000000052,    0.00000000133215,    0.99999999922309,    0.00000000133215,    0.99999999922309,
  121,     0.15086336582379,    -0.00000000152527,    1.00000000068424,    -0.00000000152527,    1.00000000068424,
  122,     0.15249999999830,    -0.00000000541639,    1.00000000135223,    -0.00000000541639,    1.00000000135223,
  123,     0.15413663417647,    0.00000001769389,    0.99999999548288,    0.00000001769389,    0.99999999548288,
  124,     0.15500000000647,    0.00000002427940,    0.99999999077552,    0.00000002427940,    0.99999999077552,
  125,     0.15586336583339,    -0.00000000587120,    1.00000000146750,    -0.00000000587120,    1.00000000146750,
  126,     0.15749999998155,    -0.00000009289197,    1.00000002836714,    -0.00000009289198,    1.00000002836714,
  127,     0.15913663414721,    0.00000016018076,    0.99999995787375,    0.00000016018076,    0.99999995787375,
  128,     0.16000000005401,    0.00000037619168,    0.99999990921306,    0.00000037619164,    0.99999990921306,
  129,     0.16086336597594,    0.00000022191482,    0.99999988089514,    0.00000022191479,    0.99999988089514,
  130,     0.16249999991729,    -0.00000122575865,    1.00000043318253,    -0.00000122575918,    1.00000043318253,
  131,     0.16413663347529,    0.00000016000978,    0.99999995214342,    0.00000016000978,    0.99999995214342,
  132,     0.16499999989734,    0.00000385023764,    0.99999943069785,    0.00000385023545,    0.99999943069785,
  133,     0.16586336722823,    0.00000607870482,    0.99999728279812,    0.00000607868830,    0.99999728279812,
  134,     0.16750000193065,    -0.00000795165268,    1.00000344026652,    -0.00000795168004,    1.00000344026652,
  135,     0.16913662588645,    -0.00002456085666,    1.00000672814449,    -0.00002456102191,    1.00000672814449,
  136,     0.16999998827589,    0.00000229738355,    1.00000340065245,    0.00000229739137,    1.00000340065245,
  137,     0.17086336177797,    0.00005412694090,    0.99997897828543,    0.00005412580306,    0.99997897828543,
  138,     0.17250003480824,    0.00006057840943,    0.99998654265438,    0.00006057759420,    0.99998654265438,
  139,     0.17413663279249,    -0.00025642878389,    1.00006997547006,    -0.00025644672761,    1.00006997547006,
  140,     0.17499990805336,    -0.00035584968287,    1.00011204557316,    -0.00035588955426,    1.00011204557316,
  141,     0.17586319831223,    -0.00008222043072,    1.00004529716345,    -0.00008222415507,    1.00004529716345,
  142,     0.17750031340694,    0.00243542379709,    0.99920460138271,    0.00243348666437,    0.99920460138271,
  143,     0.17913957789544,    0.00806682076947,    0.99744191842631,    0.00804618518390,    0.99744191842631,
  144,     0.18000569152770,    0.01194332452709,    0.99619274915007,    0.01189785329463,    0.99619274915007,
  145,     0.18087293534967,    0.01617204569618,    0.99484032524280,    0.01608860320023,    0.99484032524280,
  146,     0.18252028444550,    0.02469116735665,    0.99212955306515,    0.02449683683421,    0.99212955306515,
  147,     0.18417224051174,    0.03358505346214,    0.98930739744767,    0.03322594183377,    0.98930739744767,
  148,     0.18504560639668,    0.03838532497450,    0.98779019236402,    0.03791664754051,    0.98779019236402,
  149,     0.18592033184887,    0.04325404824133,    0.98623555535879,    0.04265868028881,    0.98623555535879,
  150,     0.18758231242329,    0.05264674788015,    0.98325826164298,    0.05176534980179,    0.98325826164298,
  151,     0.18924936233062,    0.06218568996067,    0.98024809077710,    0.06095740385761,    0.98024809077710,
  152,     0.19013084315682,    0.06725895809685,    0.97864998704771,    0.06582297847032,    0.97864998704771,
  153,     0.19101377497147,    0.07236426961349,    0.97702907365499,    0.07070199530619,    0.97702907365499,
  154,     0.19269153803309,    0.08214538069132,    0.97394091653262,    0.08000474735942,    0.97394091653262,
  155,     0.19437464700203,    0.09203997419600,    0.97083242475941,    0.08935539132349,    0.97083242475941,
  156,     0.19526470689703,    0.09729167469937,    0.96918465274205,    0.09429359795820,    0.96918465274205,
  157,     0.19615628996652,    0.10256991928421,    0.96751806316007,    0.09923824964434,    0.96751806316007,
  158,     0.19785064584522,    0.11267107075433,    0.96434679710599,    0.10865398620844,    0.96434679710599,
  159,     0.19955059874805,    0.12288162060234,    0.96115681671639,    0.11810850729110,    0.96115681671639,
  160,     0.20044964665492,    0.12829476224375,    0.95946549085917,    0.12309439703086,    0.95946549085917,
  161,     0.20135028858671,    0.13373099992788,    0.95775739095008,    0.12808185358007,    0.95775739095008,
  162,     0.20306200990212,    0.14412777155830,    0.95450916707130,    0.13757127918195,    0.95450916707130,
  163,     0.20477958062982,    0.15462862131457,    0.95124406396952,    0.14708955814527,    0.95124406396952,
  164,     0.20568802449356,    0.16019027493888,    0.94951364526413,    0.15210285189308,    0.94951364526413,
  165,     0.20659813194171,    0.16577321006191,    0.94776942881655,    0.15711478061346,    0.94776942881655,
  166,     0.20832798305203,    0.17644610722517,    0.94445622541182,    0.16664562441849,    0.94445622541182,
  167,     0.21006392573549,    0.18720999546616,    0.94112795916927,    0.17618856096916,    0.94112795916927,
  168,     0.21098215986302,    0.19290236933510,    0.93936388672920,    0.18120551941789,    0.93936388672920,
  169,     0.21190212498080,    0.19861286058335,    0.93758930986271,    0.18621729488420,    0.93758930986271,
  170,     0.21365084370284,    0.20952357135822,    0.93422096718457,    0.19574131348224,    0.93422096718457,
  171,     0.21540588944501,    0.22051266171590,    0.93083951189343,    0.20526189839795,    0.93083951189343,
  172,     0.21633429628911,    0.22631989664167,    0.92904757859047,    0.21026195196179,    0.92904757859047,
  173,     0.21726449836260,    0.23214517545636,    0.92724963671447,    0.21525652960692,    0.92724963671447,
  174,     0.21903279361675,    0.24327148578964,    0.92383836861595,    0.22474353256268,    0.92383836861595,
  175,     0.22080764115074,    0.25445907155945,    0.92041356222603,    0.23420758049477,    0.92041356222603,
  176,     0.22174658693506,    0.26036742924784,    0.91859765049855,    0.23917290877341,    0.91859765049855,
  177,     0.22268739109785,    0.26629379425242,    0.91678049147195,    0.24413295557067,    0.91678049147195,
  178,     0.22447595345526,    0.27760760136286,    0.91333187076236,    0.25354786989059,    0.91333187076236,
  179,     0.22627129334524,    0.28897073030115,    0.90986951799641,    0.26292565909418,    0.90986951799641,
  180,     0.22722114124789,    0.29497515917420,    0.90803382372786,    0.26784742168968,    0.90803382372786,
  181,     0.22817290905765,    0.30099994243090,    0.90620207863826,    0.27276677350087,    0.90620207863826,
  182,     0.22998242026168,    0.31249145504657,    0.90272236809236,    0.28209302630827,    0.90272236809236,
  183,     0.23179893443777,    0.32401639870719,    0.89922677087708,    0.29136421992069,    0.89922677087708,
  184,     0.23276004497873,    0.33011157303192,    0.89737346478701,    0.29623336605795,    0.89737346478701,
  185,     0.23372313820643,    0.33622858396791,    0.89552798036975,    0.30110210474336,    0.89552798036975,
  186,     0.23555429014575,    0.34788139043300,    0.89201786662706,    0.31031641573330,    0.89201786662706,
  187,     0.23739267769589,    0.35956377078446,    0.88849227262926,    0.31946963185943,    0.88849227262926,
  188,     0.23836541951387,    0.36575315702720,    0.88662542255078,    0.32428604739852,    0.88662542255078,
  189,     0.23934020682563,    0.37196485122877,    0.88476749204570,    0.32910240855083,    0.88476749204570,
  190,     0.24119370292029,    0.38377500831159,    0.88122846849030,    0.33819346281928,    0.88122846849030,
  191,     0.24305467538587,    0.39561326909949,    0.87767427450267,    0.34721958894053,    0.87767427450267,
  192,     0.24403942645417,    0.40189413813548,    0.87579552469171,    0.35197708757889,    0.87579552469171,
  193,     0.24502628934666,    0.40819530217695,    0.87392235913776,    0.35673100146743,    0.87392235913776,
  194,     0.24690286547584,    0.42015739534738,    0.87035372152610,    0.36568555266730,    0.87035372152610,
  195,     0.24878716660189,    0.43216520033958,    0.86677436352155,    0.37458971646050,    0.86677436352155,
  196,     0.24978432001043,    0.43854034759891,    0.86488654336951,    0.37928764536289,    0.86488654336951,
  197,     0.25078365403443,    0.44493013242036,    0.86299632123023,    0.38397306748325,    0.86299632123023,
  198,     0.25268407111677,    0.45704735152485,    0.85939823694838,    0.39278568810239,    0.85939823694838,
  199,     0.25459247240702,    0.46923003747795,    0.85579348798486,    0.40156401044053,    0.85579348798486,
  200,     0.25560244147434,    0.47569218533241,    0.85389480481172,    0.40619108574488,    0.85389480481172,
  201,     0.25661466564057,    0.48216434349138,    0.85198492584682,    0.41079675243548,    0.85198492584682,
  202,     0.25853972902095,    0.49445083409728,    0.84835981970670,    0.41947222046859,    0.84835981970670,
  203,     0.26047304040989,    0.50682324807014,    0.84473189049387,    0.42812976048854,    0.84473189049387,
  204,     0.26149625846493,    0.51336985300533,    0.84281923320021,    0.43267798585806,    0.84281923320021,
  205,     0.26252181065500,    0.51992329067208,    0.84089102473911,    0.43719882867898,    0.84089102473911,
  206,     0.26447235835147,    0.53239100500242,    0.83723973077978,    0.44573890169780,    0.83723973077978,
  207,     0.26643143334107,    0.54494421091991,    0.83358483084474,    0.45425722787950,    0.83358483084474,
  208,     0.26746836210461,    0.55157336507444,    0.83165276251321,    0.45871751279287,    0.83165276251321,
  209,     0.26850770815034,    0.55821522591073,    0.82971141563455,    0.46315754531915,    0.82971141563455,
  210,     0.27048462355236,    0.57088343653498,    0.82603692983412,    0.47157080120851,    0.82603692983412,
  211,     0.27247035915116,    0.58361080821189,    0.82235315466025,    0.47993418922686,    0.82235315466025,
  212,     0.27352148019323,    0.59033061976588,    0.82039946560971,    0.48430692498898,    0.82039946560971,
  213,     0.27457510459446,    0.59707123406780,    0.81844955023943,    0.48867268298369,    0.81844955023943,
  214,     0.27657931499716,    0.60993020389365,    0.81474785462350,    0.49693932509242,    0.81474785462350,
  215,     0.27859266680359,    0.62282285727641,    0.81103232178795,    0.50512946799949,    0.81103232178795,
  216,     0.27965848762354,    0.62965061415908,    0.80906268236634,    0.50942681484516,    0.80906268236634,
  217,     0.28072689854756,    0.63650458009079,    0.80710480119401,    0.51372590257325,    0.80710480119401,
  218,     0.28275937984841,    0.64954314639887,    0.80337346331015,    0.52182572709184,    0.80337346331015,
  219,     0.28480134456719,    0.66261285482240,    0.79962771610762,    0.52984360376519,    0.79962771610762,
  220,     0.28588239130425,    0.66955218233783,    0.79764957235276,    0.53406801190963,    0.79764957235276,
  221,     0.28696612081263,    0.67651200899698,    0.79567413379728,    0.53828310676213,    0.79567413379728,
  222,     0.28902791104293,    0.68971728950445,    0.79191131328152,    0.54619492452444,    0.79191131328152,
  223,     0.29109953540101,    0.70299724426825,    0.78814171650436,    0.55406145479541,    0.78814171650436,
  224,     0.29219636162501,    0.71004039666492,    0.78615767913507,    0.55820371033424,    0.78615767913507,
  225,     0.29329597009675,    0.71709287872404,    0.78415875806258,    0.56231466119576,    0.78415875806258,
  226,     0.29538815044607,    0.73048344385571,    0.78036876144054,    0.57004646033450,    0.78036876144054,
  227,     0.29749052070895,    0.74397438594794,    0.77657567923535,    0.57775241410123,    0.77657567923535,
  228,     0.29860371638244,    0.75110232425280,    0.77457426553896,    0.58178453115272,    0.77457426553896,
  229,     0.29971980202110,    0.75824212987399,    0.77255888379952,    0.58578669350522,    0.77255888379952,
  230,     0.30184350396960,    0.77185466014929,    0.76874823178862,    0.59336190518757,    0.76874823178862,
  231,     0.30397776425602,    0.78553384629341,    0.76492938752382,    0.60087792392445,    0.76492938752382,
  232,     0.30510794803259,    0.79275667849456,    0.76290319734849,    0.60479660474287,    0.76290319734849,
  233,     0.30624113156543,    0.80000273530020,    0.76088447966376,    0.60870966497847,    0.76088447966376,
  234,     0.30839753230430,    0.81382281336522,    0.75704827102872,    0.61610315378187,    0.75704827102872,
  235,     0.31056490579502,    0.82767017815806,    0.75319908260572,    0.62340041888876,    0.75319908260572,
  236,     0.31171272311217,    0.83501632334599,    0.75116123223275,    0.62723189037904,    0.75116123223275,
  237,     0.31286365001929,    0.84238764271212,    0.74913483332170,    0.63106192631540,    0.74913483332170,
  238,     0.31505399938482,    0.85638247935796,    0.74526926562242,    0.63823554148302,    0.74526926562242,
  239,     0.31725575989603,    0.87043715137405,    0.74139465702878,    0.64533745330807,    0.74139465702878,
  240,     0.31842187990567,    0.87789535858229,    0.73935627869345,    0.64907744540365,    0.73935627869345,
  241,     0.31959123109667,    0.88536602550945,    0.73730337693909,    0.65278336043525,    0.73730337693909,
  242,     0.32181686420589,    0.89954786198411,    0.73341321669756,    0.65974029103118,    0.73341321669756,
  243,     0.32405433740604,    0.91384064328704,    0.72952023978889,    0.66666524521960,    0.72952023978889,
  244,     0.32523947858287,    0.92138581541639,    0.72746530644056,    0.67027621456188,    0.72746530644056,
  245,     0.32642798239515,    0.92894446628839,    0.72539770610180,    0.67385418494156,    0.72539770610180,
  246,     0.32869027485503,    0.94336282875400,    0.72148779681556,    0.68062476891542,    0.72148779681556,
  247,     0.33096486752219,    0.95783364476331,    0.71756876459926,    0.68731150516442,    0.71756876459926,
  248,     0.33216979563581,    0.96548953769335,    0.71548816287120,    0.69079633559558,    0.71548816287120,
  249,     0.33337821806262,    0.97317316421058,    0.71342472516477,    0.69428579721466,    0.71342472516477,
  250,     0.33567861502011,    0.98780055304670,    0.70948975722137,    0.70083437456424,    0.70948975722137,
  251,     0.33799183022095,    1.00245966517013,    0.70554377981286,    0.70727918127406,    0.70554377981286,
  252,     0.33921732521103,    1.01024577403630,    0.70346466479437,    0.71067220479238,    0.70346466479437,
  253,     0.34044645383863,    1.01804862828946,    0.70137871259489,    0.71403763626866,    0.70137871259489,
  254,     0.34278651696139,    1.03284548070177,    0.69741879866268,    0.72032585435521,    0.69741879866268,
  255,     0.34513991163215,    1.04776056363481,    0.69345619040547,    0.72657604891528,    0.69345619040547,
  256,     0.34638680924783,    1.05563503554948,    0.69136820423535,    0.72983249885576,    0.69136820423535,
  257,     0.34763749311132,    1.06352330217320,    0.68926374448247,    0.73304805360026,    0.68926374448247,
  258,     0.35001883788925,    1.07856693076214,    0.68528754887084,    0.73912848827514,    0.68528754887084,
  259,     0.35241404467578,    1.09365828722445,    0.68130344047359,    0.74511315378847,    0.68130344047359,
  260,     0.35368324093284,    1.10164843177662,    0.67918758751962,    0.74822594067313,    0.67918758751962,
  261,     0.35495637705754,    1.10966483061455,    0.67709312171445,    0.75134642421755,    0.67709312171445,
  262,     0.35738068342145,    1.12491046416065,    0.67309423665580,    0.75717075018034,    0.67309423665580,
  263,     0.35981945987146,    1.14020367034753,    0.66908805954784,    0.76289666128216,    0.66908805954784,
  264,     0.36111185664636,    1.14831645336636,    0.66698379406060,    0.76590846484851,    0.66698379406060,
  265,     0.36240835803659,    1.15644319050882,    0.66485842170675,    0.76887099443522,    0.66485842170675,
  266,     0.36487745038107,    1.17186815073186,    0.66084427705773,    0.77442236087737,    0.66084427705773,
  267,     0.36736158371003,    1.18740718455373,    0.65682731405745,    0.77992147172294,    0.65682731405745,
  268,     0.36867816566283,    1.19560009147541,    0.65469877795294,    0.78275791880937,    0.65469877795294,
  269,     0.36999902485981,    1.20381269040527,    0.65258008729554,    0.78558419059215,    0.65258008729554,
  270,     0.37251473921486,    1.21948321152031,    0.64855099168657,    0.79089704617662,    0.64855099168657,
  271,     0.37504614448963,    1.23515715829843,    0.64451730502662,    0.79608016295084,    0.64451730502662,
  272,     0.37638791251993,    1.24348680794706,    0.64239181793805,    0.79880575113910,    0.64239181793805,
  273,     0.37773413260455,    1.25183201687646,    0.64026157993527,    0.80149994493888,    0.64026157993527,
  274,     0.38029842168594,    1.26762865487258,    0.63622442247323,    0.80649630885682,    0.63622442247323,
  275,     0.38287903674214,    1.28354544133951,    0.63218566242190,    0.81143902508183,    0.63218566242190,
  276,     0.38424702857011,    1.29192391911193,    0.63005361418049,    0.81398133448270,    0.63005361418049,
  277,     0.38561965484259,    1.30031850343127,    0.62792391177962,    0.81650108123399,    0.62792391177962,
  278,     0.38823449346481,    1.31634329360915,    0.62388566153912,    0.82124770654593,    0.62388566153912,
  279,     0.39086630668730,    1.33233517861040,    0.61985107112736,    0.82584938756231,    0.61985107112736,
  280,     0.39226156017396,    1.34082752823485,    0.61772681311287,    0.82826511595052,    0.61772681311287,
  281,     0.39366162758475,    1.34932717469463,    0.61559577527817,    0.83064010821004,    0.61559577527817,
  282,     0.39632897703140,    1.36538016553405,    0.61157254815013,    0.83502902702930,    0.61157254815013,
  283,     0.39901391481979,    1.38154347504955,    0.60755319198104,    0.83936114812693,    0.60755319198104,
  284,     0.40043746011986,    1.39004230759291,    0.60542549500293,    0.84156705214945,    0.60542549500293,
  285,     0.40186598608647,    1.39854424443433,    0.60332425341846,    0.84377566214602,    0.60332425341846,
  286,     0.40458773483062,    1.41476337638435,    0.59931094593954,    0.84788317738153,    0.59931094593954,
  287,     0.40732777532692,    1.43096629454018,    0.59530583734037,    0.85186258817709,    0.59530583734037,
  288,     0.40878062008973,    1.43953397309570,    0.59321721492356,    0.85395633430767,    0.59321721492356,
  289,     0.41023864309249,    1.44813233919815,    0.59108497060636,    0.85596926114906,    0.59108497060636,
  290,     0.41301690618617,    1.46442788859277,    0.58709939615331,    0.85976472910288,    0.58709939615331,
  291,     0.41581400807905,    1.48061469778366,    0.58314022297256,    0.86340598500200,    0.58314022297256,
  292,     0.41729722046389,    1.48920013042811,    0.58105180002877,    0.86530241638834,    0.58105180002877,
  293,     0.41878574642321,    1.49771624896887,    0.57898062723958,    0.86714869325491,    0.57898062723958,
  294,     0.42162187527182,    1.51341235248951,    0.57517612949224,    0.87047865923067,    0.57517612949224,
  295,     0.42447666552629,    1.52899554752348,    0.57140722665716,    0.87367910538153,    0.57140722665716,
  296,     0.42599029550960,    1.53734711295859,    0.56937896157630,    0.87533310275868,    0.56937896157630,
  297,     0.42750930085290,    1.54577201534014,    0.56736725995965,    0.87702043286583,    0.56736725995965,
  298,     0.43040374974015,    1.56186190991502,    0.56350518386868,    0.88011728272414,    0.56350518386868,
  299,     0.43331827470603,    1.57827742138527,    0.55957442618814,    0.88316368243735,    0.55957442618814,
  300,     0.43486407923946,    1.58701052210735,    0.55749987808293,    0.88475817259117,    0.55749987808293,
  301,     0.43641559254129,    1.59545052928885,    0.55545574952241,    0.88620216957206,    0.55545574952241,
  302,     0.43937046410787,    1.60795599294652,    0.55255443554777,    0.88848321606821,    0.55255443554777,
  303,     0.44233631868810,    1.61209984121610,    0.55143549966742,    0.88896908145477,    0.55143549966742,
  304,     0.44390172532292,    1.61212419716032,    0.55153079066160,    0.88913613310453,    0.55153079066160,
  305,     0.44546734512041,    1.61323387617310,    0.55136506666619,    0.88948080368434,    0.55136506666619,
  306,     0.44844173724239,    1.62397850538587,    0.54863471701876,    0.89097098774692,    0.54863471701876,
  307,     0.45143700352191,    1.64375658562996,    0.54406117071673,    0.89430413235116,    0.54406117071673,
  308,     0.45302748649044,    1.65449498894655,    0.54162917103469,    0.89612274934418,    0.54162917103469,
  309,     0.45462509573537,    1.66431839734383,    0.53924735687012,    0.89747929675798,    0.53924735687012,
  310,     0.45767122511523,    1.67994146331128,    0.53550118492692,    0.89961064421105,    0.53550118492692,
  311,     0.46073541725818,    1.69106073002652,    0.53295507534820,    0.90125939878966,    0.53295507534820,
  312,     0.46235665622237,    1.69510716186554,    0.53212171560990,    0.90200333111453,    0.53212171560990,
  313,     0.46398049842204,    1.69858143880674,    0.53126888013409,    0.90240345881141,    0.53126888013409,
  314,     0.46706668007904,    1.70656708325035,    0.52924898748717,    0.90319890088917,    0.52924898748717,
  315,     0.47016632330514,    1.71834862816390,    0.52669341082792,    0.90504289995912,    0.52669341082792,
  316,     0.47180786287204,    1.72499449013165,    0.52520588217147,    0.90597725293052,    0.52520588217147,
  317,     0.47345421408392,    1.73142937932492,    0.52361419024673,    0.90660099242463,    0.52361419024673,
  318,     0.47658873148704,    1.74373329094071,    0.52065883337697,    0.90789014098177,    0.52065883337697,
  319,     0.47974126096090,    1.75777175810972,    0.51760484534910,    0.90983117901540,    0.51760484534910,
  320,     0.48141203965986,    1.76533718703830,    0.51592459400836,    0.91078087151059,    0.51592459400836,
  321,     0.48308845895284,    1.77244642277031,    0.51410609573073,    0.91122551030235,    0.51410609573073,
  322,     0.48628006172143,    1.78289258688206,    0.51173414750193,    0.91236701803560,    0.51173414750193,
  323,     0.48948188886542,    1.78733514976969,    0.51080850530378,    0.91298599633076,    0.51080850530378,
  324,     0.49117209937013,    1.78781977296121,    0.51077725044866,    0.91317766793088,    0.51077725044866,
  325,     0.49286290112068,    1.78851687205996,    0.51048342004867,    0.91300820966392,    0.51048342004867,
  326,     0.49607244220779,    1.79352025454126,    0.50925376040165,    0.91335693398167,    0.50925376040165,
  327,     0.49929087423791,    1.80059986054843,    0.50784583844101,    0.91442714587699,    0.50784583844101,
  328,     0.50099177072594,    1.80256316084652,    0.50740549777677,    0.91463045790340,    0.50740549777677,
  329,     0.50269387503931,    1.80297376862908,    0.50712451305717,    0.91433219447087,    0.50712451305717,
  330,     0.50592082975915,    1.80217072182063,    0.50731809114069,    0.91427381050369,    0.50731809114069,
  331,     0.50914615607416,    1.80272765557081,    0.50742784339898,    0.91475420650199,    0.50742784339898,
  332,     0.51084815482791,    1.80340084096238,    0.50712409697255,    0.91454802295258,    0.50712409697255,
  333,     0.51255109427443,    1.80398973709791,    0.50681923377760,    0.91429669629861,    0.50681923377760,
  334,     0.51578060304908,    1.80455795764540,    0.50683742266798,    0.91461750430800,    0.50683742266798,
  335,     0.51900913924249,    1.80469630127451,    0.50693882538162,    0.91487062313866,    0.50693882538162,
  336,     0.52071262226330,    1.80480818331470,    0.50671697220271,    0.91452693805589,    0.50671697220271,
  337,     0.52241674788517,    1.80521300660008,    0.50652172553782,    0.91437960706639,    0.50652172553782,
  338,     0.52564815313743,    1.80642888058130,    0.50649831830491,    0.91495319015186,    0.50649831830491,
  339,     0.52887919789688,    1.80630978959486,    0.50651971885340,    0.91493152678774,    0.50651971885340,
  340,     0.53058398416377,    1.80629993338144,    0.50637812728219,    0.91467077757563,    0.50637812728219,
  341,     0.53228944914754,    1.80697597137505,    0.50608433172875,    0.91448222692325,    0.50608433172875,
  342,     0.53552374220321,    1.80867909868440,    0.50606211399877,    0.91530396822561,    0.50606211399877,
  343,     0.53875721883286,    1.80706320287684,    0.50620243482877,    0.91473979318573,    0.50620243482877,
  344,     0.54046296093261,    1.80733829572531,    0.50616149935024,    0.91480506159743,    0.50616149935024,
  345,     0.54216935769073,    1.80856549051679,    0.50576693774575,    0.91471262985132,    0.50576693774575,
  346,     0.54540498597077,    1.80930653459590,    0.50600885640857,    0.91552513046343,    0.50600885640857,
  347,     0.54863846686038,    1.80717751134444,    0.50610461192997,    0.91462087306754,    0.50610461192997,
  348,     0.55034532407582,    1.80853225710828,    0.50554685552818,    0.91429779570237,    0.50554685552818,
  349,     0.55205303745201,    1.81020215253647,    0.50554048464370,    0.91513047349636,    0.50554048464370,
  350,     0.55528908598174,    1.80907723319379,    0.50601159615140,    0.91541405832955,    0.50601159615140,
  351,     0.55852319259824,    1.80882572229008,    0.50582886094411,    0.91495625475240,    0.50582886094411,
  352,     0.56023149307931,    1.80960858827445,    0.50485210046129,    0.91358469680314,    0.50485210046129,
  353,     0.56193995850258,    1.80987786852712,    0.50571492770340,    0.91528225543417,    0.50571492770340,
  354,     0.56517446790645,    1.80890645196652,    0.50604999238763,    0.91539709624760,    0.50604999238763,
  355,     0.56841003342775,    1.81013683432502,    0.50553795462549,    0.91509287281693,    0.50553795462549,
  356,     0.57011837999093,    1.80952006071597,    0.50516699863586,    0.91410981804327,    0.50516699863586,
  357,     0.57182629057925,    1.80862825002990,    0.50582990194369,    0.91485825036522,    0.50582990194369,
  358,     0.57506057239741,    1.80921187621710,    0.50603312910459,    0.91552114693532,    0.50603312910459,
  359,     0.57829594029361,    1.80880490304747,    0.50569023045340,    0.91469496826731,    0.50569023045340,
  360,     0.58000330714907,    1.80870568937363,    0.50565575287249,    0.91458243708497,    0.50565575287249,
  361,     0.58171041084428,    1.80879044306641,    0.50588477405772,    0.91503954460842,    0.50588477405772,
  362,     0.58494423648532,    1.80789682775854,    0.50624890254924,    0.91524578497500,    0.50624890254924,
  363,     0.58817752290619,    1.80819849964073,    0.50596326108148,    0.91488200956086,    0.50596326108148,
  364,     0.58988480619168,    1.80799375145373,    0.50539325823318,    0.91374785291244,    0.50539325823318,
  365,     0.59159132217506,    1.80745207070521,    0.50630036426111,    0.91511364178255,    0.50630036426111,
  366,     0.59482264751387,    1.80644136727220,    0.50645113858873,    0.91487428724878,    0.50645113858873,
  367,     0.59805546972758,    1.80767144883653,    0.50613173085638,    0.91491987921930,    0.50613173085638,
  368,     0.59976099601847,    1.80753428396563,    0.50622100528535,    0.91501182231681,    0.50622100528535,
  369,     0.60146564994958,    1.80446305240603,    0.50675736026737,    0.91442493313727,    0.50675736026737,
  370,     0.60469516381992,    1.80578285827642,    0.50661258844829,    0.91483232800697,    0.50661258844829,
  371,     0.60792634430234,    1.80562514953668,    0.50665279031945,    0.91482502028374,    0.50665279031945,
  372,     0.60962907440608,    1.80359964744453,    0.50698494780011,    0.91439787311196,    0.50698494780011,
  373,     0.61133332438608,    1.80423608260673,    0.50679119677651,    0.91437096357162,    0.50679119677651,
  374,     0.61456144141296,    1.80361481791135,    0.50708740665371,    0.91459036061686,    0.50708740665371,
  375,     0.61778970926785,    1.80575197412661,    0.50674847564864,    0.91506206028818,    0.50674847564864,
  376,     0.61949411453220,    1.79955012049664,    0.50711207287647,    0.91257359185014,    0.50711207287647,
  377,     0.62119495809782,    1.80304646102943,    0.50737978999897,    0.91482933475550,    0.50737978999897,
  378,     0.62442181808731,    1.80330969649709,    0.50711374477445,    0.91448313317871,    0.50711374477445,
  379,     0.62764908938243,    1.80172275355636,    0.50711676156687,    0.91368380802484,    0.50711676156687,
  380,     0.62935180328966,    1.81005862673867,    0.50739937791715,    0.91842262120078,    0.50739937791715,
  381,     0.63105203865789,    1.79956575733426,    0.50768182959431,    0.91360683615872,    0.50768182959431,
  382,     0.63427782548979,    1.80213984131643,    0.50709866862586,    0.91386271420917,    0.50709866862586,
  383,     0.63750387405693,    1.80330197554712,    0.50795574005968,    0.91599758954012,    0.50795574005968,
  384,     0.63920095411891,    1.79642463517919,    0.50782818991748,    0.91227507080623,    0.50782818991748,
  385,     0.64090553015794,    1.80169288958383,    0.50701751524532,    0.91348985211196,    0.50701751524532,
  386,     0.64412931591502,    1.80092750538335,    0.50804941756036,    0.91496017017844,    0.50804941756036,
  387,     0.64735304032666,    1.80302710779369,    0.50685733844128,    0.91387752099379,    0.50685733844128,
  388,     0.64905932339329,    1.79713091005706,    0.50802159870912,    0.91298131801676,    0.50802159870912,
  389,     0.65075394015446,    1.80056983510388,    0.50823382753551,    0.91511049903982,    0.50823382753551,
  390,     0.65397974854509,    1.80176017935082,    0.50718324624657,    0.91382257672096,    0.50718324624657,
  391,     0.65720323448657,    1.79816357994765,    0.50826282820720,    0.91393970672338,    0.50826282820720,
  392,     0.65890165311012,    1.81300196343708,    0.50747269452629,    0.92004899156687,    0.50747269452629,
  393,     0.66060404939340,    1.79706679699861,    0.50751089658797,    0.91203098137324,    0.50751089658797,
  394,     0.66382714310361,    1.80108057295521,    0.50787169654990,    0.91471784620983,    0.50787169654990,
  395,     0.66705000591337,    1.80131059314061,    0.50781260021228,    0.91472821609265,    0.50781260021228,
  396,     0.66874982965782,    1.79591401939842,    0.50794712431899,    0.91222936167759,    0.50794712431899,
  397,     0.67045033679687,    1.80034580754168,    0.50766384922313,    0.91397048258933,    0.50766384922313,
  398,     0.67367351331361,    1.80061681042779,    0.50792552478209,    0.91457923836799,    0.50792552478209,
  399,     0.67689543889158,    1.80044751376588,    0.50784888166598,    0.91435525636429,    0.50784888166598,
  400,     0.67859634472988,    1.79951480483732,    0.50747948412339,    0.91321684483124,    0.50747948412339,
  401,     0.67971856942843,    1.79940060027885,    0.50774910723694,    0.91364404835320,    0.50774910723694,
  402,     0.68027863472812,    1.80004438633467,    0.50779259918233,    0.91404921758044,    0.50779259918233,
  403,     0.68082361299612,    1.80111512952427,    0.50776211337288,    0.91453802459512,    0.50776211337288,
  404,     0.68122230319165,    1.80103995228739,    0.50771130949597,    0.91440835263039,    0.50771130949597,
  405,     0.68156233412278,    1.80099226115843,    0.50788500492136,    0.91469696342178,    0.50788500492136,
  406,     0.68220678843185,    1.80080128218878,    0.50789386068460,    0.91461591553664,    0.50789386068460,
  407,     0.68285134711574,    1.80021803308293,    0.50777187787788,    0.91410009124814,    0.50777187787788,
  408,     0.68319141581147,    1.79956444628262,    0.50772130853361,    0.91367721545718,    0.50772130853361,
  409,     0.68353153054473,    1.79978842955225,    0.50770912306449,    0.91376900526959,    0.50770912306449,
  410,     0.68417615531403,    1.79994240993555,    0.50785711635670,    0.91411356191800,    0.50785711635670,
  411,     0.68482060841321,    1.80075216455502,    0.50794144942287,    0.91467666451544,    0.50794144942287,
  412,     0.68516056964250,    1.80059762548367,    0.50790806984690,    0.91453806453032,    0.50790806984690,
  413,     0.68550050842819,    1.80093518182368,    0.50798181160530,    0.91484231624652,    0.50798181160530,
  414,     0.68614477692399,    1.80080837458873,    0.50814069938695,    0.91506402692539,    0.50814069938695,
  415,     0.68678887479681,    1.80055463603562,    0.50821717147672,    0.91507278421531,    0.50821717147672,
  416,     0.68712865273093,    1.80087532547632,    0.50808379256551,    0.91499556530565,    0.50808379256551,
  417,     0.68746860030646,    1.80015928924113,    0.50785451580303,    0.91421902420588,    0.50785451580303,
  418,     0.68811338513312,    1.79942839104393,    0.50745241498849,    0.91312428263409,    0.50745241498849,
  419,     0.68875858830017,    1.79891746966501,    0.50726549067785,    0.91252875293857,    0.50726549067785,
  420,     0.68909895643862,    1.79846297785302,    0.50735282890725,    0.91245527949869,    0.50735282890725,
  421,     0.68943929227697,    1.79889273322855,    0.50742842698062,    0.91280930992902,    0.50742842698062,
  422,     0.69008413846194,    1.79909529183667,    0.50778228831694,    0.91354872418905,    0.50778228831694,
  423,     0.69072862922520,    1.79988362978199,    0.50790947317420,    0.91417794617744,    0.50790947317420,
  424,     0.69106864665298,    1.79935577737953,    0.50800651232037,    0.91408445289009,    0.50800651232037,
  425,     0.69140841744022,    1.79998372505769,    0.50815324816224,    0.91466757652724,    0.50815324816224,
  426,     0.69205253828922,    1.80036151813919,    0.50824296228479,    0.91502107116260,    0.50824296228479,
  427,     0.69269649481072,    1.80076608531761,    0.50832072344040,    0.91536671923559,    0.50832072344040,
  428,     0.69303622761155,    1.80266548145112,    0.50805386708631,    0.91585116891426,    0.50805386708631,
  429,     0.69337621228227,    1.80117251035598,    0.50783536902963,    0.91469910648266,    0.50783536902963,
  430,     0.69402085258620,    1.80084876791529,    0.50772068131548,    0.91432816339209,    0.50772068131548,
  431,     0.69466553168990,    1.80044944216128,    0.50778998894862,    0.91425020233762,    0.50778998894862,
  432,     0.69500553700286,    1.80042454118584,    0.50780204379657,    0.91425926171568,    0.50780204379657,
  433,     0.69534560194214,    1.80047463660589,    0.50784904905644,    0.91436933205055,    0.50784904905644,
  434,     0.69599000756660,    1.80034878685166,    0.50801695065948,    0.91460770081987,    0.50801695065948,
  435,     0.69663434216457,    1.79952566995685,    0.50796038607134,    0.91408775405656,    0.50796038607134,
  436,     0.69697431361720,    1.79949470664842,    0.50783568654248,    0.91384762978036,    0.50783568654248,
  437,     0.69731437209101,    1.79898174047840,    0.50774644233115,    0.91342657854660,    0.50774644233115,
  438,     0.69795897185714,    1.79852994919862,    0.50788476997464,    0.91344596954125,    0.50788476997464,
  439,     0.69860338405001,    1.79878779899726,    0.50794934898159,    0.91369309145669,    0.50794934898159,
  440,     0.69894337543887,    1.79715925059415,    0.50779917343690,    0.91259598198618,    0.50779917343690,
  441,     0.69928349381184,    1.79969843128796,    0.50756630771027,    0.91346628776079,    0.50756630771027,
  442,     0.69992850580073,    1.80057404182381,    0.50745395422885,    0.91370841740532,    0.50745395422885,
  443,     0.70057343631875,    1.80080906588546,    0.50765432954462,    0.91418851897996,    0.50765432954462,
  444,     0.70091352552033,    1.79997617977445,    0.50783802070936,    0.91409634046066,    0.50783802070936,
  445,     0.70125349715220,    1.80041438285170,    0.50794504019034,    0.91451155605688,    0.50794504019034,
  446,     0.70189778675838,    1.80066857851307,    0.50814131660850,    0.91499410226120,    0.50814131660850,
  447,     0.70254187179990,    1.80045192462421,    0.50823191886887,    0.91504713648291,    0.50823191886887,
  448,     0.70288164129216,    1.79949620194103,    0.50825376810180,    0.91460072532141,    0.50825376810180,
  449,     0.70322136879442,    1.79957698325029,    0.50821890343756,    0.91457904107893,    0.50821890343756,
  450,     0.70386544691942,    1.79957686673486,    0.50823203205488,    0.91460260781962,    0.50823203205488,
  451,     0.70450947487939,    1.80022256967927,    0.50823070618713,    0.91492838788211,    0.50823070618713,
  452,     0.70484926830240,    1.80063640923352,    0.50799644179668,    0.91471688886019,    0.50799644179668,
  453,     0.70518931078147,    1.80050829642679,    0.50770695805424,    0.91413059013026,    0.50770695805424,
  454,     0.70583415761128,    1.80093420354900,    0.50753965676222,    0.91404552752060,    0.50753965676222,
  455,     0.70647909650956,    1.80031356765442,    0.50754104158182,    0.91373302330120,    0.50754104158182,
  456,     0.70681930313964,    1.79892205438359,    0.50770098639885,    0.91331450146520,    0.50770098639885,
  457,     0.70715942450919,    1.79876444334680,    0.50757506783980,    0.91300798435957,    0.50757506783980,
  458,     0.70780432226617,    1.79803264773388,    0.50762918835079,    0.91273385359736,    0.50762918835079,
  459,     0.70844901939587,    1.79878972588004,    0.50776563768112,    0.91336361221573,    0.50776563768112,
  460,     0.70878912088534,    1.79900039261092,    0.50787560494940,    0.91366841270149,    0.50787560494940,
  461,     0.70912903710679,    1.79958437028685,    0.50788124904831,    0.91397515774910,    0.50788124904831,
  462,     0.70977357577460,    1.80112712501536,    0.50787961800125,    0.91475575622450,    0.50787961800125,
  463,     0.71041799835859,    1.80196386139444,    0.50795492328324,    0.91531641497379,    0.50795492328324,
  464,     0.71075797549445,    1.80259823390400,    0.50799932273656,    0.91571868198936,    0.50799932273656,
  465,     0.71109782571884,    1.80093243708957,    0.50799658246583,    0.91486752329336,    0.50799658246583,
  466,     0.71174227939249,    1.80017538943246,    0.50787261753542,    0.91425978705390,    0.50787261753542,
  467,     0.71238678074665,    1.79963332351262,    0.50788225125329,    0.91400182377603,    0.50788225125329,
  468,     0.71272677181264,    1.79995639212171,    0.50784364962134,    0.91409642333434,    0.50784364962134,
  469,     0.71306681218360,    1.79955086735033,    0.50779893472294,    0.91381001342025,    0.50779893472294,
  470,     0.71371132245579,    1.80059380782364,    0.50796314318714,    0.91463529022539,    0.50796314318714,
  471,     0.71435561900712,    1.80164934331625,    0.50806841902054,    0.91536113348808,    0.50806841902054,
  472,     0.71469550750136,    1.80109829438500,    0.50811039561675,    0.91515676690462,    0.50811039561675,
  473,     0.71503532222034,    1.80130696503661,    0.50804800807519,    0.91515041551881,    0.50804800807519,
  474,     0.71567969503412,    1.80108332060812,    0.50794175439463,    0.91484542168060,    0.50794175439463,
  475,     0.71632417582213,    1.79946789069213,    0.50779404654157,    0.91375908183619,    0.50779404654157,
  476,     0.71666429984275,    1.79910815461946,    0.50744571190602,    0.91294971831680,    0.50744571190602,
  477,     0.71700468483357,    1.79747665587979,    0.50724128882912,    0.91175437556872,    0.50724128882912,
  478,     0.71764995236385,    1.79801582911424,    0.50736070284186,    0.91224257478020,    0.50736070284186,
  479,     0.71829493076424,    1.79903541658011,    0.50763657686076,    0.91325618052399,    0.50763657686076,
  480,     0.71863504806039,    1.79977184571809,    0.50783314643446,    0.91398379927517,    0.50783314643446,
  481,     0.71897504437115,    1.79943766032449,    0.50782990330771,    0.91380825305084,    0.50782990330771,
  482,     0.71961951447848,    1.80068090270131,    0.50802599592660,    0.91479270894084,    0.50802599592660,
  483,     0.72026365836050,    1.80091302154947,    0.50824234006174,    0.91530024831996,    0.50824234006174,
  484,     0.72060342097022,    1.79978605870073,    0.50829184013383,    0.91481656762421,    0.50829184013383,
  485,     0.72094307685086,    1.80014201526012,    0.50833952402640,    0.91508333521726,    0.50833952402640,
  486,     0.72158704014285,    1.80094577207703,    0.50825708050341,    0.91534344026083,    0.50825708050341,
  487,     0.72223120691483,    1.80181798844317,    0.50795308481661,    0.91523900550776,    0.50795308481661,
  488,     0.72257126316124,    1.80030965837025,    0.50779178886915,    0.91418246194223,    0.50779178886915,
  489,     0.72291132382306,    1.80039450964575,    0.50761165369215,    0.91390123433954,    0.50761165369215,
  490,     0.72355614631648,    1.80050962947010,    0.50775490891036,    0.91421760290382,    0.50775490891036,
  491,     0.72420061544931,    1.80010474276385,    0.50794290569850,    0.91435043360112,    0.50794290569850,
  492,     0.72454065009919,    1.80010312952361,    0.50790534568796,    0.91428200227466,    0.50790534568796,
  493,     0.72488050934972,    1.79887750263096,    0.50796502066919,    0.91376684780528,    0.50796502066919,
  494,     0.72552500078653,    1.79903456597599,    0.50785785081776,    0.91365382822342,    0.50785785081776,
  495,     0.72616950299429,    1.79772628976214,    0.50788156739347,    0.91303204578885,    0.50788156739347,
  496,     0.72650950775627,    1.79802950026038,    0.50782230462794,    0.91307948461125,    0.50782230462794,
  497,     0.72684953990456,    1.79679305101460,    0.50779783829810,    0.91240762717426,    0.50779783829810,
  498,     0.72749416855645,    1.79910199194542,    0.50775645102349,    0.91350564245951,    0.50775645102349,
  499,     0.72813885039889,    1.80091999844047,    0.50770552666570,    0.91433703629101,    0.50770552666570,
  500,     0.72847897030097,    1.80037700329799,    0.50758724326170,    0.91384839993578,    0.50758724326170,
  501,     0.72881917799071,    1.80085987339275,    0.50760595032378,    0.91412718743348,    0.50760595032378,
  502,     0.72946381248467,    1.80150519540364,    0.50795249198531,    0.91507905332975,    0.50795249198531,
  503,     0.73010803144890,    1.80120890747324,    0.50819411773034,    0.91536377158139,    0.50819411773034,
  504,     0.73044781695173,    1.80052918989810,    0.50815270341031,    0.91494377541590,    0.50815270341031,
  505,     0.73078760673699,    1.79986213201256,    0.50818292740870,    0.91465920717821,    0.50818292740870,
  506,     0.73143173988344,    1.80021956730273,    0.50813990866385,    0.91476340650407,    0.50813990866385,
  507,     0.73207593626059,    1.80000546085679,    0.50810633224937,    0.91459417274477,    0.50810633224937,
  508,     0.73241576467755,    1.79901936198744,    0.50806419327037,    0.91401732082593,    0.50806419327037,
  509,     0.73275563630559,    1.79934345356560,    0.50809007718590,    0.91422855420609,    0.50809007718590,
  510,     0.73339992532925,    1.80049208555614,    0.50795170595691,    0.91456302642017,    0.50795170595691,
  511,     0.73404446235134,    1.80138454741033,    0.50777763029416,    0.91470277673253,    0.50777763029416,
  512,     0.73438450971405,    1.80042029117584,    0.50761118092697,    0.91391347016864,    0.50761118092697,
  513,     0.73472473197868,    1.80029955669137,    0.50763025774495,    0.91388652798137,    0.50763025774495,
  514,     0.73536950666038,    1.79930766142656,    0.50762651509607,    0.91337627775561,    0.50762651509607,
  515,     0.73601440367718,    1.79840574666131,    0.50753962921029,    0.91276218583013,    0.50753962921029,
  516,     0.73635458751809,    1.79762920488397,    0.50751984244276,    0.91233249083322,    0.50751984244276,
  517,     0.73669484224160,    1.79776801780103,    0.50758550263720,    0.91252098294061,    0.50758550263720,
  518,     0.73733952372094,    1.79916128043396,    0.50784579840109,    0.91369649691430,    0.50784579840109,
  519,     0.73798403630488,    1.79995287136318,    0.50783563701942,    0.91408021303366,    0.50783563701942,
  520,     0.73832409721833,    1.79943348887896,    0.50785260031958,    0.91384697642930,    0.50785260031958,
  521,     0.73866395410383,    1.80075352327469,    0.50812321903357,    0.91500467693237,    0.50812321903357,
  522,     0.73930810878735,    1.80184405763896,    0.50813855195785,    0.91558643030251,    0.50813855195785,
  523,     0.73995237110529,    1.80168848224309,    0.50796445544566,    0.91519370876533,    0.50796445544566,
  524,     0.74029234982483,    1.80168422832684,    0.50797722348997,    0.91521455191114,    0.50797722348997,
  525,     0.74063220960223,    1.80078844481895,    0.50802653361170,    0.91484831138937,    0.50802653361170,
  526,     0.74127654475494,    1.80066740439077,    0.50800758349520,    0.91475269678312,    0.50800758349520,
  527,     0.74192090631369,    1.79986632462176,    0.50792326786501,    0.91419398532208,    0.50792326786501,
  528,     0.74226092293868,    1.80056108997964,    0.50784525985702,    0.91440641462914,    0.50784525985702,
  529,     0.74260082878524,    1.79974715191547,    0.50802248214869,    0.91431201535613,    0.50802248214869,
  530,     0.74324519447889,    1.79993719275772,    0.50791442650133,    0.91421406699795,    0.50791442650133,
  531,     0.74388973872840,    1.79933571202146,    0.50779585591954,    0.91369521797254,    0.50779585591954,
  532,     0.74422977444566,    1.79934897084591,    0.50773646312328,    0.91359508238182,    0.50773646312328,
  533,     0.74456994326218,    1.79895254528522,    0.50757867106825,    0.91310994225072,    0.50757867106825,
  534,     0.74521492970798,    1.79898772762704,    0.50741144585605,    0.91282696395253,    0.50741144585605,
  535,     0.74586006158975,    1.79866045927330,    0.50739712572559,    0.91263514719154,    0.50739712572559,
  536,     0.74620033081616,    1.79836580104947,    0.50746339799428,    0.91260482023726,    0.50746339799428,
  537,     0.74654054885468,    1.79910773027657,    0.50766765012423,    0.91334879374985,    0.50766765012423,
  538,     0.74718513422311,    1.80010937625707,    0.50790972512613,    0.91429305849169,    0.50790972512613,
  539,     0.74782948479780,    1.80066800008444,    0.50810790588428,    0.91493364671573,    0.50810790588428,
  540,     0.74816925119626,    1.80194292316455,    0.50836431510337,    0.91604347998991,    0.50836431510337,
  541,     0.74850888305585,    1.80205715540014,    0.50841715907036,    0.91619677943096,    0.50841715907036,
  542,     0.74915277743634,    1.80200051148470,    0.50826248245462,    0.91588925335171,    0.50826248245462,
  543,     0.74979692856347,    1.80042497234189,    0.50805427897155,    0.91471361116554,    0.50805427897155,
  544,     0.75013681929140,    1.79976608474985,    0.50793439489472,    0.91416309720946,    0.50793439489472,
  545,     0.75047682633705,    1.79949309346367,    0.50781283447685,    0.91380568841330,    0.50781283447685,
  546,     0.75112160651206,    1.79951273384443,    0.50750316792822,    0.91325841315323,    0.50750316792822,
  547,     0.75176657820909,    1.79983759339788,    0.50766101997894,    0.91370738846081,    0.50766101997894,
  548,     0.75210654500750,    1.80031180323432,    0.50797707755928,    0.91451712850244,    0.50797707755928,
  549,     0.75244651389714,    1.80077938431204,    0.50805151680334,    0.91488869762792,    0.50805151680334,
  550,     0.75309070669629,    1.80088755999290,    0.50809981468325,    0.91503063549776,    0.50809981468325,
  551,     0.75373502029432,    1.80034545124544,    0.50797959396337,    0.91453875131746,    0.50797959396337,
  552,     0.75407491621918,    1.79842516554247,    0.50807249664159,    0.91373036388023,    0.50807249664159,
  553,     0.75441485765070,    1.79896140573853,    0.50785162107341,    0.91360546615281,    0.50785162107341,
  554,     0.75505956717853,    1.79674127907895,    0.50760749336589,    0.91203933690028,    0.50760749336589,
  555,     0.75570443912510,    1.79667874003650,    0.50760743087750,    0.91200747934215,    0.50760743087750,
  556,     0.75604457414264,    1.79692011373975,    0.50775289032055,    0.91239138142649,    0.50775289032055,
  557,     0.75638468786713,    1.79838169538218,    0.50760552714391,    0.91286848849044,    0.50760552714391,
  558,     0.75702969912027,    1.80029628793736,    0.50739887327441,    0.91346830805952,    0.50739887327441,
  559,     0.75767465197496,    1.80222158763028,    0.50778414825964,    0.91513955384997,    0.50778414825964,
  560,     0.75801451694882,    1.80282082157173,    0.50841207291146,    0.91657587098323,    0.50841207291146,
  561,     0.75835407306631,    1.80317406972716,    0.50859804218872,    0.91709080158870,    0.50859804218872,
  562,     0.75899765076017,    1.80233902390796,    0.50855983906611,    0.91659724394119,    0.50855983906611,
  563,     0.75964136705935,    1.80177099248954,    0.50846411660069,    0.91613589601295,    0.50846411660069,
  564,     0.75998094043169,    1.80054574467967,    0.50859535471994,    0.91574920170484,    0.50859535471994,
  565,     0.76032052760616,    1.79931469682727,    0.50834549278584,    0.91467351623546,    0.50834549278584,
  566,     0.76096468478971,    1.79814145958594,    0.50797626556400,    0.91341318359627,    0.50797626556400,
  567,     0.76160924166521,    1.79812810430253,    0.50768890553026,    0.91288968927655,    0.50768890553026,
  568,     0.76194941366155,    1.79860432673094,    0.50747020266286,    0.91273810219644,    0.50747020266286,
  569,     0.76228979374456,    1.79799425021405,    0.50719281307769,    0.91192976166357,    0.50719281307769,
  570,     0.76293525049215,    1.79852147375777,    0.50712619265532,    0.91207734739561,    0.50712619265532,
  571,     0.76358056323962,    1.79962789526697,    0.50738797200585,    0.91310954814467,    0.50738797200585,
  572,     0.76392081312816,    1.79943989046490,    0.50770128371187,    0.91357794235138,    0.50770128371187,
  573,     0.76426089156437,    1.79932429879944,    0.50772926515863,    0.91356960401151,    0.50772926515863,
  574,     0.76490539892508,    1.80017733397749,    0.50807046873079,    0.91461694187249,    0.50807046873079,
  575,     0.76554944258978,    1.80120331432506,    0.50831442681338,    0.91557763029550,    0.50831442681338,
  576,     0.76588919099446,    1.80152503128817,    0.50817715710787,    0.91549386885868,    0.50817715710787,
  577,     0.76622896634141,    1.80072308445087,    0.50815626645731,    0.91504871951805,    0.50815626645731,
  578,     0.76687317428978,    1.80150592328480,    0.50806894215387,    0.91528920872724,    0.50806894215387,
  579,     0.76751748496104,    1.80086751487575,    0.50796941801840,    0.91478562345967,    0.50796941801840,
  580,     0.76785744626271,    1.80090756283404,    0.50767781073170,    0.91428080882975,    0.50767781073170,
  581,     0.76819770952540,    1.79903494175179,    0.50746951104764,    0.91295538224841,    0.50746951104764,
  582,     0.76884259515338,    1.79963264534897,    0.50772280088515,    0.91371452726093,    0.50772280088515,
  583,     0.76948706140295,    1.80079192782608,    0.50807121689405,    0.91493054614357,    0.50807121689405,
  584,     0.76982688192173,    1.80045326179811,    0.50806083808153,    0.91473979311577,    0.50806083808153,
  585,     0.77016674451110,    1.80153240455078,    0.50817702678168,    0.91549738099547,    0.50817702678168,
  586,     0.77081069411871,    1.80192138914309,    0.50838539634917,    0.91607051960956,    0.50838539634917,
  587,     0.77145464821045,    1.80118724484151,    0.50813814804578,    0.91525195087744,    0.50813814804578,
  588,     0.77179457957047,    1.80005435094947,    0.50779697280177,    0.91406215029079,    0.50779697280177,
  589,     0.77213467999603,    1.79931724864869,    0.50759117513021,    0.91331755667364,    0.50759117513021,
  590,     0.77277980869697,    1.79675747662442,    0.50719614895306,    0.91130847274652,    0.50719614895306,
  591,     0.77342532188305,    1.79608795570919,    0.50701105171610,    0.91063644339874,    0.50701105171610,
  592,     0.77376588658096,    1.79636640905393,    0.50696988790223,    0.91070367702941,    0.50696988790223,
  593,     0.77410646987996,    1.79780349000456,    0.50710068252006,    0.91166737681826,    0.50710068252006,
  594,     0.77475164567023,    1.79926190260864,    0.50761273425558,    0.91332825402507,    0.50761273425558,
  595,     0.77539609316579,    1.80138112073936,    0.50823994337379,    0.91553383879919,    0.50823994337379,
  596,     0.77573572045584,    1.80265570990136,    0.50848878542667,    0.91663021247020,    0.50848878542667,
  597,     0.77607525252969,    1.80379421606743,    0.50870433735993,    0.91759794141826,    0.50870433735993,
  598,     0.77671861360067,    1.80336484557953,    0.50874976071541,    0.91746143367117,    0.50874976071541,
  599,     0.77736218839908,    1.80116845181891,    0.50844724950381,    0.91579914522036,    0.50844724950381,
  600,     0.77770184645955,    1.79939075720466,    0.50840814617765,    0.91482491911963,    0.50840814617765,
  601,     0.77804147118105,    1.79982706555138,    0.50831593293235,    0.91488077394264,    0.50831593293235,
  602,     0.77868578280008,    1.79817928753917,    0.50771728787067,    0.91296671097460,    0.50771728787067,
  603,     0.77933079678980,    1.79829032922702,    0.50730990071334,    0.91229048837391,    0.50730990071334,
  604,     0.77967115938216,    1.79901751638326,    0.50736984915306,    0.91276724591108,    0.50736984915306,
  605,     0.78001146311515,    1.80009445391398,    0.50744939441404,    0.91345684052672,    0.50744939441404,
  606,     0.78065644031227,    1.79994434845135,    0.50754077857335,    0.91354515600170,    0.50754077857335,
  607,     0.78130133801385,    1.79827784993531,    0.50758361022344,    0.91277636325501,    0.50758361022344,
  608,     0.78164151774949,    1.79811754565274,    0.50736941090201,    0.91230983987040,    0.50736941090201,
  609,     0.78198210026050,    1.79790105803904,    0.50685922984375,    0.91128274561292,    0.50685922984375,
  610,     0.78262815229012,    1.79714088846302,    0.50650399701214,    0.91025904320047,    0.50650399701214,
  611,     0.78327442098603,    1.79591470399867,    0.50655762175545,    0.90973428133321,    0.50655762175545,
  612,     0.78361521652719,    1.79540614990751,    0.50646322577432,    0.90930719025722,    0.50646322577432,
  613,     0.78395675308307,    1.79449524119464,    0.50510896344129,    0.90641563118015,    0.50510896344129,
  614,     0.78460555372937,    1.79190745430049,    0.50410949799213,    0.90331756723579,    0.50410949799213,
  615,     0.78525485496413,    1.78904581193908,    0.50434905045385,    0.90230355646991,    0.50434905045385,
  616,     0.78559702056683,    1.78775713453902,    0.50404244398605,    0.90110547534655,    0.50404244398605,
  617,     0.78594122629724,    1.78526831288822,    0.50039044791517,    0.89333121073489,    0.50039044791517,
  618,     0.78659748348968,    1.77829411983046,    0.49770307498979,    0.88506245167588,    0.49770307498979,
  619,     0.78725509471475,    1.77051337489464,    0.49837839033239,    0.88238560584196,    0.49837839033239,
  620,     0.78760100231813,    1.76701835034158,    0.49780948264564,    0.87963849080889,    0.49780948264564,
  621,     0.78795216024028,    1.76073072896414,    0.48843229747754,    0.85999775518726,    0.48843229747754,
  622,     0.78862819528600,    1.74265350562891,    0.48133013419605,    0.83879164572159,    0.48133013419605,
  623,     0.78930809049922,    1.72215894020482,    0.48306544311358,    0.83191547156205,    0.48306544311358,
  624,     0.78966397783472,    1.71301475807704,    0.48318899811560,    0.82770988471248,    0.48318899811560,
  625,     0.79003158802258,    1.69911185466127,    0.46204630355515,    0.78506835177298,    0.46204630355515,
  626,     0.79075599761528,    1.65728986790525,    0.44486608560740,    0.73727205625181,    0.44486608560740,
  627,     0.79149156606553,    1.60833118499841,    0.44875902853318,    0.72175314013951,    0.44875902853318,
  628,     0.79187208458749,    1.58681723078239,    0.45481997263758,    0.72171616948529,    0.45481997263758,
  629,     0.79227146803364,    1.56307759944592,    0.41787421116578,    0.65316981885936,    0.41787421116578,
  630,     0.79309521685964,    1.48621089031397,    0.38273075038863,    0.56881860928562,    0.38273075038863,
  631,     0.79395172592692,    1.38860382854501,    0.38885834213765,    0.53997018265401,    0.38885834213765,
  632,     0.79438503881983,    1.34610752457497,    0.41149748873216,    0.55391986592606,    0.41149748873216,
  633,     0.79483009310223,    1.31647872919601,    0.36737740177896,    0.48364453502930,    0.36737740177896,
  634,     0.79580676386019,    1.21594324562619,    0.31083892740102,    0.37796249425096,    0.31083892740102,
  635,     0.79687474936597,    1.06464660233718,    0.31382339087193,    0.33411100682574,    0.31382339087193,
  636,     0.79740232038227,    0.99445373820574,    0.35712192625199,    0.35514123455653,    0.35712192625199,
  637,     0.79790568682211,    0.95076104384063,    0.32059104663514,    0.30480547814478,    0.32059104663514,
  638,     0.79905906803016,    0.84001102935491,    0.25553709148618,    0.21465397525767,    0.25553709148618,
  639,     0.80039417836693,    0.69000096799389,    0.24760663216486,    0.17084881587546,    0.24760663216486,
  640,     0.80106050605413,    0.59993605058704,    0.29313281557577,    0.17586094367399,    0.29313281557577,
  641,     0.80166448531431,    0.52448200065125,    0.26817329215298,    0.14065206478962,    0.26817329215298,
  642,     0.80302016765498,    0.39942512547451,    0.22157786903825,    0.08850376814298,    0.22157786903825,
  643,     0.80455098130738,    0.32059740698252,    0.21245041378058,    0.06811105177042,    0.21245041378058,
  644,     0.80534782890309,    0.26569776871491,    0.23510900346089,    0.06246793762434,    0.23510900346089,
  645,     0.80608570096915,    0.19173793251160,    0.22487577873079,    0.04311721688578,    0.22487577873079,
  646,     0.80762097144643,    0.11441505582422,    0.20523506644276,    0.02348198158414,    0.20523506644276,
  647,     0.80923252720579,    0.09065242536367,    0.20265799489664,    0.01837143875672,    0.20265799489664,
  648,     0.81008184407441,    0.07697669402876,    0.20824987015359,    0.01603038653634,    0.20824987015359,
  649,     0.81090947787484,    0.04555749988132,    0.20593037806090,    0.00938167317407,    0.20593037806090,
  650,     0.81252290675386,    0.02331331252509,    0.20095187168266,    0.00468485378704,    0.20095187168266,
  651,     0.81415481913329,    0.01852090760490,    0.20056167511554,    0.00371458425390,    0.20056167511554,
  652,     0.81501551257921,    0.01585571886372,    0.20150600577952,    0.00319502257699,    0.20150600577952,
  653,     0.81587166112799,    0.00868808210462,    0.20113300608163,    0.00174746007079,    0.20113300608163,
  654,     0.81750395526395,    0.00428191211945,    0.20016330681870,    0.00085708168934,    0.20016330681870,
  655,     0.81913977756171,    0.00336310991817,    0.20010391486623,    0.00067297146075,    0.20010391486623,
  656,     0.82000265989370,    0.00287084285770,    0.20026910114553,    0.00057494111864,    0.20026910114553,
  657,     0.82086468428541,    0.00150662514903,    0.20020950889225,    0.00030164068117,    0.20020950889225,
  658,     0.82250050906318,    0.00075147803810,    0.20003025887389,    0.00015031834650,    0.20003025887389,
  659,     0.82413703150465,    0.00063383419657,    0.20000719926170,    0.00012677140245,    0.20000719926170,
  660,     0.82500038764801,    0.00056848955660,    0.20003648555995,    0.00011371865298,    0.20003648555995,
  661,     0.82586350627506,    0.00027608790712,    0.20003826835021,    0.00005522814685,    0.20003826835021,
  662,     0.82750000159822,    0.00002243752631,    0.20000338735726,    0.00000448758127,    0.20000338735726,
  663,     0.82913663438256,    -0.00000352189193,    0.19999959828125,    -0.00000070437697,    0.19999959828125,
  664,     0.83000000077264,    0.00000261502193,    0.20000008843788,    0.00000052300462,    0.20000008843788,
  665,     0.83086336569211,    0.00000020566366,    0.20000007871461,    0.00000004113275,    0.20000007871461,
  666,     0.83249999998782,    -0.00000009395524,    0.19999996228962,    -0.00000001879105,    0.19999996228962,
  667,     0.83413663418035,    0.00000002856107,    0.20000002274197,    0.00000000571222,    0.20000002274197,
  668,     0.83499999999576,    -0.00000001901320,    0.19999997937078,    -0.00000000380264,    0.19999997937078,
  669,     0.83586336582342,    -0.00000000105475,    0.19999999957540,    -0.00000000021095,    0.19999999957540,
  670,     0.83750000000002,    0.00000000023011,    0.20000000014799,    0.00000000004602,    0.20000000014799,
  671,     0.83913663417676,    -0.00000000008048,    0.19999999990300,    -0.00000000001610,    0.19999999990300,
  672,     0.84000000000001,    0.00000000006387,    0.20000000009120,    0.00000000001277,    0.20000000009120,
  673,     0.84086336582323,    0.00000000000024,    0.20000000000083,    0.00000000000005,    0.20000000000083,
  674,     0.84250000000000,    -0.00000000000003,    0.19999999999973,    -0.00000000000001,    0.19999999999973,
  675,     0.84413663417677,    -0.00000000000003,    0.20000000000020,    -0.00000000000001,    0.20000000000020,
  676,     0.84500000000000,    0.00000000000003,    0.19999999999986,    0.00000000000001,    0.19999999999986,
  677,     0.84586336582323,    -0.00000000000002,    0.20000000000000,    -0.00000000000000,    0.20000000000000,
  678,     0.84750000000000,    -0.00000000000004,    0.20000000000000,    -0.00000000000001,    0.20000000000000,
  679,     0.84913663417677,    0.00000000000007,    0.20000000000000,    0.00000000000001,    0.20000000000000,
  680,     0.85000000000000,    -0.00000000000000,    0.20000000000000,    -0.00000000000000,    0.20000000000000,
  681,     0.85086336582323,    -0.00000000000007,    0.20000000000000,    -0.00000000000001,    0.20000000000000,
  682,     0.85250000000000,    -0.00000000000001,    0.20000000000000,    -0.00000000000000,    0.20000000000000,
  683,     0.85413663417677,    0.00000000000007,    0.20000000000000,    0.00000000000001,    0.20000000000000,
  684,     0.85500000000000,    -0.00000000000005,    0.20000000000000,    -0.00000000000001,    0.20000000000000,
  685,     0.85586336582323,    -0.00000000000005,    0.20000000000000,    -0.00000000000001,    0.20000000000000,
  686,     0.85750000000000,    -0.00000000000003,    0.20000000000000,    -0.00000000000001,    0.20000000000000,
  687,     0.85913663417677,    0.00000000000004,    0.20000000000000,    0.00000000000001,    0.20000000000000,
  688,     0.86000000000000,    0.00000000000002,    0.20000000000000,    0.00000000000000,    0.20000000000000,
  689,     0.86086336582323,    -0.00000000000004,    0.20000000000000,    -0.00000000000001,    0.20000000000000,
  690,     0.86250000000000,    -0.00000000000001,    0.20000000000000,    -0.00000000000000,    0.20000000000000,
  691,     0.86413663417677,    0.00000000000007,    0.20000000000000,    0.00000000000001,    0.20000000000000,
  692,     0.86500000000000,    -0.00000000000006,    0.20000000000000,    -0.00000000000001,    0.20000000000000,
  693,     0.86586336582323,    -0.00000000000005,    0.20000000000000,    -0.00000000000001,    0.20000000000000,
  694,     0.86750000000000,    -0.00000000000001,    0.20000000000000,    -0.00000000000000,    0.20000000000000,
  695,     0.86913663417677,    0.00000000000004,    0.20000000000000,    0.00000000000001,    0.20000000000000,
  696,     0.87000000000000,    -0.00000000000002,    0.20000000000000,    -0.00000000000000,    0.20000000000000,
  697,     0.87086336582323,    -0.00000000000004,    0.20000000000000,    -0.00000000000001,    0.20000000000000,
  698,     0.87250000000000,    0.00000000000001,    0.20000000000000,    0.00000000000000,    0.20000000000000,
  699,     0.87413663417677,    0.00000000000004,    0.20000000000000,    0.00000000000001,    0.20000000000000,
  700,     0.87500000000000,    -0.00000000000002,    0.20000000000000,    -0.00000000000000,    0.20000000000000,
  701,     0.87586336582323,    -0.00000000000007,    0.20000000000000,    -0.00000000000001,    0.20000000000000,
  702,     0.87750000000000,    -0.00000000000001,    0.20000000000000,    -0.00000000000000,    0.20000000000000,
  703,     0.87913663417677,    0.00000000000007,    0.20000000000000,    0.00000000000001,    0.20000000000000,
  704,     0.88000000000000,    -0.00000000000006,    0.20000000000000,    -0.00000000000001,    0.20000000000000,
  705,     0.88086336582323,    -0.00000000000004,    0.20000000000000,    -0.00000000000001,    0.20000000000000,
  706,     0.88250000000000,    0.00000000000001,    0.20000000000000,    0.00000000000000,    0.20000000000000,
  707,     0.88413663417677,    0.00000000000004,    0.20000000000000,    0.00000000000001,    0.20000000000000,
  708,     0.88500000000000,    -0.00000000000006,    0.20000000000000,    -0.00000000000001,    0.20000000000000,
  709,     0.88586336582323,    -0.00000000000004,    0.20000000000000,    -0.00000000000001,    0.20000000000000,
  710,     0.88750000000000,    -0.00000000000001,    0.20000000000000,    -0.00000000000000,    0.20000000000000,
  711,     0.88913663417677,    0.00000000000004,    0.20000000000000,    0.00000000000001,    0.20000000000000,
  712,     0.89000000000000,    -0.00000000000001,    0.20000000000000,    -0.00000000000000,    0.20000000000000,
  713,     0.89086336582323,    -0.00000000000006,    0.20000000000000,    -0.00000000000001,    0.20000000000000,
  714,     0.89250000000000,    -0.00000000000004,    0.20000000000000,    -0.00000000000001,    0.20000000000000,
  715,     0.89413663417677,    0.00000000000009,    0.20000000000000,    0.00000000000002,    0.20000000000000,
  716,     0.89500000000000,    -0.00000000000009,    0.20000000000000,    -0.00000000000002,    0.20000000000000,
  717,     0.89586336582323,    -0.00000000000002,    0.20000000000000,    -0.00000000000000,    0.20000000000000,
  718,     0.89750000000000,    -0.00000000000004,    0.20000000000000,    -0.00000000000001,    0.20000000000000,
  719,     0.89913663417677,    0.00000000000007,    0.20000000000000,    0.00000000000001,    0.20000000000000,
  720,     0.90000000000000,    -0.00000000000004,    0.20000000000000,    -0.00000000000001,    0.20000000000000,
  721,     0.90086336582323,    -0.00000000000004,    0.20000000000000,    -0.00000000000001,    0.20000000000000,
  722,     0.90250000000000,    -0.00000000000001,    0.20000000000000,    -0.00000000000000,    0.20000000000000,
  723,     0.90413663417677,    0.00000000000007,    0.20000000000000,    0.00000000000001,    0.20000000000000,
  724,     0.90500000000000,    -0.00000000000009,    0.20000000000000,    -0.00000000000002,    0.20000000000000,
  725,     0.90586336582323,    -0.00000000000002,    0.20000000000000,    -0.00000000000000,    0.20000000000000,
  726,     0.90750000000000,    -0.00000000000004,    0.20000000000000,    -0.00000000000001,    0.20000000000000,
  727,     0.90913663417677,    0.00000000000007,    0.20000000000000,    0.00000000000001,    0.20000000000000,
  728,     0.91000000000000,    -0.00000000000009,    0.20000000000000,    -0.00000000000002,    0.20000000000000,
  729,     0.91086336582323,    -0.00000000000002,    0.20000000000000,    -0.00000000000000,    0.20000000000000,
  730,     0.91250000000000,    -0.00000000000001,    0.20000000000000,    -0.00000000000000,    0.20000000000000,
  731,     0.91413663417677,    0.00000000000004,    0.20000000000000,    0.00000000000001,    0.20000000000000,
  732,     0.91500000000000,    -0.00000000000011,    0.20000000000000,    -0.00000000000002,    0.20000000000000,
  733,     0.91586336582323,    -0.00000000000002,    0.20000000000000,    -0.00000000000000,    0.20000000000000,
  734,     0.91750000000000,    -0.00000000000004,    0.20000000000000,    -0.00000000000001,    0.20000000000000,
  735,     0.91913663417677,    0.00000000000007,    0.20000000000000,    0.00000000000001,    0.20000000000000,
  736,     0.92000000000000,    -0.00000000000001,    0.20000000000000,    -0.00000000000000,    0.20000000000000,
  737,     0.92086336582323,    -0.00000000000002,    0.20000000000000,    -0.00000000000000,    0.20000000000000,
  738,     0.92250000000000,    -0.00000000000004,    0.20000000000000,    -0.00000000000001,    0.20000000000000,
  739,     0.92413663417677,    0.00000000000004,    0.20000000000000,    0.00000000000001,    0.20000000000000,
  740,     0.92500000000000,    -0.00000000000005,    0.20000000000000,    -0.00000000000001,    0.20000000000000,
  741,     0.92586336582323,    -0.00000000000005,    0.20000000000000,    -0.00000000000001,    0.20000000000000,
  742,     0.92750000000000,    -0.00000000000004,    0.20000000000000,    -0.00000000000001,    0.20000000000000,
  743,     0.92913663417677,    0.00000000000007,    0.20000000000000,    0.00000000000001,    0.20000000000000,
  744,     0.93000000000000,    -0.00000000000007,    0.20000000000000,    -0.00000000000001,    0.20000000000000,
  745,     0.93086336582323,    -0.00000000000002,    0.20000000000000,    -0.00000000000000,    0.20000000000000,
  746,     0.93250000000000,    -0.00000000000004,    0.20000000000000,    -0.00000000000001,    0.20000000000000,
  747,     0.93413663417677,    0.00000000000007,    0.20000000000000,    0.00000000000001,    0.20000000000000,
  748,     0.93500000000000,    0.00000000000002,    0.20000000000000,    0.00000000000000,    0.20000000000000,
  749,     0.93586336582323,    -0.00000000000004,    0.20000000000000,    -0.00000000000001,    0.20000000000000,
  750,     0.93750000000000,    -0.00000000000003,    0.20000000000000,    -0.00000000000001,    0.20000000000000,
  751,     0.93913663417677,    0.00000000000004,    0.20000000000000,    0.00000000000001,    0.20000000000000,
  752,     0.94000000000000,    0.00000000000005,    0.20000000000000,    0.00000000000001,    0.20000000000000,
  753,     0.94086336582323,    -0.00000000000004,    0.20000000000000,    -0.00000000000001,    0.20000000000000,
  754,     0.94250000000000,    -0.00000000000001,    0.20000000000000,    -0.00000000000000,    0.20000000000000,
  755,     0.94413663417677,    0.00000000000002,    0.20000000000000,    0.00000000000000,    0.20000000000000,
  756,     0.94500000000000,    -0.00000000000002,    0.20000000000000,    -0.00000000000000,    0.20000000000000,
  757,     0.94586336582323,    -0.00000000000004,    0.20000000000000,    -0.00000000000001,    0.20000000000000,
  758,     0.94750000000000,    -0.00000000000001,    0.20000000000000,    -0.00000000000000,    0.20000000000000,
  759,     0.94913663417677,    0.00000000000007,    0.20000000000000,    0.00000000000001,    0.20000000000000,
  760,     0.95000000000000,    -0.00000000000001,    0.20000000000000,    -0.00000000000000,    0.20000000000000,
  761,     0.95086336582323,    -0.00000000000002,    0.20000000000000,    -0.00000000000000,    0.20000000000000,
  762,     0.95250000000000,    -0.00000000000006,    0.20000000000000,    -0.00000000000001,    0.20000000000000,
  763,     0.95413663417677,    0.00000000000007,    0.20000000000000,    0.00000000000001,    0.20000000000000,
  764,     0.95500000000000,    -0.00000000000006,    0.20000000000000,    -0.00000000000001,    0.20000000000000,
  765,     0.95586336582323,    -0.00000000000005,    0.20000000000000,    -0.00000000000001,    0.20000000000000,
  766,     0.95750000000000,    0.00000000000001,    0.20000000000000,    0.00000000000000,    0.20000000000000,
  767,     0.95913663417677,    0.00000000000004,    0.20000000000000,    0.00000000000001,    0.20000000000000,
  768,     0.96000000000000,    -0.00000000000005,    0.20000000000000,    -0.00000000000001,    0.20000000000000,
  769,     0.96086336582323,    -0.00000000000004,    0.20000000000000,    -0.00000000000001,    0.20000000000000,
  770,     0.96250000000000,    -0.00000000000001,    0.20000000000000,    -0.00000000000000,    0.20000000000000,
  771,     0.96413663417677,    0.00000000000004,    0.20000000000000,    0.00000000000001,    0.20000000000000,
  772,     0.96500000000000,    -0.00000000000000,    0.20000000000000,    -0.00000000000000,    0.20000000000000,
  773,     0.96586336582323,    -0.00000000000004,    0.20000000000000,    -0.00000000000001,    0.20000000000000,
  774,     0.96750000000000,    -0.00000000000001,    0.20000000000000,    -0.00000000000000,    0.20000000000000,
  775,     0.96913663417677,    0.00000000000007,    0.20000000000000,    0.00000000000001,    0.20000000000000,
  776,     0.97000000000000,    -0.00000000000002,    0.20000000000000,    -0.00000000000000,    0.20000000000000,
  777,     0.97086336582323,    -0.00000000000005,    0.20000000000000,    -0.00000000000001,    0.20000000000000,
  778,     0.97250000000000,    -0.00000000000004,    0.20000000000000,    -0.00000000000001,    0.20000000000000,
  779,     0.97413663417677,    0.00000000000007,    0.20000000000000,    0.00000000000001,    0.20000000000000,
  780,     0.97500000000000,    -0.00000000000005,    0.20000000000000,    -0.00000000000001,    0.20000000000000,
  781,     0.97586336582323,    0.00000000000000,    0.20000000000000,    0.00000000000000,    0.20000000000000,
  782,     0.97750000000000,    -0.00000000000006,    0.20000000000000,    -0.00000000000001,    0.20000000000000,
  783,     0.97913663417677,    0.00000000000002,    0.20000000000000,    0.00000000000000,    0.20000000000000,
  784,     0.98000000000000,    0.00000000000002,    0.20000000000000,    0.00000000000000,    0.20000000000000,
  785,     0.98086336582323,    -0.00000000000004,    0.20000000000000,    -0.00000000000001,    0.20000000000000,
  786,     0.98250000000000,    -0.00000000000001,    0.20000000000000,    -0.00000000000000,    0.20000000000000,
  787,     0.98413663417677,    0.00000000000007,    0.20000000000000,    0.00000000000001,    0.20000000000000,
  788,     0.98500000000000,    -0.00000000000006,    0.20000000000000,    -0.00000000000001,    0.20000000000000,
  789,     0.98586336582323,    -0.00000000000005,    0.20000000000000,    -0.00000000000001,    0.20000000000000,
  790,     0.98750000000000,    -0.00000000000001,    0.20000000000000,    -0.00000000000000,    0.20000000000000,
  791,     0.98913663417677,    0.00000000000007,    0.20000000000000,    0.00000000000001,    0.20000000000000,
  792,     0.99000000000000,    -0.00000000000011,    0.20000000000000,    -0.00000000000002,    0.20000000000000,
  793,     0.99086336582323,    -0.00000000000002,    0.20000000000000,    -0.00000000000000,    0.20000000000000,
  794,     0.99250000000000,    -0.00000000000001,    0.20000000000000,    -0.00000000000000,    0.20000000000000,
  795,     0.99413663417677,    0.00000000000004,    0.20000000000000,    0.00000000000001,    0.20000000000000,
  796,     0.99500000000000,    -0.00000000000009,    0.20000000000000,    -0.00000000000002,    0.20000000000000,
  797,     0.99586336582323,    -0.00000000000000,    0.20000000000000,    -0.00000000000000,    0.20000000000000,
  798,     0.99750000000000,    -0.00000000000006,    0.20000000000000,    -0.00000000000001,    0.20000000000000,
  799,     0.99913663417677,    0.00000000000004,    0.20000000000000,    0.00000000000001,    0.20000000000000,
  800,     1.00000000000000,    0.00000000000000,    0.20000000000000,    0.00000000000000,    0.20000000000000,
