 indi,                  x_v,                   v,                   H,                   q,                 eta
    0,     -0.00000000000000,    -0.00000000000122,    0.99999999999422,    -0.00000000000122,    0.99999999999422,
    1,     0.00117472338035,    -0.00000000000347,    1.00000000000057,    -0.00000000000347,    1.00000000000057,
    2,     0.00357384241759,    0.00000000000228,    1.00000000000042,    0.00000000000228,    1.00000000000042,
    3,     0.00642615758240,    -0.00000000000204,    0.99999999999949,    -0.00000000000204,    0.99999999999949,
    4,     0.00882527661965,    0.00000000000348,    1.00000000000093,    0.00000000000348,    1.00000000000093,
    5,     0.01000000000000,    0.00000000000002,    0.99999999999842,    0.00000000000002,    0.99999999999842,
    6,     0.01117472338035,    -0.00000000000394,    0.99999999999994,    -0.00000000000394,    0.99999999999994,
    7,     0.01357384241760,    0.00000000000199,    1.00000000000023,    0.00000000000199,    1.00000000000023,
    8,     0.01642615758240,    -0.00000000000183,    0.99999999999985,    -0.00000000000183,    0.99999999999985,
    9,     0.01882527661965,    0.00000000000220,    1.00000000000014,    0.00000000000220,    1.00000000000014,
   10,     0.02000000000000,    -0.00000000000008,    1.00000000000072,    -0.00000000000008,    1.00000000000072,
   11,     0.02117472338035,    -0.00000000000201,    0.99999999999980,    -0.00000000000201,    0.99999999999980,
   12,     0.02357384241760,    0.00000000000102,    0.99999999999996,    0.00000000000102,    0.99999999999996,
   13,     0.02642615758240,    -0.00000000000058,    0.99999999999998,    -0.00000000000058,    0.99999999999998,
   14,     0.02882527661965,    0.00000000000092,    0.99999999999985,    0.00000000000092,    0.99999999999985,
   15,     0.03000000000000,    0.00000000000032,    1.00000000000085,    0.00000000000032,    1.00000000000085,
   16,     0.03117472338035,    -0.00000000000072,    0.99999999999979,    -0.00000000000072,    0.99999999999979,
   17,     0.03357384241760,    0.00000000000008,    1.00000000000006,    0.00000000000008,    1.00000000000006,
   18,     0.03642615758240,    -0.00000000000017,    1.00000000000007,    -0.00000000000017,    1.00000000000007,
   19,     0.03882527661965,    0.00000000000027,    0.99999999999971,    0.00000000000027,    0.99999999999971,
   20,     0.04000000000000,    -0.00000000000002,    1.00000000000063,    -0.00000000000002,    1.00000000000063,
   21,     0.04117472338035,    -0.00000000000018,    1.00000000000008,    -0.00000000000018,    1.00000000000008,
   22,     0.04357384241759,    -0.00000000000044,    1.00000000000002,    -0.00000000000044,    1.00000000000002,
   23,     0.04642615758240,    0.00000000000069,    0.99999999999992,    0.00000000000069,    0.99999999999992,
   24,     0.04882527661965,    -0.00000000000071,    0.99999999999996,    -0.00000000000071,    0.99999999999996,
   25,     0.05000000000000,    -0.00000000000084,    1.00000000000047,    -0.00000000000084,    1.00000000000047,
   26,     0.05117472338035,    0.00000000000015,    1.00000000000007,    0.00000000000015,    1.00000000000007,
   27,     0.05357384241759,    0.00000000000016,    0.99999999999992,    0.00000000000016,    0.99999999999992,
   28,     0.05642615758240,    -0.00000000000041,    1.00000000000010,    -0.00000000000041,    1.00000000000010,
   29,     0.05882527661965,    0.00000000000031,    0.99999999999997,    0.00000000000031,    0.99999999999997,
   30,     0.06000000000000,    0.00000000000142,    0.99999999999963,    0.00000000000142,    0.99999999999963,
   31,     0.06117472338035,    -0.00000000000019,    1.00000000000000,    -0.00000000000019,    1.00000000000000,
   32,     0.06357384241759,    -0.00000000000017,    0.99999999999998,    -0.00000000000017,    0.99999999999998,
   33,     0.06642615758240,    0.00000000000028,    1.00000000000005,    0.00000000000028,    1.00000000000005,
   34,     0.06882527661965,    -0.00000000000026,    1.00000000000000,    -0.00000000000026,    1.00000000000000,
   35,     0.07000000000000,    -0.00000000000144,    0.99999999999967,    -0.00000000000144,    0.99999999999967,
   36,     0.07117472338035,    0.00000000000038,    1.00000000000022,    0.00000000000038,    1.00000000000022,
   37,     0.07357384241759,    -0.00000000000023,    1.00000000000001,    -0.00000000000023,    1.00000000000001,
   38,     0.07642615758240,    0.00000000000049,    0.99999999999984,    0.00000000000049,    0.99999999999984,
   39,     0.07882527661965,    -0.00000000000113,    1.00000000000020,    -0.00000000000113,    1.00000000000020,
   40,     0.08000000000000,    0.00000000000079,    1.00000000000014,    0.00000000000079,    1.00000000000014,
   41,     0.08117472338035,    0.00000000000017,    0.99999999999988,    0.00000000000017,    0.99999999999988,
   42,     0.08357384241759,    -0.00000000000013,    1.00000000000004,    -0.00000000000013,    1.00000000000004,
   43,     0.08642615758240,    0.00000000000025,    0.99999999999998,    0.00000000000025,    0.99999999999998,
   44,     0.08882527661965,    -0.00000000000047,    0.99999999999997,    -0.00000000000047,    0.99999999999997,
   45,     0.09000000000000,    0.00000000000065,    1.00000000000024,    0.00000000000065,    1.00000000000024,
   46,     0.09117472338035,    0.00000000000030,    0.99999999999992,    0.00000000000030,    0.99999999999992,
   47,     0.09357384241759,    -0.00000000000025,    1.00000000000001,    -0.00000000000025,    1.00000000000001,
   48,     0.09642615758240,    -0.00000000000070,    1.00000000000024,    -0.00000000000070,    1.00000000000024,
   49,     0.09882527661964,    0.00000000000141,    0.99999999999970,    0.00000000000141,    0.99999999999970,
   50,     0.10000000000000,    0.00000000000167,    0.99999999999966,    0.00000000000167,    0.99999999999966,
   51,     0.10117472338035,    -0.00000000000039,    0.99999999999962,    -0.00000000000039,    0.99999999999962,
   52,     0.10357384241759,    -0.00000000000537,    1.00000000000195,    -0.00000000000537,    1.00000000000195,
   53,     0.10642615758240,    0.00000000001351,    0.99999999999580,    0.00000000001351,    0.99999999999580,
   54,     0.10882527661965,    -0.00000000001459,    1.00000000000260,    -0.00000000001459,    1.00000000000260,
   55,     0.10999999999999,    -0.00000000004810,    0.99999999999958,    -0.00000000004810,    0.99999999999958,
   56,     0.11117472338032,    -0.00000000003298,    1.00000000003060,    -0.00000000003298,    1.00000000003060,
   57,     0.11357384241761,    0.00000000013188,    0.99999999993834,    0.00000000013188,    0.99999999993834,
   58,     0.11642615758244,    -0.00000000024302,    1.00000000009703,    -0.00000000024302,    1.00000000009703,
   59,     0.11882527661936,    -0.00000000016384,    1.00000000005454,    -0.00000000016384,    1.00000000005454,
   60,     0.11999999999988,    0.00000000087723,    1.00000000019190,    0.00000000087723,    1.00000000019190,
   61,     0.12117472338077,    0.00000000150838,    0.99999999900429,    0.00000000150838,    0.99999999900429,
   62,     0.12357384241788,    -0.00000000236948,    1.00000000131808,    -0.00000000236948,    1.00000000131808,
   63,     0.12642615758014,    0.00000000053020,    0.99999999906351,    0.00000000053020,    0.99999999906351,
   64,     0.12882527662453,    0.00000001487949,    0.99999999622140,    0.00000001487949,    0.99999999622140,
   65,     0.13000000000736,    -0.00000000130019,    0.99999999558689,    -0.00000000130019,    0.99999999558689,
   66,     0.13117472338137,    -0.00000003118231,    1.00000001455704,    -0.00000003118231,    1.00000001455704,
   67,     0.13357384239726,    -0.00000000158754,    0.99999999414243,    -0.00000000158754,    0.99999999414243,
   68,     0.13642615762488,    0.00000011546013,    0.99999997500130,    0.00000011546013,    0.99999997500130,
   69,     0.13882527663935,    -0.00000029311005,    1.00000006762090,    -0.00000029311007,    1.00000006762090,
   70,     0.13999999988324,    -0.00000038159542,    1.00000003892029,    -0.00000038159543,    1.00000003892029,
   71,     0.14117472315717,    -0.00000002842667,    1.00000011603947,    -0.00000002842668,    1.00000011603947,
   72,     0.14357384266550,    0.00000108316017,    0.99999956371934,    0.00000108315969,    0.99999956371934,
   73,     0.14642615792020,    -0.00000198338094,    1.00000070474661,    -0.00000198338234,    1.00000070474661,
   74,     0.14882527441849,    -0.00000200878744,    1.00000071119894,    -0.00000200878887,    1.00000071119894,
   75,     0.14999999826044,    0.00000401624570,    0.99999959724622,    0.00000401624408,    0.99999959724622,
   76,     0.15117472471876,    0.00001074042056,    0.99999528356534,    0.00001074036991,    0.99999528356534,
   77,     0.15357384897560,    -0.00000347027110,    1.00000269092897,    -0.00000347028044,    1.00000269092897,
   78,     0.15642614335055,    -0.00003295908912,    1.00000792135509,    -0.00003295935020,    1.00000792135509,
   79,     0.15882526586071,    0.00006717263030,    0.99998337534966,    0.00006717151358,    0.99998337534966,
   80,     0.16000002291816,    0.00010698210390,    0.99997608533457,    0.00010697954546,    0.99997608533457,
   81,     0.16117478424758,    0.00006560940739,    0.99996389988043,    0.00006560703889,    0.99996389988043,
   82,     0.16357382698891,    -0.00028512214611,    1.00010618550094,    -0.00028515242195,    1.00010618550094,
   83,     0.16642599599111,    0.00044922401914,    0.99983642006970,    0.00044915053511,    0.99983642006970,
   84,     0.16882681629633,    0.00468330275402,    0.99852986542886,    0.00467641766873,    0.99852986542886,
   85,     0.17000392226019,    0.00820323471343,    0.99737643151175,    0.00818171296534,    0.99737643151175,
   86,     0.17118251405824,    0.01249914177366,    0.99600805229483,    0.01244924585334,    0.99600805229483,
   87,     0.17359512423185,    0.02280402541629,    0.99273371135528,    0.02263832478535,    0.99273371135528,
   88,     0.17647447961442,    0.03628667879747,    0.98844167828574,    0.03586726568999,    0.98844167828574,
   89,     0.17890627859602,    0.04826111170291,    0.98465780911282,    0.04752068051473,    0.98465780911282,
   90,     0.18010046576521,    0.05429976213578,    0.98274004107853,    0.05336255047187,    0.98274004107853,
   91,     0.18129699177986,    0.06041828127227,    0.98080897167972,    0.05925879232531,    0.98080897167972,
   92,     0.18374805997397,    0.07310282525798,    0.97679098730340,    0.07140618085841,    0.97679098730340,
   93,     0.18667543735165,    0.08858642061867,    0.97191282964433,    0.08609827873155,    0.97191282964433,
   94,     0.18914919817967,    0.10192042976784,    0.96773179588796,    0.09863164053691,    0.96773179588796,
   95,     0.19036439166379,    0.10852363305798,    0.96565921442707,    0.10479684624554,    0.96565921442707,
   96,     0.19158220968271,    0.11517962905524,    0.96356527270514,    0.11098309068069,    0.96356527270514,
   97,     0.19407763592478,    0.12897123684444,    0.95924098641922,    0.12371449645037,    0.95924098641922,
   98,     0.19705924047437,    0.14568757416643,    0.95402601340551,    0.13898973558472,    0.95402601340551,
   99,     0.19957984158006,    0.15999157891590,    0.94957540064907,    0.15192406764954,    0.94957540064907,
  100,     0.20081838176840,    0.16707665483402,    0.94737091803811,    0.15828356387284,    0.94737091803811,
  101,     0.20205981332527,    0.17420635602753,    0.94515725561710,    0.16465240137403,    0.94515725561710,
  102,     0.20460427806004,    0.18889523213748,    0.94059357726490,    0.17767364212448,    0.94059357726490,
  103,     0.20764559670789,    0.20663997047619,    0.93511212708142,    0.19323154233203,    0.93511212708142,
  104,     0.21021758908014,    0.22177095689548,    0.93045642121159,    0.20634821088164,    0.93045642121159,
  105,     0.21148167346308,    0.22922330142933,    0.92815854195692,    0.21275556523720,    0.92815854195692,
  106,     0.21274889868537,    0.23670992869056,    0.92584928493305,    0.21915771821471,    0.92584928493305,
  107,     0.21534680738999,    0.25214160693386,    0.92111208266803,    0.23225068069011,    0.92111208266803,
  108,     0.21845296378903,    0.27069984404130,    0.91544259904743,    0.24781016879090,    0.91544259904743,
  109,     0.22108057644490,    0.28644884339584,    0.91063870536550,    0.26085140390344,    0.91063870536550,
  110,     0.22237225273954,    0.29421124431475,    0.90827420268243,    0.26722448335018,    0.90827420268243,
  111,     0.22366730204093,    0.30200261040157,    0.90590118193857,    0.27358452171131,    0.90590118193857,
  112,     0.22632275162070,    0.31800253779458,    0.90104029303264,    0.28653309983955,    0.90104029303264,
  113,     0.22949856138384,    0.33722186113382,    0.89523673057161,    0.30189339643871,    0.89523673057161,
  114,     0.23218580230999,    0.35350288743557,    0.89032477727060,    0.31473237952059,    0.89032477727060,
  115,     0.23350703020702,    0.36150708868005,    0.88790526237576,    0.32098404642516,    0.88790526237576,
  116,     0.23483186201455,    0.36954308887617,    0.88548682114778,    0.32722553504609,    0.88548682114778,
  117,     0.23754883975366,    0.38607026083349,    0.88053515337286,    0.33994843633571,    0.88053515337286,
  118,     0.24079905773644,    0.40586864369035,    0.87461868145524,    0.35498029798848,    0.87461868145524,
  119,     0.24354997283451,    0.42263286379429,    0.86961607508816,    0.36752833221606,    0.86961607508816,
  120,     0.24490273626384,    0.43087902343204,    0.86716140726598,    0.37364166032071,    0.86716140726598,
  121,     0.24625934317323,    0.43915691577264,    0.86469502312700,    0.37973679944041,    0.86469502312700,
  122,     0.24904197722282,    0.45617442889347,    0.85965937290329,    0.39215462347707,    0.85965937290329,
  123,     0.25237158758299,    0.47654831174242,    0.85364314528312,    0.40680219971516,    0.85364314528312,
  124,     0.25519044150064,    0.49378166575041,    0.84855368359866,    0.41900025136599,    0.84855368359866,
  125,     0.25657686359470,    0.50227831452823,    0.84605847832943,    0.42495682648763,    0.84605847832943,
  126,     0.25796738434218,    0.51081035128003,    0.84355933515112,    0.43089884031409,    0.84355933515112,
  127,     0.26082008354935,    0.52830786344092,    0.83844146148354,    0.44295521713665,    0.83844146148354,
  128,     0.26423446206157,    0.54924670533244,    0.83232760253617,    0.45715319345024,    0.83232760253617,
  129,     0.26712585832713,    0.56698084840107,    0.82716309103000,    0.46898563111824,    0.82716309103000,
  130,     0.26854822144835,    0.57571488621530,    0.82462769599542,    0.47475044016999,    0.82462769599542,
  131,     0.26997496038355,    0.58448289245193,    0.82209770214821,    0.48050204282968,    0.82209770214821,
  132,     0.27290249926926,    0.60246584994457,    0.81690320386865,    0.49215628304117,    0.81690320386865,
  133,     0.27640743627934,    0.62396018515362,    0.81070012027260,    0.50584459714936,    0.81070012027260,
  134,     0.27937633538755,    0.64220156224407,    0.80547139174432,    0.51727498612111,    0.80547139174432,
  135,     0.28083709107364,    0.65116898192347,    0.80290646094919,    0.52282778275606,    0.80290646094919,
  136,     0.28230252427811,    0.66015974587007,    0.80033787101665,    0.52835084554054,    0.80033787101665,
  137,     0.28531005343850,    0.67860837418167,    0.79507313601289,    0.53954328818523,    0.79507313601289,
  138,     0.28891177358726,    0.70067935955528,    0.78879577642510,    0.55269291944545,    0.78879577642510,
  139,     0.29196350898034,    0.71940452535583,    0.78350683419557,    0.56365836216751,    0.78350683419557,
  140,     0.29346531057679,    0.72860327334414,    0.78091357857961,    0.56897618955199,    0.78091357857961,
  141,     0.29497212095275,    0.73781956564564,    0.77830612957150,    0.57424949045978,    0.77830612957150,
  142,     0.29806520120645,    0.75673588928124,    0.77298087032782,    0.58494236630491,    0.77298087032782,
  143,     0.30177043755531,    0.77940709906602,    0.76663771644394,    0.59752287860817,    0.76663771644394,
  144,     0.30491080993104,    0.79859017170676,    0.76128615557963,    0.60795564170231,    0.76128615557963,
  145,     0.30645655351361,    0.80801987655571,    0.75866265940591,    0.61301450840059,    0.75866265940591,
  146,     0.30800766626589,    0.81747631689607,    0.75602396063998,    0.61803168282915,    0.75602396063998,
  147,     0.31119233936262,    0.83688861871443,    0.75064885956186,    0.62820948721829,    0.75064885956186,
  148,     0.31500843670531,    0.86013432134133,    0.74424049953143,    0.64014679697920,    0.74424049953143,
  149,     0.31824378937033,    0.87976745331124,    0.73883020433635,    0.64999876729842,    0.73883020433635,
  150,     0.31983662123689,    0.88943473753925,    0.73618501391975,    0.65478852463604,    0.73618501391975,
  151,     0.32143520049868,    0.89913728974739,    0.73352737164737,    0.65954181289854,    0.73352737164737,
  152,     0.32471800086663,    0.91902068913068,    0.72810811645938,    0.66914642295014,    0.72810811645938,
  153,     0.32865291154264,    0.94277217078723,    0.72164523124412,    0.68034704119827,    0.72164523124412,
  154,     0.33199003298914,    0.96286229851585,    0.71620120565953,    0.68960313908116,    0.71620120565953,
  155,     0.33363329619326,    0.97275355852936,    0.71354573278722,    0.69410415074221,    0.71354573278722,
  156,     0.33528270746995,    0.98266740173537,    0.71087311380468,    0.69855183570598,    0.71087311380468,
  157,     0.33867061438796,    1.00294873070073,    0.70541700674613,    0.70749709153074,    0.70541700674613,
  158,     0.34273278602776,    1.02721502311037,    0.69892146745189,    0.71794263134093,    0.69892146745189,
  159,     0.34617888711034,    1.04777868811942,    0.69345280503493,    0.72658507033224,    0.69345280503493,
  160,     0.34787618570797,    1.05787906166710,    0.69077677513540,    0.73075828670167,    0.69077677513540,
  161,     0.34958010154412,    1.06800776779899,    0.68807708794648,    0.73487167477134,    0.68807708794648,
  162,     0.35308080431771,    1.08877828578942,    0.68258535546694,    0.74318411323025,    0.68258535546694,
  163,     0.35727952663855,    1.11350526992077,    0.67608680269925,    0.75282621772950,    0.67608680269925,
  164,     0.36084248877692,    1.13439283402832,    0.67061489830740,    0.76074073503255,    0.67061489830740,
  165,     0.36259772713553,    1.14464629209660,    0.66792049742065,    0.76453272078787,    0.66792049742065,
  166,     0.36436003747374,    1.15493474173770,    0.66524221010109,    0.76831134011611,    0.66524221010109,
  167,     0.36798134908333,    1.17607525023496,    0.65976366997007,    0.77593172325599,    0.65976366997007,
  168,     0.37232610454517,    1.20126435192621,    0.65323815367133,    0.78471170732346,    0.65323815367133,
  169,     0.37601426592407,    1.22252862272964,    0.64775735075472,    0.79190190188117,    0.64775735075472,
  170,     0.37783154041298,    1.23299192370474,    0.64508477426077,    0.79538431676842,    0.64508477426077,
  171,     0.37965636786168,    1.24346108106703,    0.64240804952437,    0.79880940774773,    0.64240804952437,
  172,     0.38340693028126,    1.26480798415401,    0.63693970800181,    0.80560642810541,    0.63693970800181,
  173,     0.38790800895271,    1.29028755258929,    0.63047059579415,    0.81348836202674,    0.63047059579415,
  174,     0.39172974359058,    1.31175072168354,    0.62504966572432,    0.81990935010194,    0.62504966572432,
  175,     0.39361316485506,    1.32224127799952,    0.62238989616041,    0.82294961171313,    0.62238989616041,
  176,     0.39550462693533,    1.33273633023632,    0.61974411454715,    0.82595549690713,    0.61974411454715,
  177,     0.39939265567863,    1.35420610935276,    0.61437519803077,    0.83199064660808,    0.61437519803077,
  178,     0.40405947692604,    1.37964395856295,    0.60802004152372,    0.83885117697340,    0.60802004152372,
  179,     0.40802261904386,    1.40097872660193,    0.60271477941356,    0.84439058416698,    0.60271477941356,
  180,     0.40997583527146,    1.41139742792713,    0.60014755706718,    0.84704671842137,    0.60014755706718,
  181,     0.41193742976610,    1.42178996380738,    0.59758085375134,    0.84963446042710,    0.59758085375134,
  182,     0.41596982963311,    1.44295439545498,    0.59235523854520,    0.85474159512958,    0.59235523854520,
  183,     0.42081014081081,    1.46791902557196,    0.58624729943327,    0.86056356452828,    0.58624729943327,
  184,     0.42492015369868,    1.48847067713633,    0.58122667553271,    0.86513886329988,    0.58122667553271,
  185,     0.42694550514789,    1.49845387046929,    0.57879272757484,    0.86729420283399,    0.57879272757484,
  186,     0.42897934574818,    1.50842127949415,    0.57638656887893,    0.86943376571160,    0.57638656887893,
  187,     0.43315953914513,    1.52867790723449,    0.57148199215300,    0.87361189578665,    0.57148199215300,
  188,     0.43817566345830,    1.55216171552300,    0.56583300989336,    0.87826433533561,    0.56583300989336,
  189,     0.44243275125907,    1.57091479586374,    0.56133114823861,    0.88180340614722,    0.56133114823861,
  190,     0.44452947087364,    1.57979337018701,    0.55921421596460,    0.88344291089520,    0.55921421596460,
  191,     0.44663412412028,    1.58862530658546,    0.55710277427430,    0.88502756558112,    0.55710277427430,
  192,     0.45095762717105,    1.60733016143765,    0.55265961806243,    0.88830647312036,    0.55265961806243,
  193,     0.45614364494309,    1.62910508319166,    0.54751178289423,    0.89195422862031,    0.54751178289423,
  194,     0.46053690837782,    1.63850236764423,    0.54523367108004,    0.89336666098400,    0.54523367108004,
  195,     0.46269084317420,    1.63718770842638,    0.54569619026506,    0.89340709523706,    0.54569619026506,
  196,     0.46484201049481,    1.63284378872355,    0.54663552337492,    0.89257041903838,    0.54663552337492,
  197,     0.46922261249146,    1.62524878795672,    0.54835829540724,    0.89121865497663,    0.54835829540724,
  198,     0.47443071380935,    1.63589773478370,    0.54603722519785,    0.89326105980875,    0.54603722519785,
  199,     0.47884520807656,    1.65720274853537,    0.54063395632222,    0.89594007836874,    0.54063395632222,
  200,     0.48102355178560,    1.66991566227758,    0.53790249946324,    0.89825180863192,    0.53790249946324,
  201,     0.48321358460205,    1.68274414988831,    0.53499312891825,    0.90025655791762,    0.53499312891825,
  202,     0.48772044885128,    1.70450695539112,    0.52989346118132,    0.90320709019983,    0.52989346118132,
  203,     0.49312486978135,    1.72008953915634,    0.52612493651957,    0.90498199959661,    0.52612493651957,
  204,     0.49769140938225,    1.72659705647367,    0.52481517253402,    0.90614433208997,    0.52481517253402,
  205,     0.49993059801340,    1.72797284540917,    0.52444356526714,    0.90622423973118,    0.52444356526714,
  206,     0.50217140366597,    1.72924255941374,    0.52401771347160,    0.90615373202176,    0.52401771347160,
  207,     0.50675515882178,    1.73577205791428,    0.52259053197604,    0.90709804313457,    0.52259053197604,
  208,     0.51222947016579,    1.75111687884617,    0.51916661222459,    0.90912141759986,    0.51916661222459,
  209,     0.51686762576591,    1.76617447700353,    0.51532755366710,    0.91015837258350,    0.51532755366710,
  210,     0.51915106509300,    1.77462442294611,    0.51374440573646,    0.91170336957186,    0.51374440573646,
  211,     0.52144174938832,    1.78197318337794,    0.51203451179241,    0.91243176897808,    0.51203451179241,
  212,     0.52613262788702,    1.78581289613946,    0.51130344909979,    0.91309229324299,    0.51130344909979,
  213,     0.53170804872393,    1.78098060302327,    0.51180427892045,    0.91151349330164,    0.51180427892045,
  214,     0.53639758002613,    1.78848096235875,    0.51112117335402,    0.91413048800213,    0.51112117335402,
  215,     0.53869778461016,    1.78964827788853,    0.51009322785402,    0.91288746679154,    0.51009322785402,
  216,     0.54100072091552,    1.78991507491363,    0.51000536355009,    0.91286628850511,    0.51000536355009,
  217,     0.54571384440569,    1.79891470356581,    0.50789152675754,    0.91365353530062,    0.50789152675754,
  218,     0.55134030519690,    1.80890570311793,    0.50644947310622,    0.91611934024292,    0.50644947310622,
  219,     0.55607665727707,    1.80091391145519,    0.50658885746027,    0.91232292078839,    0.50658885746027,
  220,     0.55839655672705,    1.80439417409155,    0.50615927360243,    0.91331084445064,    0.50615927360243,
  221,     0.56071605463369,    1.80922194765073,    0.50663258603174,    0.91661079404366,    0.50663258603174,
  222,     0.56544831774422,    1.80424704562040,    0.50709450372146,    0.91492376018979,    0.50709450372146,
  223,     0.57107933576518,    1.80593310402295,    0.50579162870636,    0.91342584601850,    0.50579162870636,
  224,     0.57582250776577,    1.80772161325343,    0.50672205773898,    0.91601241568700,    0.50672205773898,
  225,     0.57813381800195,    1.80342241128554,    0.51039517349309,    0.92045809448940,    0.51039517349309,
  226,     0.58044595978449,    1.80178554097393,    0.50630598062092,    0.91225479519139,    0.50630598062092,
  227,     0.58519323982724,    1.80995433567763,    0.50552979882498,    0.91498585119750,    0.50552979882498,
  228,     0.59082353697340,    1.80293557907222,    0.50734809012290,    0.91471592265691,    0.50734809012290,
  229,     0.59555656440686,    1.81144663744066,    0.50586888669797,    0.91635449379489,    0.50586888669797,
  230,     0.59788250699054,    1.80770987390961,    0.50370274208851,    0.91054842038874,    0.50370274208851,
  231,     0.60020637694093,    1.80347592563643,    0.50701157512688,    0.91438316976034,    0.50701157512688,
  232,     0.60493735785081,    1.80889527115993,    0.50631179925864,    0.91586501941143,    0.50631179925864,
  233,     0.61057878434881,    1.80683531626182,    0.50569276166695,    0.91370354095781,    0.50569276166695,
  234,     0.61531620607046,    1.81127550989540,    0.50666360706103,    0.91770738322491,    0.50666360706103,
  235,     0.61763903069211,    1.80770080430378,    0.50391421991809,    0.91092614064604,    0.50391421991809,
  236,     0.61996400321621,    1.80665826052775,    0.50628352942395,    0.91468132060292,    0.50628352942395,
  237,     0.62470316986816,    1.80938906166857,    0.50562419600135,    0.91487088955981,    0.50562419600135,
  238,     0.63034709428029,    1.81101791047163,    0.50581855964177,    0.91604647096021,    0.50581855964177,
  239,     0.63508363154192,    1.80327105076719,    0.50658247628560,    0.91350551431178,    0.50658247628560,
  240,     0.63740750447477,    1.81604208428918,    0.50206808079637,    0.91177676390451,    0.50206808079637,
  241,     0.63974075132496,    1.81469537076282,    0.50572248238285,    0.91773224767084,    0.50572248238285,
  242,     0.64447653573934,    1.80638151389010,    0.50617331087478,    0.91434211158875,    0.50617331087478,
  243,     0.65012155628297,    1.81228453376900,    0.50506282433846,    0.91531754513028,    0.50506282433846,
  244,     0.65486560706282,    1.80758233980461,    0.50614373184632,    0.91489647108820,    0.50614373184632,
  245,     0.65718906442560,    1.81773514169620,    0.50506216012868,    0.91806923720690,    0.50506216012868,
  246,     0.65951242289518,    1.80821924307404,    0.50560323674556,    0.91424150204384,    0.50560323674556,
  247,     0.66425840490391,    1.81042415552903,    0.50543994881566,    0.91506069250523,    0.50543994881566,
  248,     0.66990037020599,    1.81061377541782,    0.50573534384789,    0.91569138028666,    0.50573534384789,
  249,     0.67464425786162,    1.80853231982612,    0.50546042734957,    0.91414151925481,    0.50546042734957,
  250,     0.67697042037617,    1.81192731311407,    0.50481449098651,    0.91468716427424,    0.50481449098651,
  251,     0.67843410886945,    1.80961886397268,    0.50555568061391,    0.91486309642748,    0.50555568061391,
  252,     0.67915703158428,    1.81182667205790,    0.50580222603256,    0.91642596391205,    0.50580222603256,
  253,     0.68024383788490,    1.81247689719675,    0.50613400603794,    0.91735619282941,    0.50613400603794,
  254,     0.68129818679220,    1.81135239626749,    0.50631514273418,    0.91711514705808,    0.50631514273418,
  255,     0.68171520632682,    1.81080941185130,    0.50619408865800,    0.91662101996540,    0.50619408865800,
  256,     0.68217930828169,    1.81046521729665,    0.50618479406694,    0.91642996318266,    0.50618479406694,
  257,     0.68312736862546,    1.80934907350507,    0.50602468978409,    0.91557530363154,    0.50602468978409,
  258,     0.68425512049301,    1.80771115210149,    0.50561943431752,    0.91401389013502,    0.50561943431752,
  259,     0.68520440546915,    1.80725803978537,    0.50536964142448,    0.91333334752783,    0.50536964142448,
  260,     0.68566925234904,    1.80724546401721,    0.50530761810252,    0.91321490074913,    0.50530761810252,
  261,     0.68613450049528,    1.80819708934508,    0.50490307338169,    0.91296426769015,    0.50490307338169,
  262,     0.68708500752230,    1.80893156413295,    0.50475654145036,    0.91307004003214,    0.50475654145036,
  263,     0.68821512442299,    1.81012374546793,    0.50484725404978,    0.91383600238979,    0.50484725404978,
  264,     0.68916534301611,    1.81103307603229,    0.50510626818800,    0.91476415859971,    0.50510626818800,
  265,     0.68963039283456,    1.81200973513297,    0.50547928042946,    0.91593337704620,    0.50547928042946,
  266,     0.69009501374207,    1.81293511708444,    0.50571096871308,    0.91682117427473,    0.50571096871308,
  267,     0.69104349296489,    1.81355610337276,    0.50610485789592,    0.91784955398375,    0.50610485789592,
  268,     0.69217003180114,    1.81029662416922,    0.50663217510437,    0.91715451628694,    0.50663217510437,
  269,     0.69311696736900,    1.80814490359621,    0.50669919758825,    0.91618557177549,    0.50669919758825,
  270,     0.69358072835730,    1.80797834909166,    0.50646425437767,    0.91567640650368,    0.50646425437767,
  271,     0.69404476694226,    1.80770619251045,    0.50617004445004,    0.91500672381562,    0.50617004445004,
  272,     0.69499313400814,    1.80852216330578,    0.50575678142065,    0.91467234844144,    0.50575678142065,
  273,     0.69612141852180,    1.80873706983800,    0.50547922167131,    0.91427900626976,    0.50547922167131,
  274,     0.69707079153157,    1.80934948330028,    0.50535244485258,    0.91435918497856,    0.50535244485258,
  275,     0.69753572804805,    1.80949696228621,    0.50534363710246,    0.91441777624757,    0.50534363710246,
  276,     0.69800073640793,    1.80900168199481,    0.50514140144214,    0.91380164485405,    0.50514140144214,
  277,     0.69895076067943,    1.80992228560644,    0.50505020893475,    0.91410162850120,    0.50505020893475,
  278,     0.70008014219344,    1.80999632315386,    0.50518815911890,    0.91438871050608,    0.50518815911890,
  279,     0.70102975936665,    1.81067522383148,    0.50540228853983,    0.91511940192679,    0.50540228853983,
  280,     0.70149453851481,    1.81056931808486,    0.50557647611818,    0.91538125560504,    0.50557647611818,
  281,     0.70195921246718,    1.81189892279830,    0.50566361079180,    0.91621135169196,    0.50566361079180,
  282,     0.70290794606341,    1.81086995570131,    0.50587557107756,    0.91607487298759,    0.50587557107756,
  283,     0.70403497212892,    1.80838575365323,    0.50650690301580,    0.91595986754078,    0.50650690301580,
  284,     0.70498194030045,    1.80718927609428,    0.50671783270861,    0.91573503327674,    0.50671783270861,
  285,     0.70544577698210,    1.80861715115560,    0.50629432143942,    0.91569259328802,    0.50629432143942,
  286,     0.70590971882434,    1.80749259470253,    0.50640197759037,    0.91531782443732,    0.50640197759037,
  287,     0.70685765003421,    1.80830490386649,    0.50591395301541,    0.91484668217224,    0.50591395301541,
  288,     0.70798573604059,    1.80829437897056,    0.50556589163860,    0.91421196004932,    0.50556589163860,
  289,     0.70893487951198,    1.80858465300411,    0.50545113449220,    0.91415116468611,    0.50545113449220,
  290,     0.70939983618544,    1.80830644704587,    0.50502853430730,    0.91324635453001,    0.50502853430730,
  291,     0.70986493173272,    1.80843308976995,    0.50528696627933,    0.91377766964901,    0.50528696627933,
  292,     0.71081444638928,    1.80998092831666,    0.50531169423149,    0.91460452941438,    0.50531169423149,
  293,     0.71194345303328,    1.81161329355564,    0.50529626808680,    0.91540143645011,    0.50529626808680,
  294,     0.71289291751571,    1.81270613411275,    0.50540623813990,    0.91615298809505,    0.50540623813990,
  295,     0.71335781619263,    1.81290001529841,    0.50540769750654,    0.91625362254155,    0.50540769750654,
  296,     0.71382267125589,    1.81258355210618,    0.50540306867535,    0.91608528946492,    0.50540306867535,
  297,     0.71477144313873,    1.80860250808197,    0.50615181991935,    0.91542745097640,    0.50615181991935,
  298,     0.71589767447899,    1.80548754011140,    0.50671402466569,    0.91486585793360,    0.50671402466569,
  299,     0.71684480287842,    1.80664638438003,    0.50645058401083,    0.91497711647033,    0.50645058401083,
  300,     0.71730874962070,    1.80624860997230,    0.50639154849365,    0.91466903056838,    0.50639154849365,
  301,     0.71777278809544,    1.80678915973169,    0.50621995070679,    0.91463271937694,    0.50621995070679,
  302,     0.71872096794184,    1.80773297536680,    0.50588649306737,    0.91450769531056,    0.50588649306737,
  303,     0.71984893844572,    1.80905005333675,    0.50562091712362,    0.91469354709067,    0.50562091712362,
  304,     0.72079811551418,    1.80897715399955,    0.50538305558249,    0.91422640156721,    0.50538305558249,
  305,     0.72126309493159,    1.80904722256460,    0.50524390539111,    0.91401008376548,    0.50524390539111,
  306,     0.72172799681588,    1.80969860950897,    0.50537898141157,    0.91458363993558,    0.50537898141157,
  307,     0.72267746579628,    1.81158806339852,    0.50534158995720,    0.91547079230530,    0.50534158995720,
  308,     0.72380622188135,    1.81163613421218,    0.50549207221010,    0.91576770357362,    0.50549207221010,
  309,     0.72475520161350,    1.81129226961197,    0.50573461169776,    0.91603319264336,    0.50573461169776,
  310,     0.72521974730509,    1.80984935075869,    0.50585671143308,    0.91552444076409,    0.50585671143308,
  311,     0.72568408863943,    1.80943469122708,    0.50602172227536,    0.91561325879951,    0.50602172227536,
  312,     0.72663191109136,    1.80621519724567,    0.50645589312050,    0.91476833088887,    0.50645589312050,
  313,     0.72775806691217,    1.80626278313749,    0.50654964040541,    0.91496176327598,    0.50654964040541,
  314,     0.72870544799907,    1.80680677719784,    0.50645717220963,    0.91507025110881,    0.50645717220963,
  315,     0.72916924897376,    1.80853367881835,    0.50667882021426,    0.91634571070144,    0.50667882021426,
  316,     0.72963319222793,    1.80718852922492,    0.50623091515685,    0.91485470301050,    0.50623091515685,
  317,     0.73058138145326,    1.80781801070083,    0.50593852355194,    0.91464477518458,    0.50593852355194,
  318,     0.73170894996035,    1.80841555888510,    0.50590832929706,    0.91489249407037,    0.50590832929706,
  319,     0.73265756654511,    1.80967741008593,    0.50564768940119,    0.91505920097147,    0.50564768940119,
  320,     0.73312234601412,    1.81091762423556,    0.50555737251084,    0.91552275594211,    0.50555737251084,
  321,     0.73358704874146,    1.80950560402136,    0.50543976040420,    0.91459607894662,    0.50543976040420,
  322,     0.73453637966775,    1.80946105063072,    0.50551888226197,    0.91471672781141,    0.50551888226197,
  323,     0.73566457493839,    1.80899205002247,    0.50573075469552,    0.91486291469607,    0.50573075469552,
  324,     0.73661314532753,    1.80863910357630,    0.50605183058954,    0.91526512924062,    0.50605183058954,
  325,     0.73707718116216,    1.80676371312848,    0.50659174047552,    0.91529157406177,    0.50659174047552,
  326,     0.73754099956437,    1.80561179131677,    0.50657464809972,    0.91467715779099,    0.50657464809972,
  327,     0.73848796777727,    1.80572814952526,    0.50679933871864,    0.91514183208503,    0.50679933871864,
  328,     0.73961363830728,    1.80638098234191,    0.50666017899173,    0.91522131184060,    0.50666017899173,
  329,     0.74056096816393,    1.80691718366343,    0.50638447245037,    0.91499480481092,    0.50638447245037,
  330,     0.74102490788607,    1.80657240963901,    0.50639296943298,    0.91483556701279,    0.50639296943298,
  331,     0.74148893788707,    1.80815620570667,    0.50631891058883,    0.91550368024783,    0.50631891058883,
  332,     0.74243667871612,    1.80709497109572,    0.50622224830323,    0.91479167916553,    0.50622224830323,
  333,     0.74356383767098,    1.80729936061018,    0.50596341188439,    0.91442735079080,    0.50596341188439,
  334,     0.74451254339556,    1.80738127314661,    0.50551278750133,    0.91365434546605,    0.50551278750133,
  335,     0.74497747613486,    1.80827744609202,    0.50521356215670,    0.91356628990777,    0.50521356215670,
  336,     0.74544223928748,    1.80910069043047,    0.50569252215288,    0.91484869097231,    0.50569252215288,
  337,     0.74639070052348,    1.80844197301620,    0.50602705246940,    0.91512056116734,    0.50602705246940,
  338,     0.74751787439798,    1.80850994838887,    0.50618767188682,    0.91544544035911,    0.50618767188682,
  339,     0.74846545725846,    1.80719544030980,    0.50662808802769,    0.91557597061651,    0.50662808802769,
  340,     0.74892901111031,    1.80575743369856,    0.50687607396843,    0.91529523853243,    0.50687607396843,
  341,     0.74939264416561,    1.80524673907384,    0.50679673972207,    0.91489316175652,    0.50679673972207,
  342,     0.75033936449258,    1.80442090105156,    0.50682392975878,    0.91452369200984,    0.50682392975878,
  343,     0.75146504813738,    1.80577564336430,    0.50670583043289,    0.91499704694639,    0.50670583043289,
  344,     0.75241210422715,    1.80718209237380,    0.50658997403694,    0.91550032925567,    0.50658997403694,
  345,     0.75287590779005,    1.80675022459330,    0.50637372800411,    0.91489084679957,    0.50637372800411,
  346,     0.75333994217405,    1.80687566018567,    0.50637292659832,    0.91495291604749,    0.50637292659832,
  347,     0.75428747918226,    1.80627068654156,    0.50636424973442,    0.91463090100790,    0.50636424973442,
  348,     0.75541421874566,    1.80663917001718,    0.50622744316353,    0.91457032775687,    0.50622744316353,
  349,     0.75636218969511,    1.80692239191526,    0.50606443597801,    0.91441916112063,    0.50606443597801,
  350,     0.75682652500459,    1.80781974322404,    0.50603442935232,    0.91481903213423,    0.50603442935232,
  351,     0.75729062863520,    1.80737700079173,    0.50626548739526,    0.91501259821281,    0.50626548739526,
  352,     0.75823834829272,    1.80723370061715,    0.50630524279644,    0.91501189758087,    0.50630524279644,
  353,     0.75936503920563,    1.80637450989004,    0.50634650774669,    0.91465142476546,    0.50634650774669,
  354,     0.76031251458373,    1.80580791970548,    0.50653513028343,    0.91470514987486,    0.50653513028343,
  355,     0.76077626417128,    1.80542072899472,    0.50667863303686,    0.91476810702346,    0.50667863303686,
  356,     0.76123997040146,    1.80505195649543,    0.50669992811425,    0.91461969659873,    0.50669992811425,
  357,     0.76218676008493,    1.80515347270183,    0.50688261825077,    0.91500091858757,    0.50688261825077,
  358,     0.76331202246627,    1.80603848379458,    0.50700599237905,    0.91567233375102,    0.50700599237905,
  359,     0.76425844056867,    1.80729274122116,    0.50694871218874,    0.91620472771011,    0.50694871218874,
  360,     0.76472191994789,    1.80723593684104,    0.50679242445997,    0.91589348200285,    0.50679242445997,
  361,     0.76518569849549,    1.80695056919767,    0.50649594769554,    0.91521314098477,    0.50649594769554,
  362,     0.76613317191519,    1.80652070042045,    0.50640591005759,    0.91483275933429,    0.50640591005759,
  363,     0.76725955672118,    1.80617896562368,    0.50652056340594,    0.91486678727966,    0.50652056340594,
  364,     0.76820670202848,    1.80597795293282,    0.50669962135810,    0.91508834493214,    0.50669962135810,
  365,     0.76867031065374,    1.80594322747281,    0.50634726974799,    0.91443442255073,    0.50634726974799,
  366,     0.76913530345132,    1.80544710639365,    0.50477379657220,    0.91134239040462,    0.50477379657220,
  367,     0.77008708190401,    1.80368383096707,    0.50368009928668,    0.90847965106327,    0.50368009928668,
  368,     0.77122008321898,    1.80095634119205,    0.50348308925553,    0.90675106227771,    0.50348308925553,
  369,     0.77217250616495,    1.79879315696892,    0.50430800610322,    0.90714579038311,    0.50430800610322,
  370,     0.77263796654325,    1.79805305668446,    0.50408283112646,    0.90636767532908,    0.50408283112646,
  371,     0.77310689623127,    1.79641714632679,    0.49941920702430,    0.89716522670338,    0.49941920702430,
  372,     0.77407181495642,    1.79084488184482,    0.49570129962755,    0.88772413536182,    0.49570129962755,
  373,     0.77522436088235,    1.78247408151943,    0.49475157489100,    0.88188185903412,    0.49475157489100,
  374,     0.77619253066284,    1.77574811601303,    0.49709808425063,    0.88272098658175,    0.49709808425063,
  375,     0.77666387763024,    1.77326798626467,    0.49763103035496,    0.88243317510035,    0.49763103035496,
  376,     0.77714280133040,    1.76916614724063,    0.48658149610520,    0.86084351078302,    0.48658149610520,
  377,     0.77814009761581,    1.75558542293425,    0.47710502486214,    0.83759862685665,    0.47710502486214,
  378,     0.77934082854848,    1.73507078894816,    0.47443174130212,    0.82317265568312,    0.47443174130212,
  379,     0.78034793038772,    1.71852427041196,    0.48007613202126,    0.82502248452403,    0.48007613202126,
  380,     0.78083397340437,    1.71236663273990,    0.48349848877942,    0.82792667916605,    0.48349848877942,
  381,     0.78133373934658,    1.70429365191063,    0.46191384367837,    0.78723683151069,    0.46191384367837,
  382,     0.78239932445041,    1.67710829322226,    0.44162959648567,    0.74066065879852,    0.44162959648567,
  383,     0.78370459634936,    1.63435394378862,    0.43536703573922,    0.71154383185595,    0.43536703573922,
  384,     0.78479632266870,    1.59972102100392,    0.44710689095219,    0.71524629209193,    0.44710689095219,
  385,     0.78531386716250,    1.58705711539253,    0.45855607438805,    0.72775468066402,    0.45855607438805,
  386,     0.78584891916578,    1.57454310245808,    0.42544860662832,    0.66988716901702,    0.42544860662832,
  387,     0.78703375816033,    1.53122118469680,    0.38952083714798,    0.59644255772181,    0.38952083714798,
  388,     0.78853296341084,    1.45773618821640,    0.37676342179252,    0.54922167434319,    0.37676342179252,
  389,     0.78978340138703,    1.39691859940944,    0.39675634793535,    0.55423632186466,    0.39675634793535,
  390,     0.79035867298034,    1.37508301092050,    0.42258496591945,    0.58108940730625,    0.42258496591945,
  391,     0.79094291325699,    1.35860695674305,    0.38402608049521,    0.52174050453155,    0.38402608049521,
  392,     0.79229391543713,    1.30421729682304,    0.33323275947827,    0.43460792877963,    0.33323275947827,
  393,     0.79408575909443,    1.20467612182354,    0.31094719878429,    0.37459066552336,    0.31094719878429,
  394,     0.79558753461672,    1.11506341865103,    0.33657089392545,    0.37529789159894,    0.33657089392545,
  395,     0.79625460266057,    1.08165780228156,    0.37808359625871,    0.40895707180790,    0.37808359625871,
  396,     0.79690365455381,    1.05896834398644,    0.34270395876007,    0.36291264368575,    0.34270395876007,
  397,     0.79844691366727,    0.99826056183836,    0.28649955654934,    0.28600120828738,    0.28649955654934,
  398,     0.80058320366978,    0.89499803919554,    0.25508775921869,    0.22830304432351,    0.25508775921869,
  399,     0.80241940162721,    0.78754916457297,    0.27695295653232,    0.21811406954304,    0.27695295653232,
  400,     0.80322117228022,    0.74029567291387,    0.32602444276905,    0.24135448424609,    0.32602444276905,
  401,     0.80396580404968,    0.70469584185855,    0.29857629007041,    0.21040547009017,    0.29857629007041,
  402,     0.80573544634456,    0.62744751737021,    0.24979566478126,    0.15673366971684,    0.24979566478126,
  403,     0.80819119305782,    0.54052374398437,    0.22034866177674,    0.11910368364551,    0.22034866177674,
  404,     0.81035329813092,    0.46094991114881,    0.23076262273768,    0.10637001044740,    0.23076262273768,
  405,     0.81132470386414,    0.41022367118762,    0.26811867839206,    0.10998862856396,    0.26811867839206,
  406,     0.81221758484210,    0.35875558130587,    0.25126166998492,    0.09014152647532,    0.25126166998492,
  407,     0.81426965947906,    0.27330566041194,    0.22071096481959,    0.06032155600017,    0.22071096481959,
  408,     0.81696345318330,    0.21962054046310,    0.20575343719674,    0.04518768107929,    0.20575343719674,
  409,     0.81929944308309,    0.19114831148246,    0.20818985621828,    0.03979513948390,    0.20818985621828,
  410,     0.82040518019434,    0.16383567613941,    0.22382058662401,    0.03666979714346,    0.22382058662401,
  411,     0.82145995383503,    0.12387892306784,    0.21737000608276,    0.02692756226078,    0.21737000608276,
  412,     0.82373983445997,    0.07722300451129,    0.20562262590357,    0.01587879696777,    0.20562262590357,
  413,     0.82654932325079,    0.05825963604459,    0.20139011493671,    0.01173291479919,    0.20139011493671,
  414,     0.82893503859261,    0.05182688822071,    0.20166144294041,    0.01045148506170,    0.20166144294041,
  415,     0.83009380426236,    0.04425288746994,    0.20582000637637,    0.00910812958124,    0.20582000637637,
  416,     0.83123632783787,    0.02991033096352,    0.20414096737327,    0.00610592389735,    0.20414096737327,
  417,     0.83360744606324,    0.01674177731009,    0.20118406192876,    0.00336817876315,    0.20118406192876,
  418,     0.83645066331180,    0.01229216925139,    0.20029876559873,    0.00246210632758,    0.20029876559873,
  419,     0.83884707675693,    0.01097072239283,    0.20030964051771,    0.00219754145873,    0.20030964051771,
  420,     0.84001861391560,    0.00938852202518,    0.20121040351671,    0.00188906830511,    0.20121040351671,
  421,     0.84118651366606,    0.00608569027120,    0.20085148137194,    0.00122231990614,    0.20085148137194,
  422,     0.84357990862345,    0.00334532310075,    0.20023269580166,    0.00066984306279,    0.20023269580166,
  423,     0.84643052136043,    0.00247716262506,    0.20004844657681,    0.00049555253506,    0.20004844657681,
  424,     0.84882922632186,    0.00213719005742,    0.20005342362279,    0.00042755218792,    0.20005342362279,
  425,     0.85000333591051,    0.00180626879581,    0.20024757756609,    0.00036170095079,    0.20024757756609,
  426,     0.85117667457359,    0.00108681931658,    0.20016934319069,    0.00021754790877,    0.20016934319069,
  427,     0.85357462101284,    0.00059619965282,    0.20005361893586,    0.00011927189815,    0.20005361893586,
  428,     0.85642649476018,    0.00041432048094,    0.20001091253445,    0.00008286861747,    0.20001091253445,
  429,     0.85882564843713,    0.00039018288916,    0.19999056840381,    0.00007803289778,    0.19999056840381,
  430,     0.86000037554342,    0.00034658304596,    0.20003419176480,    0.00006932845948,    0.20003419176480,
  431,     0.86117486870339,    0.00021144532856,    0.20002704011811,    0.00004229478322,    0.20002704011811,
  432,     0.86357384098300,    0.00001142926634,    0.20000263552797,    0.00000228588339,    0.20000263552797,
  433,     0.86642615866680,    -0.00000119121875,    0.19999940038761,    -0.00000023824304,    0.19999940038761,
  434,     0.86882527621894,    0.00000097900912,    0.20000043013856,    0.00000019580224,    0.20000043013856,
  435,     0.86999999961342,    -0.00000145826397,    0.19999957718960,    -0.00000029165218,    0.19999957718960,
  436,     0.87117472348743,    -0.00000001113357,    0.19999997218560,    -0.00000000222671,    0.19999997218560,
  437,     0.87357384241927,    0.00000002963887,    0.20000001489944,    0.00000000592778,    0.20000001489944,
  438,     0.87642615758230,    -0.00000000698566,    0.19999999253661,    -0.00000000139713,    0.19999999253661,
  439,     0.87882527661998,    0.00000000440703,    0.20000000645950,    0.00000000088141,    0.20000000645950,
  440,     0.87999999999901,    -0.00000000393943,    0.19999999337751,    -0.00000000078789,    0.19999999337751,
  441,     0.88117472338043,    -0.00000000015689,    0.19999999992859,    -0.00000000003138,    0.19999999992859,
  442,     0.88357384241760,    0.00000000004258,    0.20000000002500,    0.00000000000852,    0.20000000002500,
  443,     0.88642615758240,    -0.00000000000943,    0.19999999998713,    -0.00000000000189,    0.19999999998713,
  444,     0.88882527661965,    0.00000000000502,    0.20000000001116,    0.00000000000100,    0.20000000001116,
  445,     0.89000000000000,    -0.00000000000421,    0.19999999998845,    -0.00000000000084,    0.19999999998845,
  446,     0.89117472338035,    -0.00000000000012,    0.19999999999995,    -0.00000000000002,    0.19999999999995,
  447,     0.89357384241760,    -0.00000000000001,    0.20000000000001,    -0.00000000000000,    0.20000000000001,
  448,     0.89642615758240,    0.00000000000001,    0.20000000000000,    0.00000000000000,    0.20000000000000,
  449,     0.89882527661965,    -0.00000000000002,    0.20000000000000,    -0.00000000000000,    0.20000000000000,
  450,     0.90000000000000,    -0.00000000000010,    0.19999999999998,    -0.00000000000002,    0.19999999999998,
  451,     0.90117472338035,    -0.00000000000004,    0.20000000000000,    -0.00000000000001,    0.20000000000000,
  452,     0.90357384241760,    -0.00000000000001,    0.20000000000000,    -0.00000000000000,    0.20000000000000,
  453,     0.90642615758240,    -0.00000000000001,    0.20000000000000,    -0.00000000000000,    0.20000000000000,
  454,     0.90882527661965,    -0.00000000000002,    0.20000000000000,    -0.00000000000000,    0.20000000000000,
  455,     0.91000000000000,    -0.00000000000004,    0.20000000000000,    -0.00000000000001,    0.20000000000000,
  456,     0.91117472338035,    -0.00000000000004,    0.20000000000000,    -0.00000000000001,    0.20000000000000,
  457,     0.91357384241760,    -0.00000000000001,    0.20000000000000,    -0.00000000000000,    0.20000000000000,
  458,     0.91642615758240,    -0.00000000000001,    0.20000000000000,    -0.00000000000000,    0.20000000000000,
  459,     0.91882527661965,    -0.00000000000002,    0.20000000000000,    -0.00000000000000,    0.20000000000000,
  460,     0.92000000000000,    -0.00000000000005,    0.20000000000000,    -0.00000000000001,    0.20000000000000,
  461,     0.92117472338035,    -0.00000000000003,    0.20000000000000,    -0.00000000000001,    0.20000000000000,
  462,     0.92357384241760,    -0.00000000000001,    0.20000000000000,    -0.00000000000000,    0.20000000000000,
  463,     0.92642615758240,    -0.00000000000003,    0.20000000000000,    -0.00000000000001,    0.20000000000000,
  464,     0.92882527661965,    -0.00000000000002,    0.20000000000000,    -0.00000000000000,    0.20000000000000,
  465,     0.93000000000000,    -0.00000000000001,    0.20000000000000,    -0.00000000000000,    0.20000000000000,
  466,     0.93117472338035,    -0.00000000000002,    0.20000000000000,    -0.00000000000000,    0.20000000000000,
  467,     0.93357384241760,    -0.00000000000001,    0.20000000000000,    -0.00000000000000,    0.20000000000000,
  468,     0.93642615758240,    -0.00000000000003,    0.20000000000000,    -0.00000000000001,    0.20000000000000,
  469,     0.93882527661965,    -0.00000000000002,    0.20000000000000,    -0.00000000000000,    0.20000000000000,
  470,     0.94000000000000,    -0.00000000000001,    0.20000000000000,    -0.00000000000000,    0.20000000000000,
  471,     0.94117472338035,    -0.00000000000002,    0.20000000000000,    -0.00000000000000,    0.20000000000000,
  472,     0.94357384241760,    -0.00000000000002,    0.20000000000000,    -0.00000000000000,    0.20000000000000,
  473,     0.94642615758240,    -0.00000000000003,    0.20000000000000,    -0.00000000000001,    0.20000000000000,
  474,     0.94882527661965,    -0.00000000000002,    0.20000000000000,    -0.00000000000000,    0.20000000000000,
  475,     0.95000000000000,    -0.00000000000002,    0.20000000000000,    -0.00000000000000,    0.20000000000000,
  476,     0.95117472338035,    -0.00000000000001,    0.20000000000000,    -0.00000000000000,    0.20000000000000,
  477,     0.95357384241760,    -0.00000000000003,    0.20000000000000,    -0.00000000000001,    0.20000000000000,
  478,     0.95642615758240,    -0.00000000000000,    0.20000000000000,    -0.00000000000000,    0.20000000000000,
  479,     0.95882527661965,    -0.00000000000002,    0.20000000000000,    -0.00000000000000,    0.20000000000000,
  480,     0.96000000000000,    -0.00000000000002,    0.20000000000000,    -0.00000000000000,    0.20000000000000,
  481,     0.96117472338035,    -0.00000000000003,    0.20000000000000,    -0.00000000000001,    0.20000000000000,
  482,     0.96357384241760,    -0.00000000000002,    0.20000000000000,    -0.00000000000000,    0.20000000000000,
  483,     0.96642615758240,    -0.00000000000001,    0.20000000000000,    -0.00000000000000,    0.20000000000000,
  484,     0.96882527661965,    -0.00000000000003,    0.20000000000000,    -0.00000000000001,    0.20000000000000,
  485,     0.97000000000000,    -0.00000000000002,    0.20000000000000,    -0.00000000000000,    0.20000000000000,
  486,     0.97117472338035,    -0.00000000000001,    0.20000000000000,    -0.00000000000000,    0.20000000000000,
  487,     0.97357384241760,    -0.00000000000003,    0.20000000000000,    -0.00000000000001,    0.20000000000000,
  488,     0.97642615758240,    0.00000000000001,    0.20000000000000,    0.00000000000000,    0.20000000000000,
  489,     0.97882527661965,    -0.00000000000002,    0.20000000000000,    -0.00000000000000,    0.20000000000000,
  490,     0.98000000000000,    -0.00000000000002,    0.20000000000000,    -0.00000000000000,    0.20000000000000,
  491,     0.98117472338035,    -0.00000000000002,    0.20000000000000,    -0.00000000000000,    0.20000000000000,
  492,     0.98357384241760,    -0.00000000000003,    0.20000000000000,    -0.00000000000001,    0.20000000000000,
  493,     0.98642615758240,    -0.00000000000000,    0.20000000000000,    -0.00000000000000,    0.20000000000000,
  494,     0.98882527661965,    -0.00000000000002,    0.20000000000000,    -0.00000000000000,    0.20000000000000,
  495,     0.99000000000000,    -0.00000000000006,    0.20000000000000,    -0.00000000000001,    0.20000000000000,
  496,     0.99117472338035,    -0.00000000000004,    0.20000000000000,    -0.00000000000001,    0.20000000000000,
  497,     0.99357384241760,    -0.00000000000001,    0.20000000000000,    -0.00000000000000,    0.20000000000000,
  498,     0.99642615758240,    -0.00000000000001,    0.20000000000000,    -0.00000000000000,    0.20000000000000,
  499,     0.99882527661965,    -0.00000000000002,    0.20000000000000,    -0.00000000000000,    0.20000000000000,
  500,     1.00000000000000,    0.00000000000000,    0.20000000000000,    0.00000000000000,    0.20000000000000,
