 indi,                  x_v,                   v,                   H,                   q,                 eta
    0,     -0.00000000000000,    0.00000000000001,    0.99999999999970,    0.00000000000001,    0.99999999999970,
    1,     0.00086336582323,    -0.00000000000066,    0.99999999999996,    -0.00000000000066,    0.99999999999996,
    2,     0.00250000000000,    0.00000000000071,    1.00000000000001,    0.00000000000071,    1.00000000000001,
    3,     0.00413663417677,    -0.00000000000112,    1.00000000000006,    -0.00000000000112,    1.00000000000006,
    4,     0.00500000000000,    -0.00000000000018,    1.00000000000012,    -0.00000000000018,    1.00000000000012,
    5,     0.00586336582323,    0.00000000000085,    0.99999999999996,    0.00000000000085,    0.99999999999996,
    6,     0.00750000000000,    -0.00000000000058,    1.00000000000005,    -0.00000000000058,    1.00000000000005,
    7,     0.00913663417677,    0.00000000000055,    0.99999999999996,    0.00000000000055,    0.99999999999996,
    8,     0.01000000000000,    0.00000000000003,    0.99999999999982,    0.00000000000003,    0.99999999999982,
    9,     0.01086336582323,    -0.00000000000016,    1.00000000000002,    -0.00000000000016,    1.00000000000002,
   10,     0.01250000000000,    -0.00000000000022,    1.00000000000011,    -0.00000000000022,    1.00000000000011,
   11,     0.01413663417677,    0.00000000000019,    0.99999999999985,    0.00000000000019,    0.99999999999985,
   12,     0.01500000000000,    0.00000000000079,    0.99999999999995,    0.00000000000079,    0.99999999999995,
   13,     0.01586336582323,    -0.00000000000035,    1.00000000000015,    -0.00000000000035,    1.00000000000015,
   14,     0.01750000000000,    -0.00000000000016,    0.99999999999993,    -0.00000000000016,    0.99999999999993,
   15,     0.01913663417677,    0.00000000000087,    0.99999999999994,    0.00000000000087,    0.99999999999994,
   16,     0.02000000000000,    0.00000000000076,    0.99999999999986,    0.00000000000076,    0.99999999999986,
   17,     0.02086336582323,    -0.00000000000104,    1.00000000000009,    -0.00000000000104,    1.00000000000009,
   18,     0.02250000000000,    0.00000000000054,    0.99999999999997,    0.00000000000054,    0.99999999999997,
   19,     0.02413663417677,    -0.00000000000055,    0.99999999999997,    -0.00000000000055,    0.99999999999997,
   20,     0.02500000000000,    -0.00000000000051,    1.00000000000050,    -0.00000000000051,    1.00000000000050,
   21,     0.02586336582323,    -0.00000000000054,    1.00000000000018,    -0.00000000000054,    1.00000000000018,
   22,     0.02750000000000,    0.00000000000055,    0.99999999999984,    0.00000000000055,    0.99999999999984,
   23,     0.02913663417677,    -0.00000000000026,    0.99999999999989,    -0.00000000000026,    0.99999999999989,
   24,     0.03000000000000,    0.00000000000035,    1.00000000000018,    0.00000000000035,    1.00000000000018,
   25,     0.03086336582323,    0.00000000000061,    0.99999999999995,    0.00000000000061,    0.99999999999995,
   26,     0.03250000000000,    -0.00000000000033,    0.99999999999997,    -0.00000000000033,    0.99999999999997,
   27,     0.03413663417677,    -0.00000000000037,    1.00000000000017,    -0.00000000000037,    1.00000000000017,
   28,     0.03500000000000,    0.00000000000044,    0.99999999999988,    0.00000000000044,    0.99999999999988,
   29,     0.03586336582323,    -0.00000000000002,    1.00000000000000,    -0.00000000000002,    1.00000000000000,
   30,     0.03750000000000,    -0.00000000000048,    1.00000000000018,    -0.00000000000048,    1.00000000000018,
   31,     0.03913663417677,    0.00000000000002,    1.00000000000006,    0.00000000000002,    1.00000000000006,
   32,     0.04000000000000,    -0.00000000000033,    0.99999999999983,    -0.00000000000033,    0.99999999999983,
   33,     0.04086336582323,    0.00000000000067,    0.99999999999979,    0.00000000000067,    0.99999999999979,
   34,     0.04250000000000,    0.00000000000018,    1.00000000000000,    0.00000000000018,    1.00000000000000,
   35,     0.04413663417677,    0.00000000000024,    0.99999999999980,    0.00000000000024,    0.99999999999980,
   36,     0.04500000000000,    0.00000000000002,    1.00000000000000,    0.00000000000002,    1.00000000000000,
   37,     0.04586336582323,    -0.00000000000039,    1.00000000000021,    -0.00000000000039,    1.00000000000021,
   38,     0.04750000000000,    -0.00000000000000,    1.00000000000002,    -0.00000000000000,    1.00000000000002,
   39,     0.04913663417677,    -0.00000000000055,    1.00000000000004,    -0.00000000000055,    1.00000000000004,
   40,     0.05000000000000,    0.00000000000260,    0.99999999999973,    0.00000000000260,    0.99999999999973,
   41,     0.05086336582323,    -0.00000000000050,    1.00000000000002,    -0.00000000000050,    1.00000000000002,
   42,     0.05250000000000,    -0.00000000000022,    1.00000000000011,    -0.00000000000022,    1.00000000000011,
   43,     0.05413663417677,    0.00000000000031,    0.99999999999986,    0.00000000000031,    0.99999999999986,
   44,     0.05500000000000,    0.00000000000008,    0.99999999999990,    0.00000000000008,    0.99999999999990,
   45,     0.05586336582323,    -0.00000000000037,    1.00000000000018,    -0.00000000000037,    1.00000000000018,
   46,     0.05750000000000,    0.00000000000063,    0.99999999999978,    0.00000000000063,    0.99999999999978,
   47,     0.05913663417677,    -0.00000000000036,    0.99999999999998,    -0.00000000000036,    0.99999999999998,
   48,     0.06000000000000,    0.00000000000026,    1.00000000000071,    0.00000000000026,    1.00000000000071,
   49,     0.06086336582323,    -0.00000000000066,    0.99999999999996,    -0.00000000000066,    0.99999999999996,
   50,     0.06250000000000,    0.00000000000005,    1.00000000000004,    0.00000000000005,    1.00000000000004,
   51,     0.06413663417677,    -0.00000000000043,    1.00000000000013,    -0.00000000000043,    1.00000000000013,
   52,     0.06500000000000,    0.00000000000046,    0.99999999999994,    0.00000000000046,    0.99999999999994,
   53,     0.06586336582323,    0.00000000000011,    1.00000000000007,    0.00000000000011,    1.00000000000007,
   54,     0.06750000000000,    0.00000000000011,    0.99999999999987,    0.00000000000011,    0.99999999999987,
   55,     0.06913663417677,    0.00000000000057,    0.99999999999998,    0.00000000000057,    0.99999999999998,
   56,     0.07000000000000,    0.00000000000010,    0.99999999999984,    0.00000000000010,    0.99999999999984,
   57,     0.07086336582323,    -0.00000000000049,    1.00000000000001,    -0.00000000000049,    1.00000000000001,
   58,     0.07250000000000,    -0.00000000000037,    1.00000000000021,    -0.00000000000037,    1.00000000000021,
   59,     0.07413663417677,    -0.00000000000004,    0.99999999999982,    -0.00000000000004,    0.99999999999982,
   60,     0.07500000000000,    0.00000000000061,    1.00000000000002,    0.00000000000061,    1.00000000000002,
   61,     0.07586336582323,    0.00000000000093,    0.99999999999992,    0.00000000000093,    0.99999999999992,
   62,     0.07750000000000,    -0.00000000000061,    1.00000000000002,    -0.00000000000061,    1.00000000000002,
   63,     0.07913663417677,    -0.00000000000018,    1.00000000000015,    -0.00000000000018,    1.00000000000015,
   64,     0.08000000000000,    -0.00000000000024,    0.99999999999994,    -0.00000000000024,    0.99999999999994,
   65,     0.08086336582323,    0.00000000000018,    0.99999999999999,    0.00000000000018,    0.99999999999999,
   66,     0.08250000000000,    -0.00000000000003,    0.99999999999997,    -0.00000000000003,    0.99999999999997,
   67,     0.08413663417677,    -0.00000000000039,    1.00000000000016,    -0.00000000000039,    1.00000000000016,
   68,     0.08500000000000,    0.00000000000025,    1.00000000000032,    0.00000000000025,    1.00000000000032,
   69,     0.08586336582323,    0.00000000000070,    0.99999999999959,    0.00000000000070,    0.99999999999959,
   70,     0.08750000000000,    0.00000000000018,    1.00000000000003,    0.00000000000018,    1.00000000000003,
   71,     0.08913663417677,    -0.00000000000098,    1.00000000000031,    -0.00000000000098,    1.00000000000031,
   72,     0.09000000000000,    -0.00000000000054,    0.99999999999978,    -0.00000000000054,    0.99999999999978,
   73,     0.09086336582323,    0.00000000000031,    1.00000000000005,    0.00000000000031,    1.00000000000005,
   74,     0.09250000000000,    0.00000000000029,    0.99999999999983,    0.00000000000029,    0.99999999999983,
   75,     0.09413663417677,    -0.00000000000012,    1.00000000000011,    -0.00000000000012,    1.00000000000011,
   76,     0.09500000000000,    -0.00000000000184,    1.00000000000032,    -0.00000000000184,    1.00000000000032,
   77,     0.09586336582323,    0.00000000000040,    0.99999999999979,    0.00000000000040,    0.99999999999979,
   78,     0.09750000000000,    0.00000000000050,    0.99999999999978,    0.00000000000050,    0.99999999999978,
   79,     0.09913663417677,    0.00000000000024,    1.00000000000011,    0.00000000000024,    1.00000000000011,
   80,     0.10000000000000,    -0.00000000000113,    1.00000000000016,    -0.00000000000113,    1.00000000000016,
   81,     0.10086336582323,    -0.00000000000015,    1.00000000000015,    -0.00000000000015,    1.00000000000015,
   82,     0.10250000000000,    -0.00000000000045,    1.00000000000009,    -0.00000000000045,    1.00000000000009,
   83,     0.10413663417677,    -0.00000000000007,    1.00000000000003,    -0.00000000000007,    1.00000000000003,
   84,     0.10500000000000,    0.00000000000062,    0.99999999999990,    0.00000000000062,    0.99999999999990,
   85,     0.10586336582323,    0.00000000000022,    0.99999999999986,    0.00000000000022,    0.99999999999986,
   86,     0.10750000000000,    0.00000000000041,    1.00000000000006,    0.00000000000041,    1.00000000000006,
   87,     0.10913663417677,    0.00000000000018,    0.99999999999985,    0.00000000000018,    0.99999999999985,
   88,     0.11000000000000,    -0.00000000000084,    0.99999999999966,    -0.00000000000084,    0.99999999999966,
   89,     0.11086336582323,    -0.00000000000083,    1.00000000000022,    -0.00000000000083,    1.00000000000022,
   90,     0.11250000000000,    -0.00000000000068,    1.00000000000016,    -0.00000000000068,    1.00000000000016,
   91,     0.11413663417677,    0.00000000000146,    0.99999999999987,    0.00000000000146,    0.99999999999987,
   92,     0.11500000000000,    -0.00000000000048,    0.99999999999984,    -0.00000000000048,    0.99999999999984,
   93,     0.11586336582323,    0.00000000000033,    1.00000000000000,    0.00000000000033,    1.00000000000000,
   94,     0.11750000000000,    -0.00000000000052,    0.99999999999999,    -0.00000000000052,    0.99999999999999,
   95,     0.11913663417677,    -0.00000000000082,    0.99999999999991,    -0.00000000000082,    0.99999999999991,
   96,     0.12000000000000,    0.00000000000440,    1.00000000000017,    0.00000000000440,    1.00000000000017,
   97,     0.12086336582323,    -0.00000000000154,    1.00000000000032,    -0.00000000000154,    1.00000000000032,
   98,     0.12250000000000,    0.00000000000007,    0.99999999999995,    0.00000000000007,    0.99999999999995,
   99,     0.12413663417677,    0.00000000000000,    1.00000000000001,    0.00000000000000,    1.00000000000001,
  100,     0.12500000000000,    0.00000000000347,    0.99999999999927,    0.00000000000347,    0.99999999999927,
  101,     0.12586336582323,    -0.00000000000028,    0.99999999999983,    -0.00000000000028,    0.99999999999983,
  102,     0.12750000000000,    -0.00000000000044,    1.00000000000026,    -0.00000000000044,    1.00000000000026,
  103,     0.12913663417677,    -0.00000000000019,    0.99999999999995,    -0.00000000000019,    0.99999999999995,
  104,     0.13000000000000,    -0.00000000000118,    1.00000000000082,    -0.00000000000118,    1.00000000000082,
  105,     0.13086336582323,    0.00000000000095,    0.99999999999988,    0.00000000000095,    0.99999999999988,
  106,     0.13250000000000,    -0.00000000000101,    0.99999999999994,    -0.00000000000101,    0.99999999999994,
  107,     0.13413663417677,    0.00000000000112,    0.99999999999999,    0.00000000000112,    0.99999999999999,
  108,     0.13500000000000,    0.00000000000191,    0.99999999999924,    0.00000000000191,    0.99999999999924,
  109,     0.13586336582323,    -0.00000000000187,    1.00000000000047,    -0.00000000000187,    1.00000000000047,
  110,     0.13750000000000,    -0.00000000000087,    0.99999999999998,    -0.00000000000087,    0.99999999999998,
  111,     0.13913663417677,    0.00000000000745,    0.99999999999844,    0.00000000000745,    0.99999999999844,
  112,     0.14000000000000,    0.00000000000253,    0.99999999999637,    0.00000000000253,    0.99999999999637,
  113,     0.14086336582323,    -0.00000000001013,    1.00000000000493,    -0.00000000001013,    1.00000000000493,
  114,     0.14249999999999,    -0.00000000001743,    1.00000000000280,    -0.00000000001743,    1.00000000000280,
  115,     0.14413663417677,    0.00000000009496,    0.99999999997645,    0.00000000009496,    0.99999999997645,
  116,     0.14500000000003,    0.00000000007787,    0.99999999994067,    0.00000000007787,    0.99999999994067,
  117,     0.14586336582326,    -0.00000000014155,    1.00000000006939,    -0.00000000014155,    1.00000000006939,
  118,     0.14749999999987,    -0.00000000029414,    1.00000000005516,    -0.00000000029414,    1.00000000005516,
  119,     0.14913663417683,    0.00000000140309,    0.99999999965069,    0.00000000140309,    0.99999999965069,
  120,     0.15000000000052,    0.00000000133218,    0.99999999922352,    0.00000000133218,    0.99999999922352,
  121,     0.15086336582379,    -0.00000000152606,    1.00000000068510,    -0.00000000152606,    1.00000000068510,
  122,     0.15249999999829,    -0.00000000541855,    1.00000000135222,    -0.00000000541855,    1.00000000135222,
  123,     0.15413663417647,    0.00000001769627,    0.99999999548230,    0.00000001769627,    0.99999999548230,
  124,     0.15500000000647,    0.00000002427861,    0.99999999077636,    0.00000002427861,    0.99999999077636,
  125,     0.15586336583339,    -0.00000000587180,    1.00000000146716,    -0.00000000587180,    1.00000000146716,
  126,     0.15749999998155,    -0.00000009288936,    1.00000002836703,    -0.00000009288937,    1.00000002836703,
  127,     0.15913663414721,    0.00000016017966,    0.99999995787377,    0.00000016017965,    0.99999995787377,
  128,     0.16000000005401,    0.00000037618872,    0.99999990921210,    0.00000037618869,    0.99999990921210,
  129,     0.16086336597594,    0.00000022191444,    0.99999988089614,    0.00000022191442,    0.99999988089614,
  130,     0.16249999991729,    -0.00000122575880,    1.00000043318213,    -0.00000122575933,    1.00000043318213,
  131,     0.16413663347529,    0.00000016001072,    0.99999995214278,    0.00000016001072,    0.99999995214278,
  132,     0.16499999989734,    0.00000385023674,    0.99999943069924,    0.00000385023455,    0.99999943069924,
  133,     0.16586336722823,    0.00000607870057,    0.99999728280046,    0.00000607868405,    0.99999728280046,
  134,     0.16750000193064,    -0.00000795165615,    1.00000344026638,    -0.00000795168351,    1.00000344026638,
  135,     0.16913662588645,    -0.00002456083225,    1.00000672813773,    -0.00002456099750,    1.00000672813773,
  136,     0.16999998827590,    0.00000229740693,    1.00000340064422,    0.00000229741474,    1.00000340064422,
  137,     0.17086336177798,    0.00005412694264,    0.99997897828419,    0.00005412580480,    0.99997897828419,
  138,     0.17250003480823,    0.00006057832008,    0.99998654268335,    0.00006057750486,    0.99998654268335,
  139,     0.17413663279243,    -0.00025642885812,    1.00006997549613,    -0.00025644680186,    1.00006997549613,
  140,     0.17499990805328,    -0.00035584967033,    1.00011204556619,    -0.00035588954171,    1.00011204556619,
  141,     0.17586319831218,    -0.00008222030219,    1.00004529711879,    -0.00008222402654,    1.00004529711879,
  142,     0.17750031340700,    0.00243542405399,    0.99920460130460,    0.00243348692087,    0.99920460130460,
  143,     0.17913957789561,    0.00806682092882,    0.99744191837327,    0.00804618534241,    0.99744191837327,
  144,     0.18000569152791,    0.01194332457817,    0.99619274913013,    0.01189785334528,    0.99619274913013,
  145,     0.18087293534988,    0.01617204563944,    0.99484032526101,    0.01608860314407,    0.99484032526101,
  146,     0.18252028444562,    0.02469116712527,    0.99212955314036,    0.02449683660651,    0.99212955314036,
  147,     0.18417224051172,    0.03358505319664,    0.98930739753196,    0.03322594157394,    0.98930739753196,
  148,     0.18504560639660,    0.03838532475973,    0.98779019242651,    0.03791664733077,    0.98779019242651,
  149,     0.18592033184874,    0.04325404811249,    0.98623555539864,    0.04265868016347,    0.98623555539864,
  150,     0.18758231242313,    0.05264674791525,    0.98325826163510,    0.05176534983589,    0.98325826163510,
  151,     0.18924936233051,    0.06218569007355,    0.98024809073906,    0.06095740396588,    0.98024809073906,
  152,     0.19013084315675,    0.06725895820721,    0.97864998700783,    0.06582297857565,    0.97864998700783,
  153,     0.19101377497142,    0.07236426970766,    0.97702907362544,    0.07070199539606,    0.97702907362544,
  154,     0.19269153803308,    0.08214538073986,    0.97394091651989,    0.08000474740566,    0.97394091651989,
  155,     0.19437464700203,    0.09203997420739,    0.97083242475468,    0.08935539133412,    0.97083242475468,
  156,     0.19526470689704,    0.09729167470419,    0.96918465273658,    0.09429359796234,    0.96918465273658,
  157,     0.19615628996654,    0.10256991928261,    0.96751806316050,    0.09923824964284,    0.96751806316050,
  158,     0.19785064584523,    0.11267107074990,    0.96434679710912,    0.10865398620452,    0.96434679710912,
  159,     0.19955059874805,    0.12288162059876,    0.96115681671680,    0.11810850728771,    0.96115681671680,
  160,     0.20044964665492,    0.12829476224076,    0.95946549085701,    0.12309439702772,    0.95946549085701,
  161,     0.20135028858671,    0.13373099992693,    0.95775739094954,    0.12808185357909,    0.95775739094954,
  162,     0.20306200990213,    0.14412777156336,    0.95450916707194,    0.13757127918687,    0.95450916707194,
  163,     0.20477958062983,    0.15462862131026,    0.95124406396881,    0.14708955814107,    0.95124406396881,
  164,     0.20568802449357,    0.16019027493425,    0.94951364526257,    0.15210285188843,    0.94951364526257,
  165,     0.20659813194171,    0.16577321005655,    0.94776942881929,    0.15711478060884,    0.94776942881929,
  166,     0.20832798305203,    0.17644610721966,    0.94445622541552,    0.16664562441394,    0.94445622541552,
  167,     0.21006392573549,    0.18720999545607,    0.94112795916985,    0.17618856095977,    0.94112795916985,
  168,     0.21098215986301,    0.19290236933010,    0.93936388672793,    0.18120551941295,    0.93936388672793,
  169,     0.21190212498079,    0.19861286058089,    0.93758930986427,    0.18621729488220,    0.93758930986427,
  170,     0.21365084370283,    0.20952357135505,    0.93422096718740,    0.19574131347988,    0.93422096718740,
  171,     0.21540588944499,    0.22051266170835,    0.93083951189367,    0.20526189839098,    0.93083951189367,
  172,     0.21633429628909,    0.22631989664205,    0.92904757858835,    0.21026195196166,    0.92904757858835,
  173,     0.21726449836258,    0.23214517545745,    0.92724963671498,    0.21525652960806,    0.92724963671498,
  174,     0.21903279361673,    0.24327148578945,    0.92383836861676,    0.22474353256270,    0.92383836861676,
  175,     0.22080764115073,    0.25445907155146,    0.92041356222613,    0.23420758048743,    0.92041356222613,
  176,     0.22174658693505,    0.26036742924452,    0.91859765049866,    0.23917290877040,    0.91859765049866,
  177,     0.22268739109783,    0.26629379425566,    0.91678049147342,    0.24413295557402,    0.91678049147342,
  178,     0.22447595345524,    0.27760760135824,    0.91333187076395,    0.25354786988682,    0.91333187076395,
  179,     0.22627129334522,    0.28897073029599,    0.90986951799594,    0.26292565908935,    0.90986951799594,
  180,     0.22722114124787,    0.29497515917293,    0.90803382372804,    0.26784742168858,    0.90803382372804,
  181,     0.22817290905763,    0.30099994243121,    0.90620207864080,    0.27276677350192,    0.90620207864080,
  182,     0.22998242026165,    0.31249145504255,    0.90272236809289,    0.28209302630481,    0.90272236809289,
  183,     0.23179893443774,    0.32401639869828,    0.89922677087717,    0.29136421991270,    0.89922677087717,
  184,     0.23276004497871,    0.33011157303122,    0.89737346478974,    0.29623336605822,    0.89737346478974,
  185,     0.23372313820640,    0.33622858396959,    0.89552798037223,    0.30110210474570,    0.89552798037223,
  186,     0.23555429014572,    0.34788139042706,    0.89201786662771,    0.31031641572823,    0.89201786662771,
  187,     0.23739267769585,    0.35956377077825,    0.88849227262995,    0.31946963185416,    0.88849227262995,
  188,     0.23836541951384,    0.36575315702279,    0.88662542255506,    0.32428604739618,    0.88662542255506,
  189,     0.23934020682559,    0.37196485122722,    0.88476749204751,    0.32910240855013,    0.88476749204751,
  190,     0.24119370292025,    0.38377500830302,    0.88122846848984,    0.33819346281154,    0.88122846848984,
  191,     0.24305467538583,    0.39561326909729,    0.87767427450504,    0.34721958893953,    0.87767427450504,
  192,     0.24403942645412,    0.40189413813169,    0.87579552469784,    0.35197708757803,    0.87579552469784,
  193,     0.24502628934661,    0.40819530217342,    0.87392235913939,    0.35673100146501,    0.87392235913939,
  194,     0.24690286547579,    0.42015739533817,    0.87035372152616,    0.36568555265931,    0.87035372152616,
  195,     0.24878716660184,    0.43216520034018,    0.86677436352470,    0.37458971646238,    0.86677436352470,
  196,     0.24978432001038,    0.43854034759071,    0.86488654337411,    0.37928764535781,    0.86488654337411,
  197,     0.25078365403437,    0.44493013240841,    0.86299632123102,    0.38397306747329,    0.86299632123102,
  198,     0.25268407111670,    0.45704735151431,    0.85939823695104,    0.39278568809454,    0.85939823695104,
  199,     0.25459247240695,    0.46923003747552,    0.85579348798941,    0.40156401044058,    0.85579348798941,
  200,     0.25560244147427,    0.47569218532644,    0.85389480481458,    0.40619108574114,    0.85389480481458,
  201,     0.25661466564049,    0.48216434347234,    0.85198492584874,    0.41079675242019,    0.85198492584874,
  202,     0.25853972902086,    0.49445083408876,    0.84835981971051,    0.41947222046325,    0.84835981971051,
  203,     0.26047304040979,    0.50682324806286,    0.84473189049798,    0.42812976048447,    0.84473189049798,
  204,     0.26149625846483,    0.51336985299245,    0.84281923320036,    0.43267798584728,    0.84281923320036,
  205,     0.26252181065490,    0.51992329065510,    0.84089102474131,    0.43719882866584,    0.84089102474131,
  206,     0.26447235835136,    0.53239100499563,    0.83723973078422,    0.44573890169448,    0.83723973078422,
  207,     0.26643143334095,    0.54494421090434,    0.83358483084888,    0.45425722786877,    0.83358483084888,
  208,     0.26746836210449,    0.55157336505328,    0.83165276251423,    0.45871751277583,    0.83165276251423,
  209,     0.26850770815021,    0.55821522589571,    0.82971141563959,    0.46315754530950,    0.82971141563959,
  210,     0.27048462355222,    0.57088343651746,    0.82603692984033,    0.47157080119758,    0.82603692984033,
  211,     0.27247035915100,    0.58361080817996,    0.82235315466631,    0.47993418920414,    0.82235315466631,
  212,     0.27352148019307,    0.59033061973858,    0.82039946561638,    0.48430692497051,    0.82039946561638,
  213,     0.27457510459429,    0.59707123404323,    0.81844955024929,    0.48867268296947,    0.81844955024929,
  214,     0.27657931499696,    0.60993020386210,    0.81474785463247,    0.49693932507219,    0.81474785463247,
  215,     0.27859266680337,    0.62282285724724,    0.81103232179412,    0.50512946797968,    0.81103232179412,
  216,     0.27965848762332,    0.62965061413730,    0.80906268237430,    0.50942681483255,    0.80906268237430,
  217,     0.28072689854732,    0.63650458008634,    0.80710480119782,    0.51372590257209,    0.80710480119782,
  218,     0.28275937984817,    0.64954314639299,    0.80337346330896,    0.52182572708633,    0.80337346330896,
  219,     0.28480134456696,    0.66261285483731,    0.79962771610445,    0.52984360377501,    0.79962771610445,
  220,     0.28588239130403,    0.66955218236466,    0.79764957235223,    0.53406801193067,    0.79764957235223,
  221,     0.28696612081241,    0.67651200900520,    0.79567413379405,    0.53828310676648,    0.79567413379405,
  222,     0.28902791104271,    0.68971728948446,    0.79191131328597,    0.54619492451167,    0.79191131328597,
  223,     0.29109953540076,    0.70299724420560,    0.78814171652493,    0.55406145476050,    0.78814171652493,
  224,     0.29219636162472,    0.71004039656478,    0.78615767916332,    0.55820371027557,    0.78615767916332,
  225,     0.29329597009642,    0.71709287857373,    0.78415875810167,    0.56231466110592,    0.78415875810167,
  226,     0.29538815044560,    0.73048344365434,    0.78036876149891,    0.57004646022000,    0.78036876149891,
  227,     0.29749052070831,    0.74397438571689,    0.77657567930082,    0.57775241397051,    0.77657567930082,
  228,     0.29860371638171,    0.75110232404182,    0.77457426559672,    0.58178453103268,    0.77457426559672,
  229,     0.29971980202029,    0.75824212970714,    0.77255888384569,    0.58578669341133,    0.77255888384569,
  230,     0.30184350396872,    0.77185466016437,    0.76874823178600,    0.59336190519715,    0.76874823178600,
  231,     0.30397776425526,    0.78553384656665,    0.76492938744493,    0.60087792407148,    0.76492938744493,
  232,     0.30510794803198,    0.79275667892076,    0.76290319722612,    0.60479660497100,    0.76290319722612,
  233,     0.30624113156502,    0.80000273586745,    0.76088447950811,    0.60870966528557,    0.76088447950811,
  234,     0.30839753230440,    0.81382281404897,    0.75704827083837,    0.61610315414459,    0.75704827083837,
  235,     0.31056490579562,    0.82767017864365,    0.75319908247056,    0.62340041914264,    0.75319908247056,
  236,     0.31171272311291,    0.83501632355270,    0.75116123218250,    0.62723189049235,    0.75116123218250,
  237,     0.31286365002004,    0.84238764250296,    0.74913483337702,    0.63106192620531,    0.74913483337702,
  238,     0.31505399938499,    0.85638247807323,    0.74526926597683,    0.63823554082906,    0.74526926597683,
  239,     0.31725575989465,    0.87043714892594,    0.74139465770223,    0.64533745207925,    0.74139465770223,
  240,     0.31842187990312,    0.87789535566220,    0.73935627949464,    0.64907744394803,    0.73935627949464,
  241,     0.31959123109280,    0.88536602234629,    0.73730337780756,    0.65278335887197,    0.73730337780756,
  242,     0.32181686419954,    0.89954785940672,    0.73341321740008,    0.65974028977283,    0.73341321740008,
  243,     0.32405433739838,    0.91384064304599,    0.72952023985884,    0.66666524510767,    0.72952023985884,
  244,     0.32523947857552,    0.92138581713339,    0.72746530595881,    0.67027621536705,    0.72746530595881,
  245,     0.32642798238906,    0.92894447031852,    0.72539770501084,    0.67385418685156,    0.72539770501084,
  246,     0.32869027485435,    0.94336283736686,    0.72148779447679,    0.68062477292319,    0.72148779447679,
  247,     0.33096486753032,    0.95783365618914,    0.71756876151004,    0.68731151040428,    0.71756876151004,
  248,     0.33216979564915,    0.96548954892253,    0.71548815986274,    0.69079634072529,    0.71548815986274,
  249,     0.33337821808072,    0.97317317358239,    0.71342472261811,    0.69428580142240,    0.71342472261811,
  250,     0.33567861504298,    0.98780055343216,    0.70948975713731,    0.70083437475468,    0.70948975713731,
  251,     0.33799183023774,    1.00245965009305,    0.70554378382964,    0.70727917466318,    0.70554378382964,
  252,     0.33921732521859,    1.01024574949011,    0.70346467139583,    0.71067219419409,    0.70346467139583,
  253,     0.34044645383254,    1.01804859474536,    0.70137872156987,    0.71403762187850,    0.70137872156987,
  254,     0.34278651691978,    1.03284543682790,    0.69741881034899,    0.72032583582689,    0.69741881034899,
  255,     0.34513991155272,    1.04776052745619,    0.69345620005241,    0.72657603393467,    0.69345620005241,
  256,     0.34638680915422,    1.05563501370091,    0.69136820987548,    0.72983248970428,    0.69136820987548,
  257,     0.34763749301219,    1.06352330230339,    0.68926374454644,    0.73304805375803,    0.68926374454644,
  258,     0.35001883781591,    1.07856698966191,    0.68528753321349,    0.73912851175091,    0.68528753321349,
  259,     0.35241404468733,    1.09365841010871,    0.68130340818564,    0.74511320219795,    0.68130340818564,
  260,     0.35368324101123,    1.10164857926310,    0.67918754883426,    0.74822599822645,    0.67918754883426,
  261,     0.35495637721202,    1.10966498855813,    0.67709308002677,    0.75134648490069,    0.67709308002677,
  262,     0.35738068371284,    1.12491058204705,    0.67309420598392,    0.75717079502587,    0.67309420598392,
  263,     0.35981946021736,    1.14020365055072,    0.66908806442173,    0.76289665359357,    0.66908806442173,
  264,     0.36111185695560,    1.14831632464813,    0.66698382821699,    0.76590841821787,    0.66698382821699,
  265,     0.36240835824952,    1.15644293786945,    0.66485848730198,    0.76887090232294,    0.66485848730198,
  266,     0.36487745023701,    1.17186767665232,    0.66084440021101,    0.77442219190396,    0.66084440021101,
  267,     0.36736158304373,    1.18740662648846,    0.65682745846757,    0.77992127664397,    0.65682745846757,
  268,     0.36867816471961,    1.19559959688971,    0.65469890406898,    0.78275774578900,    0.65469890406898,
  269,     0.36999902369592,    1.20381235655652,    0.65258017472830,    0.78558407798174,    0.65258017472830,
  270,     0.37251473798166,    1.21948346258570,    0.64855092583311,    0.79089712869813,    0.64855092583311,
  271,     0.37504614392049,    1.23515824770614,    0.64451702736942,    0.79608052214237,    0.64451702736942,
  272,     0.37638791265070,    1.24348833044515,    0.64239142832851,    0.79880624470449,    0.64239142832851,
  273,     0.37773413364782,    1.25183387047724,    0.64026110477843,    0.80150053691082,    0.64026110477843,
  274,     0.38029842472725,    1.26763053674214,    0.63622394513163,    0.80649690105541,    0.63622394513163,
  275,     0.38287904123551,    1.28354613188759,    0.63218548403555,    0.81143923266932,    0.63218548403555,
  276,     0.38424703313200,    1.29192341966348,    0.63005375035488,    0.81398119573027,    0.63005375035488,
  277,     0.38561965872385,    1.30031649153362,    0.62792441622938,    0.81650047385968,    0.62792441622938,
  278,     0.38823449353719,    1.31633811967251,    0.62388697010673,    0.82124620111847,    0.62388697010673,
  279,     0.39086629999016,    1.33232805301495,    0.61985285939636,    0.82584735331530,    0.61985285939636,
  280,     0.39226154946748,    1.34082067667058,    0.61772850829501,    0.82826315649083,    0.61772850829501,
  281,     0.39366161336181,    1.34932192319175,    0.61559711304740,    0.83063868048840,    0.61559711304740,
  282,     0.39632896054996,    1.36538214757141,    0.61157203104484,    0.83502953314262,    0.61157203104484,
  283,     0.39901390660884,    1.38155694887025,    0.60754986719706,    0.83936474081130,    0.60754986719706,
  284,     0.40043746159301,    1.39006189177855,    0.60542063052617,    0.84157214699097,    0.60542063052617,
  285,     0.40186600050115,    1.39856839420166,    0.60331823393167,    0.84378181362240,    0.60331823393167,
  286,     0.40458777718626,    1.41478638256310,    0.59930529586919,    0.84788897159368,    0.59930529586919,
  287,     0.40732783378531,    1.43096783261553,    0.59530539712484,    0.85186287386805,    0.59530539712484,
  288,     0.40878067359665,    1.43951510530769,    0.59322204007613,    0.85395208749103,    0.59322204007613,
  289,     0.41023867781680,    1.44808849450503,    0.59109565088562,    0.85595881119943,    0.59109565088562,
  290,     0.41301686205215,    1.46433755330081,    0.58712155967638,    0.85974414818666,    0.58712155967638,
  291,     0.41581384616292,    1.48051348864769,    0.58316486649176,    0.86338345094648,    0.58316486649176,
  292,     0.41729700229924,    1.48912415412628,    0.58106952290931,    0.86528466179089,    0.58106952290931,
  293,     0.41878549596335,    1.49769408111656,    0.57898666397270,    0.86714489967733,    0.57898666397270,
  294,     0.42162169591382,    1.51356663968955,    0.57513814254244,    0.87050990576525,    0.57513814254244,
  295,     0.42447679692600,    1.52934753575804,    0.57132299341258,    0.87375141209744,    0.57132299341258,
  296,     0.42599067129412,    1.53774940652742,    0.56928356681849,    0.87541546702094,    0.56928356681849,
  297,     0.42750993094862,    1.54614284696679,    0.56727610742104,    0.87708989574420,    0.56727610742104,
  298,     0.43040463445011,    1.56181912348290,    0.56351766019359,    0.88011265811068,    0.56351766019359,
  299,     0.43331856579576,    1.57728103042759,    0.55980849762459,    0.88297532397543,    0.55980849762459,
  300,     0.43486350924492,    1.58542235997587,    0.55785297091408,    0.88443257366615,    0.55785297091408,
  301,     0.43641383300833,    1.59357884790589,    0.55593349015560,    0.88592385075447,    0.55593349015560,
  302,     0.43936760501335,    1.60912926218732,    0.55223057816632,    0.88861038280205,    0.55223057816632,
  303,     0.44234117459478,    1.62453284897305,    0.54858695813758,    0.89119753401270,    0.54858695813758,
  304,     0.44391762958493,    1.63210584229532,    0.54682088954892,    0.89246956852192,    0.54682088954892,
  305,     0.44549892563100,    1.63863220184062,    0.54520323175835,    0.89338757210681,    0.54520323175835,
  306,     0.44850622049901,    1.64639906884912,    0.54348465116905,    0.89479262361851,    0.54348465116905,
  307,     0.45152020095360,    1.64975039072102,    0.54256356185952,    0.89509444816873,    0.54256356185952,
  308,     0.45311232597223,    1.65290111714585,    0.54188973873508,    0.89569015452508,    0.54188973873508,
  309,     0.45470731813434,    1.65840279595731,    0.54062794958759,    0.89657890316872,    0.54062794958759,
  310,     0.45774459530608,    1.67445376156202,    0.53686021222171,    0.89894760178762,    0.53686021222171,
  311,     0.46080526046253,    1.69192800832613,    0.53269725758613,    0.90128541006849,    0.53269725758613,
  312,     0.46242877892827,    1.69984992749106,    0.53097984040504,    0.90258604321173,    0.53097984040504,
  313,     0.46405717653369,    1.70592644589120,    0.52951477553852,    0.90331325908130,    0.52951477553852,
  314,     0.46715253733065,    1.71175526642664,    0.52818606874897,    0.90412528483424,    0.52818606874897,
  315,     0.47025340410330,    1.71489877833796,    0.52734923336971,    0.90435055606317,    0.52734923336971,
  316,     0.47189175356686,    1.71860968476852,    0.52655219179194,    0.90493769634972,    0.52655219179194,
  317,     0.47353322066610,    1.72406601498838,    0.52532282408474,    0.90569122790223,    0.52532282408474,
  318,     0.47665695009415,    1.73642338086765,    0.52248090262726,    0.90724805537881,    0.52248090262726,
  319,     0.47979853186547,    1.74894826401415,    0.51944751167350,    0.90848682378784,    0.51944751167350,
  320,     0.48146307608600,    1.75614354549027,    0.51792052889083,    0.90954279388854,    0.51792052889083,
  321,     0.48313272629171,    1.76346381232438,    0.51628934586165,    0.91045757811564,    0.51628934586165,
  322,     0.48631133519038,    1.77498438086085,    0.51361771864199,    0.91166342832291,    0.51361771864199,
  323,     0.48950352285564,    1.78122304901023,    0.51201512345044,    0.91201313933175,    0.51201512345044,
  324,     0.49119020018849,    1.78322965414170,    0.51171351591856,    0.91250271601109,    0.51171351591856,
  325,     0.49287802383260,    1.78522821002459,    0.51136557263466,    0.91290424590277,    0.51136557263466,
  326,     0.49608239299718,    1.79042340555301,    0.51001138112698,    0.91313631386816,    0.51001138112698,
  327,     0.49929638783960,    1.79685004810229,    0.50850919223705,    0.91371476653159,    0.50850919223705,
  328,     0.50099506381825,    1.79973789678167,    0.50804581110403,    0.91434929954511,    0.50804581110403,
  329,     0.50269532900501,    1.80177372378711,    0.50757357052270,    0.91453272225660,    0.50757357052270,
  330,     0.50592134663987,    1.80296577776381,    0.50716273813309,    0.91439706061094,    0.50716273813309,
  331,     0.50914838015817,    1.80232969817195,    0.50723646307068,    0.91420734138798,    0.50723646307068,
  332,     0.51085017256086,    1.80271296318047,    0.50743598461756,    0.91476142745433,    0.50743598461756,
  333,     0.51255216083515,    1.80363833566974,    0.50711556111387,    0.91465306663964,    0.50711556111387,
  334,     0.51578078623988,    1.80471673432137,    0.50677484579435,    0.91458504473819,    0.50677484579435,
  335,     0.51901029167909,    1.80387069908532,    0.50685224271072,    0.91429590939155,    0.50685224271072,
  336,     0.52071332373417,    1.80443572616111,    0.50709651541317,    0.91502306902334,    0.50709651541317,
  337,     0.52241649503696,    1.80538864908784,    0.50676613989200,    0.91490983670309,    0.50676613989200,
  338,     0.52564685025844,    1.80547724573763,    0.50659375881595,    0.91464350437490,    0.50659375881595,
  339,     0.52887736122048,    1.80482407459175,    0.50663847324932,    0.91439331363478,    0.50663847324932,
  340,     0.53058152110292,    1.80585028762357,    0.50660904308468,    0.91486008616717,    0.50660904308468,
  341,     0.53228597762513,    1.80691893659488,    0.50645520662309,    0.91512350338434,    0.50645520662309,
  342,     0.53551805467371,    1.80655195937726,    0.50632167441257,    0.91469641298520,    0.50632167441257,
  343,     0.53875055876358,    1.80667956683540,    0.50629097377386,    0.91470555719042,    0.50629097377386,
  344,     0.54045588664603,    1.80715885182424,    0.50623578003660,    0.91484847100330,    0.50623578003660,
  345,     0.54216119303778,    1.80753224084160,    0.50631101685573,    0.91517348686003,    0.50631101685573,
  346,     0.54539409070795,    1.80742410132184,    0.50614380699243,    0.91481651549290,    0.50614380699243,
  347,     0.54862788788561,    1.80700256516829,    0.50615371633161,    0.91462106378069,    0.50615371633161,
  348,     0.55033315843840,    1.80711759880118,    0.50647091133608,    0.91525249715631,    0.50647091133608,
  349,     0.55203840874122,    1.80768330395050,    0.50616882923323,    0.91499294158509,    0.50616882923323,
  350,     0.55527248302071,    1.80830107632842,    0.50602238968468,    0.91504083191309,    0.50602238968468,
  351,     0.55850640170017,    1.80649849375929,    0.50617188942293,    0.91439875582582,    0.50617188942293,
  352,     0.56021189784000,    1.80776661124908,    0.50634644724388,    0.91535620105207,    0.50634644724388,
  353,     0.56191784089512,    1.80937258395822,    0.50587791938056,    0.91532163815701,    0.50587791938056,
  354,     0.56515306219986,    1.80809761901054,    0.50603380279536,    0.91495851397313,    0.50603380279536,
  355,     0.56838634618919,    1.80687437524191,    0.50617716855917,    0.91459855520206,    0.50617716855917,
  356,     0.57009275822950,    1.80836375059571,    0.50568599188497,    0.91446421690881,    0.50568599188497,
  357,     0.57179954214489,    1.80952783593164,    0.50592877454221,    0.91549220053291,    0.50592877454221,
  358,     0.57503377001346,    1.80772963469986,    0.50610368007513,    0.91489862070247,    0.50610368007513,
  359,     0.57826766729230,    1.80785353605553,    0.50602476167003,    0.91481865471681,    0.50602476167003,
  360,     0.57997408444693,    1.80830033982540,    0.50588081486836,    0.91478444943760,    0.50588081486836,
  361,     0.58168059287959,    1.80864697322366,    0.50595681502817,    0.91509726208258,    0.50595681502817,
  362,     0.58491492824358,    1.80841631917821,    0.50607571319385,    0.91519557847951,    0.50607571319385,
  363,     0.58814870279185,    1.80659457343164,    0.50611581323330,    0.91434608171523,    0.50611581323330,
  364,     0.58985462750633,    1.80773860355567,    0.50612156240283,    0.91493548644751,    0.50612156240283,
  365,     0.59156081749493,    1.80893149424442,    0.50595439623038,    0.91523684199255,    0.50595439623038,
  366,     0.59479444399839,    1.80689068379019,    0.50638571429943,    0.91498362957208,    0.50638571429943,
  367,     0.59802569404694,    1.80619330508311,    0.50639747595063,    0.91465173077301,    0.50639747595063,
  368,     0.59973170970396,    1.80685618005843,    0.50570836454939,    0.91374228379331,    0.50570836454939,
  369,     0.60143764815277,    1.80760553110457,    0.50634058866389,    0.91526404869160,    0.50634058866389,
  370,     0.60466850254150,    1.80573267912861,    0.50665868528210,    0.91489014517823,    0.50665868528210,
  371,     0.60789927299993,    1.80542189003769,    0.50644723468940,    0.91435092365730,    0.50644723468940,
  372,     0.60960430069242,    1.80665582916934,    0.50637019526768,    0.91483666499796,    0.50637019526768,
  373,     0.61130870781215,    1.80545137439476,    0.50663209320343,    0.91469960898664,    0.50663209320343,
  374,     0.61453843693913,    1.80529335600796,    0.50682626014406,    0.91497008008843,    0.50682626014406,
  375,     0.61776719524885,    1.80336563038247,    0.50696225162003,    0.91423830047287,    0.50696225162003,
  376,     0.61947005563764,    1.80504870511655,    0.50647122865689,    0.91420523546590,    0.50647122865689,
  377,     0.62117519265218,    1.80534461886874,    0.50671518931262,    0.91479554032460,    0.50671518931262,
  378,     0.62440263501514,    1.80305359407315,    0.50728982265456,    0.91467073797404,    0.50728982265456,
  379,     0.62762962583989,    1.80456215302718,    0.50693419700335,    0.91479426598746,    0.50693419700335,
  380,     0.62933339298031,    1.79854169179235,    0.50675256803301,    0.91141562103021,    0.50675256803301,
  381,     0.63103614295036,    1.80434838910441,    0.50713369500492,    0.91504586564269,    0.50713369500492,
  382,     0.63426203821410,    1.80286938293684,    0.50750551766026,    0.91496615946118,    0.50750551766026,
  383,     0.63748759064084,    1.80081660622458,    0.50706110265051,    0.91312405402358,    0.50706110265051,
  384,     0.63919167289074,    1.80679248191537,    0.50696693125197,    0.91598403996575,    0.50696693125197,
  385,     0.64089200589883,    1.80176257373378,    0.50769116940424,    0.91473894804769,    0.50769116940424,
  386,     0.64411691524700,    1.80173142550684,    0.50734011160276,    0.91409062249485,    0.50734011160276,
  387,     0.64734214094447,    1.80154651492360,    0.50778476627932,    0.91479787602180,    0.50778476627932,
  388,     0.64904099148514,    1.80040206513750,    0.50711116984641,    0.91300399744577,    0.50711116984641,
  389,     0.65074570705493,    1.80220196824831,    0.50723401291052,    0.91413813642982,    0.50723401291052,
  390,     0.65396853840439,    1.80112584390022,    0.50797478655931,    0.91492651612168,    0.50797478655931,
  391,     0.65719283244651,    1.80170909203778,    0.50712328415031,    0.91368863183767,    0.50712328415031,
  392,     0.65889602809587,    1.79629155271684,    0.50769003299623,    0.91195931766966,    0.50769003299623,
  393,     0.66059468708257,    1.80253951744298,    0.50796251712313,    0.91562251049424,    0.50796251712313,
  394,     0.66381829752586,    1.80050201673862,    0.50759561462395,    0.91392692781810,    0.50759561462395,
  395,     0.66704212816986,    1.80009190623564,    0.50776393851457,    0.91402175599841,    0.50776393851457,
  396,     0.66874235387091,    1.80166917821020,    0.50746633964732,    0.91428646312173,    0.50746633964732,
  397,     0.67044339566051,    1.80073165832195,    0.50785089551101,    0.91450318525382,    0.50785089551101,
  398,     0.67366557523306,    1.80045253405279,    0.50781118026677,    0.91428992633165,    0.50781118026677,
  399,     0.67688956254835,    1.79980882613675,    0.50761606518024,    0.91361187440021,    0.50761606518024,
  400,     0.67858970823403,    1.80086323347510,    0.50801981883373,    0.91487421361434,    0.50801981883373,
  401,     0.67971153364700,    1.80140029678470,    0.50785835634034,    0.91485619383608,    0.50785835634034,
  402,     0.68027155483183,    1.80096130897928,    0.50782193878114,    0.91456766359568,    0.50782193878114,
  403,     0.68081652598070,    1.80031617402017,    0.50782316103834,    0.91424225035937,    0.50782316103834,
  404,     0.68121513337688,    1.80019495730521,    0.50784519001557,    0.91422035015774,    0.50784519001557,
  405,     0.68155514529619,    1.80021008713689,    0.50782809369554,    0.91419725680222,    0.50782809369554,
  406,     0.68219971792367,    1.80048232425103,    0.50782308733923,    0.91432649260087,    0.50782308733923,
  407,     0.68284426608090,    1.80040504523091,    0.50785705681844,    0.91434840735204,    0.50785705681844,
  408,     0.68318426431948,    1.80050061927485,    0.50779221122658,    0.91428019077640,    0.50779221122658,
  409,     0.68352433760411,    1.80040622527032,    0.50778458990413,    0.91421853675972,    0.50778458990413,
  410,     0.68416892751492,    1.80035929290697,    0.50780549181737,    0.91423233618259,    0.50780549181737,
  411,     0.68481356808170,    1.80021102279810,    0.50771169027992,    0.91398818124536,    0.50771169027992,
  412,     0.68515369528477,    1.79918437998911,    0.50769240449205,    0.91343224400122,    0.50769240449205,
  413,     0.68549385269066,    1.79970925717860,    0.50753682628332,    0.91341872462114,    0.50753682628332,
  414,     0.68613881077719,    1.79927049268422,    0.50756080512275,    0.91323917990042,    0.50756080512275,
  415,     0.68678360537111,    1.79952962474040,    0.50770471799165,    0.91362968064644,    0.50770471799165,
  416,     0.68712372161599,    1.79992881519651,    0.50773481484080,    0.91388652371042,    0.50773481484080,
  417,     0.68746373279522,    1.80018967466594,    0.50786389410368,    0.91425133830108,    0.50786389410368,
  418,     0.68810821991131,    1.80077531799240,    0.50791132195704,    0.91463417230912,    0.50791132195704,
  419,     0.68875261807235,    1.80049710685763,    0.50802506825124,    0.91469766559751,    0.50802506825124,
  420,     0.68909246932617,    1.80059825453471,    0.50804476174581,    0.91478451122500,    0.50804476174581,
  421,     0.68943238645303,    1.80077237772206,    0.50802345867824,    0.91483461162259,    0.50802345867824,
  422,     0.69007668780082,    1.80110183057252,    0.50801373008035,    0.91498445920370,    0.50801373008035,
  423,     0.69072108593513,    1.80095983163878,    0.50789526384123,    0.91469896885764,    0.50789526384123,
  424,     0.69106108395865,    1.80074445247902,    0.50783447491944,    0.91448011348878,    0.50783447491944,
  425,     0.69140112782810,    1.80061768014070,    0.50777244546094,    0.91430404278525,    0.50777244546094,
  426,     0.69204577042535,    1.80018426226884,    0.50777424225576,    0.91408719969431,    0.50777424225576,
  427,     0.69269037281966,    1.79968686553785,    0.50781454108663,    0.91390715972274,    0.50781454108663,
  428,     0.69303040503182,    1.79977435852156,    0.50783922222571,    0.91399601041337,    0.50783922222571,
  429,     0.69337042074737,    1.79974296459527,    0.50781322433575,    0.91393327782671,    0.50781322433575,
  430,     0.69401503327126,    1.79953805000051,    0.50777308501829,    0.91375698725656,    0.50777308501829,
  431,     0.69465968217845,    1.79903894538663,    0.50773953548973,    0.91344319845854,    0.50773953548973,
  432,     0.69499977873240,    1.79892591456197,    0.50777613803706,    0.91345165351107,    0.50777613803706,
  433,     0.69533981016192,    1.79956615623775,    0.50777688437208,    0.91377809603585,    0.50777688437208,
  434,     0.69598448617763,    1.80021166581411,    0.50771870278572,    0.91400113170686,    0.50771870278572,
  435,     0.69662917851543,    1.80020038716346,    0.50774075362376,    0.91403510125215,    0.50774075362376,
  436,     0.69696925227904,    1.80048217014822,    0.50777222404798,    0.91423483589490,    0.50777222404798,
  437,     0.69730929354974,    1.80045984192367,    0.50781969041673,    0.91430895953344,    0.50781969041673,
  438,     0.69795382011266,    1.80057002226034,    0.50789534559591,    0.91450113372555,    0.50789534559591,
  439,     0.69859823325107,    1.80031074351381,    0.50800452266568,    0.91456599990863,    0.50800452266568,
  440,     0.69893811135560,    1.80059354593064,    0.50804169445413,    0.91477659609777,    0.50804169445413,
  441,     0.69927800616360,    1.80063922372638,    0.50803827001782,    0.91479363614818,    0.50803827001782,
  442,     0.69992228401594,    1.80055597250847,    0.50805635777091,    0.91478390935531,    0.50805635777091,
  443,     0.70056656258465,    1.79970729996274,    0.50804831566128,    0.91433826242938,    0.50804831566128,
  444,     0.70090643630023,    1.79970395810005,    0.50806387802673,    0.91436457225236,    0.50806387802673,
  445,     0.70124630154082,    1.79983478131492,    0.50804062135828,    0.91438918064147,    0.50804062135828,
  446,     0.70189072055260,    1.80030215080300,    0.50782240399506,    0.91423376613826,    0.50782240399506,
  447,     0.70253543015985,    1.80027307420554,    0.50762901681045,    0.91387085064929,    0.50762901681045,
  448,     0.70287559144052,    1.80001507148855,    0.50758575257227,    0.91366200470295,    0.50758575257227,
  449,     0.70321578539446,    1.80009377184359,    0.50760226559579,    0.91373167687268,    0.50760226559579,
  450,     0.70386057950570,    1.79941035552318,    0.50768255118260,    0.91352923991639,    0.50768255118260,
  451,     0.70450528807136,    1.79893630284473,    0.50774266641649,    0.91339671511981,    0.50774266641649,
  452,     0.70484535672926,    1.79894437271021,    0.50777057309195,    0.91345101509160,    0.50777057309195,
  453,     0.70518542858221,    1.79900088844592,    0.50775661448985,    0.91345460058153,    0.50775661448985,
  454,     0.70583002428188,    1.79908857552779,    0.50786577940119,    0.91369552162219,    0.50786577940119,
  455,     0.70647443839339,    1.79952763279419,    0.50802018760222,    0.91419636560748,    0.50802018760222,
  456,     0.70681431279062,    1.80025047886079,    0.50807023324326,    0.91465368069110,    0.50807023324326,
  457,     0.70715417032950,    1.80099268182269,    0.50807448004042,    0.91503842037366,    0.50807448004042,
  458,     0.70779846237036,    1.80153025530894,    0.50799841883962,    0.91517452118868,    0.50799841883962,
  459,     0.70844284727279,    1.80129772197701,    0.50795880322914,    0.91498503511481,    0.50795880322914,
  460,     0.70878276795267,    1.80124827836398,    0.50798798143915,    0.91501247699686,    0.50798798143915,
  461,     0.70912270197955,    1.80093075211493,    0.50794839423748,    0.91477988366968,    0.50794839423748,
  462,     0.70976718962936,    1.79990091131037,    0.50782055098010,    0.91402667249121,    0.50782055098010,
  463,     0.71041179163233,    1.79948028763653,    0.50782052302152,    0.91381302083450,    0.50782052302152,
  464,     0.71075177481375,    1.79954082383754,    0.50793987475243,    0.91405854067193,    0.50793987475243,
  465,     0.71109173874057,    1.80004617411886,    0.50791539252840,    0.91427115909682,    0.50791539252840,
  466,     0.71173625923360,    1.80003370520627,    0.50779377692552,    0.91404591375993,    0.50779377692552,
  467,     0.71238091072020,    1.80002920456280,    0.50776605690843,    0.91399373152086,    0.50776605690843,
  468,     0.71272093663178,    1.80007328493745,    0.50778750440576,    0.91405472110587,    0.50778750440576,
  469,     0.71306099961334,    1.80042029507596,    0.50783131687445,    0.91430980937591,    0.50783131687445,
  470,     0.71370558456302,    1.79980084557965,    0.50773273497345,    0.91381780573369,    0.50773273497345,
  471,     0.71435039111636,    1.79875083205079,    0.50757568785521,    0.91300219085831,    0.50757568785521,
  472,     0.71469056506568,    1.79917953041004,    0.50769544004761,    0.91343524341618,    0.50769544004761,
  473,     0.71503065712112,    1.79921908066134,    0.50771964800497,    0.91349887831720,    0.50771964800497,
  474,     0.71567535009447,    1.79956086192886,    0.50774548669039,    0.91371890566905,    0.50774548669039,
  475,     0.71631993752791,    1.80034473845391,    0.50789867187200,    0.91439270157248,    0.50789867187200,
  476,     0.71665986372890,    1.80014280268568,    0.50804282008411,    0.91454962603054,    0.50804282008411,
  477,     0.71699971431440,    1.80134262519600,    0.50811956670805,    0.91529743420732,    0.50811956670805,
  478,     0.71764393468914,    1.80106754408984,    0.50804374674864,    0.91502110324677,    0.50804374674864,
  479,     0.71828829072738,    1.80055689720824,    0.50797024064771,    0.91462932037476,    0.50797024064771,
  480,     0.71862819471097,    1.80082850367436,    0.50805063495910,    0.91491206474420,    0.50805063495910,
  481,     0.71896806525533,    1.80087287806346,    0.50805491646731,    0.91494231963277,    0.50805491646731,
  482,     0.71961242848082,    1.80058971055060,    0.50789433378384,    0.91450931145813,    0.50789433378384,
  483,     0.72025699421689,    1.79969996183425,    0.50779885692912,    0.91388558343481,    0.50779885692912,
  484,     0.72059701013080,    1.79985211792025,    0.50782961774137,    0.91401821303443,    0.50782961774137,
  485,     0.72093703879722,    1.79983421343880,    0.50785651064381,    0.91405752337437,    0.50785651064381,
  486,     0.72158159987085,    1.79962470158529,    0.50776868849031,    0.91379307449873,    0.50776868849031,
  487,     0.72222629443138,    1.79924060668913,    0.50772759936806,    0.91352411391980,    0.50772759936806,
  488,     0.72256634036649,    1.79887726375503,    0.50782131091100,    0.91350821024808,    0.50782131091100,
  489,     0.72290638760459,    1.79929500063201,    0.50781382034062,    0.91370686819072,    0.50781382034062,
  490,     0.72355099641741,    1.79874390749805,    0.50774762893891,    0.91330795410044,    0.50774762893891,
  491,     0.72419570216426,    1.79898949503743,    0.50771525746443,    0.91337441464874,    0.50771525746443,
  492,     0.72453577173594,    1.79904442656454,    0.50775361204996,    0.91347130582649,    0.50775361204996,
  493,     0.72487587267241,    1.80014226284257,    0.50773880823190,    0.91400208718356,    0.50773880823190,
  494,     0.72552047893270,    1.80077096250637,    0.50784860110234,    0.91451901421458,    0.50784860110234,
  495,     0.72616494857118,    1.80080699556654,    0.50795043118178,    0.91472068987319,    0.50795043118178,
  496,     0.72650487459126,    1.80064241763839,    0.50807005980996,    0.91485250082588,    0.50807005980996,
  497,     0.72684469321365,    1.80078620394498,    0.50812663378467,    0.91502743197644,    0.50812663378467,
  498,     0.72748886501368,    1.80095610031363,    0.50815008757533,    0.91515600009369,    0.50815008757533,
  499,     0.72813302016210,    1.80054099745798,    0.50812798682735,    0.91490527223844,    0.50812798682735,
  500,     0.72847286572531,    1.80021269527131,    0.50807475210650,    0.91464261888894,    0.50807475210650,
  501,     0.72881271551421,    1.80006117158350,    0.50806420880285,    0.91454665493731,    0.50806420880285,
  502,     0.72945705978121,    1.79955180197197,    0.50793226523747,    0.91405042318779,    0.50793226523747,
  503,     0.73010154847437,    1.79961430055729,    0.50786475261764,    0.91396067155970,    0.50786475261764,
  504,     0.73044153510926,    1.79935961761925,    0.50783478487425,    0.91377740432509,    0.50783478487425,
  505,     0.73078164917018,    1.79982336624019,    0.50764008810621,    0.91366249221379,    0.50764008810621,
  506,     0.73142650148663,    1.79971531903512,    0.50758772341088,    0.91351340157673,    0.50758772341088,
  507,     0.73207134344318,    1.79934569420588,    0.50763160814694,    0.91340474836200,    0.50763160814694,
  508,     0.73241149266394,    1.79956375636176,    0.50768537032715,    0.91361219207583,    0.50768537032715,
  509,     0.73275159154537,    1.79881263426889,    0.50771298563399,    0.91328053314079,    0.50771298563399,
  510,     0.73339624252407,    1.79955481320248,    0.50782534888049,    0.91385955084412,    0.50782534888049,
  511,     0.73404069993677,    1.79996842835554,    0.50799252540987,    0.91437050757836,    0.50799252540987,
  512,     0.73438059105989,    1.79979744072520,    0.50802467049101,    0.91434150177499,    0.50802467049101,
  513,     0.73472045666390,    1.79970978325362,    0.50811344364331,    0.91445673552755,    0.50811344364331,
  514,     0.73536461490192,    1.79988475053248,    0.50814963954857,    0.91461078721205,    0.50814963954857,
  515,     0.73600880678859,    1.80078008659703,    0.50808812129421,    0.91495497106311,    0.50808812129421,
  516,     0.73634866250044,    1.80118050854032,    0.50798617792660,    0.91497480228929,    0.50798617792660,
  517,     0.73668865805894,    1.80074396481095,    0.50784293466190,    0.91449509966430,    0.50784293466190,
  518,     0.73733323293214,    1.80027146160511,    0.50780860066097,    0.91419333172757,    0.50780860066097,
  519,     0.73797779623257,    1.80033265078341,    0.50785905624033,    0.91431524094552,    0.50785905624033,
  520,     0.73831778053641,    1.80012094781423,    0.50791490324192,    0.91430825703282,    0.50791490324192,
  521,     0.73865776760090,    1.79985145244798,    0.50786699421029,    0.91408514717979,    0.50786699421029,
  522,     0.73930223281685,    1.79996313353197,    0.50796239793367,    0.91431358950111,    0.50796239793367,
  523,     0.73994657470863,    1.80038118967031,    0.50800255848852,    0.91459825060712,    0.50800255848852,
  524,     0.74028651348924,    1.80015733601548,    0.50792063966510,    0.91433706560680,    0.50792063966510,
  525,     0.74062645582797,    1.79974806851272,    0.50793319514996,    0.91415178690463,    0.50793319514996,
  526,     0.74127094394013,    1.79941455880270,    0.50783062795499,    0.91379782534813,    0.50783062795499,
  527,     0.74191558941277,    1.79971608737847,    0.50769160293194,    0.91370074522357,    0.50769160293194,
  528,     0.74225572902585,    1.79924596425267,    0.50760625892217,    0.91330851279511,    0.50760625892217,
  529,     0.74259590767809,    1.79956641211805,    0.50759302409375,    0.91344735718454,    0.50759302409375,
  530,     0.74324077966052,    1.79876500588642,    0.50757746169070,    0.91301257586589,    0.50757746169070,
  531,     0.74388564781680,    1.79895560633658,    0.50761141705035,    0.91317040454318,    0.50761141705035,
  532,     0.74422579692723,    1.79932477837128,    0.50769003418241,    0.91349925823658,    0.50769003418241,
  533,     0.74456584735259,    1.79972869615314,    0.50786900713444,    0.91402642602666,    0.50786900713444,
  534,     0.74521017219226,    1.80079707635022,    0.50814664323034,    0.91506898948637,    0.50814664323034,
  535,     0.74585423052959,    1.80168698971552,    0.50826652050341,    0.91573717729896,    0.50826652050341,
  536,     0.74619397064921,    1.80230748438356,    0.50818818204063,    0.91591136396710,    0.50818818204063,
  537,     0.74653376015416,    1.80196213717526,    0.50818312681682,    0.91572675327525,    0.50818312681682,
  538,     0.74717793043731,    1.80137043889214,    0.50806499374324,    0.91521326076500,    0.50806499374324,
  539,     0.74782231098799,    1.80035672423023,    0.50788227140728,    0.91436926244543,    0.50788227140728,
  540,     0.74816232020162,    1.80018575149768,    0.50782190375754,    0.91417375544276,    0.50782190375754,
  541,     0.74850233313967,    1.79957643312168,    0.50784730324235,    0.91391003853933,    0.50784730324235,
  542,     0.74914694583566,    1.79892839801108,    0.50770332053009,    0.91332192106611,    0.50770332053009,
  543,     0.74979178164327,    1.79858455514479,    0.50754268046190,    0.91285842615557,    0.50754268046190,
  544,     0.75013199969477,    1.79896714522996,    0.50755358801645,    0.91307222928518,    0.50755358801645,
  545,     0.75047214193030,    1.79928188919622,    0.50772192797355,    0.91353486975059,    0.50772192797355,
  546,     0.75111675934444,    1.79994148681224,    0.50781243090241,    0.91403266190022,    0.50781243090241,
  547,     0.75176135058330,    1.79965262257284,    0.50779815450254,    0.91386028048815,    0.50779815450254,
  548,     0.75210138879086,    1.80002171326711,    0.50777019255894,    0.91399737195592,    0.50777019255894,
  549,     0.75244141190766,    1.79956423456210,    0.50790343337988,    0.91400485332173,    0.50790343337988,
  550,     0.75308585241329,    1.79990462727478,    0.50789647860471,    0.91416522201719,    0.50789647860471,
  551,     0.75373037815151,    1.80036039630908,    0.50785348177882,    0.91431929572225,    0.50785348177882,
  552,     0.75407034833145,    1.80052647101242,    0.50783197702359,    0.91436491745755,    0.50783197702359,
  553,     0.75441038693067,    1.80061453593457,    0.50790079685371,    0.91453355762754,    0.50790079685371,
  554,     0.75505478870758,    1.80014107519432,    0.50795756966916,    0.91439528561733,    0.50795756966916,
  555,     0.75569920099758,    1.80041985510075,    0.50797151070038,    0.91456199369049,    0.50797151070038,
  556,     0.75603908132861,    1.80029774722064,    0.50808120017923,    0.91469744008782,    0.50808120017923,
  557,     0.75637896905044,    1.80061822393954,    0.50804311718761,    0.91479169535506,    0.50804311718761,
  558,     0.75702320255385,    1.80020695811604,    0.50813474269862,    0.91474769946656,    0.50813474269862,
  559,     0.75766733809484,    1.80039710473716,    0.50817329942629,    0.91491373699183,    0.50817329942629,
  560,     0.75800714323160,    1.79986951764904,    0.50818158397338,    0.91466054242430,    0.50818158397338,
  561,     0.75834693548713,    1.79975057030191,    0.50810061652829,    0.91445437436755,    0.50810061652829,
  562,     0.75899133991514,    1.79936938005028,    0.50780509111483,    0.91372893198566,    0.50780509111483,
  563,     0.75963608982479,    1.79998244844003,    0.50757754314374,    0.91363066888104,    0.50757754314374,
  564,     0.75997630060696,    1.79993753906789,    0.50749687096454,    0.91346266900857,    0.50749687096454,
  565,     0.76031657286096,    1.79939303770329,    0.50745318402526,    0.91310772629542,    0.50745318402526,
  566,     0.76096158069700,    1.79819158089777,    0.50751515800860,    0.91260948430907,    0.50751515800860,
  567,     0.76160647546726,    1.79855403857360,    0.50761692048444,    0.91297646238559,    0.50761692048444,
  568,     0.76194662507036,    1.79905013689054,    0.50773808528956,    0.91344627184473,    0.50773808528956,
  569,     0.76228664818235,    1.79910643321110,    0.50785939226277,    0.91369309978664,    0.50785939226277,
  570,     0.76293099347942,    1.79990140343513,    0.50816232808102,    0.91464208748589,    0.50816232808102,
  571,     0.76357496097758,    1.80111340658641,    0.50838024020894,    0.91565046628393,    0.50838024020894,
  572,     0.76391462858888,    1.80134247513493,    0.50832519628354,    0.91566776724684,    0.50832519628354,
  573,     0.76425436620695,    1.80140047193987,    0.50818388110535,    0.91544268325542,    0.50818388110535,
  574,     0.76489856563682,    1.80127303762489,    0.50806551220029,    0.91516470847347,    0.50806551220029,
  575,     0.76554290390415,    1.80105056558413,    0.50791036443811,    0.91477224913730,    0.50791036443811,
  576,     0.76588293427520,    1.80015015092263,    0.50777164542059,    0.91406520413811,    0.50777164542059,
  577,     0.76622300465942,    1.79980190727912,    0.50770459502441,    0.91376769845930,    0.50770459502441,
  578,     0.76686770196781,    1.79945532804136,    0.50778039296888,    0.91372813360278,    0.50778039296888,
  579,     0.76751226108583,    1.79936360291152,    0.50783082833510,    0.91377230894258,    0.50783082833510,
  580,     0.76785232786115,    1.79985615624573,    0.50778355000178,    0.91393734851102,    0.50778355000178,
  581,     0.76819229795316,    1.79975497012290,    0.50791116232205,    0.91411563877000,    0.50791116232205,
  582,     0.76883673235306,    1.80023654965011,    0.50794668890111,    0.91442419463352,    0.50794668890111,
  583,     0.76948114190647,    1.79994188927195,    0.50793404294398,    0.91425176088212,    0.50793404294398,
  584,     0.76982111101582,    1.80006211108580,    0.50780421823358,    0.91407913309182,    0.50780421823358,
  585,     0.77016120478169,    1.79929777099680,    0.50770632412166,    0.91351485731309,    0.50770632412166,
  586,     0.77080597646801,    1.79924307877679,    0.50761907780304,    0.91333011239218,    0.50761907780304,
  587,     0.77145083730731,    1.79920156623702,    0.50758581312840,    0.91324918998031,    0.50758581312840,
  588,     0.77179101069170,    1.79893334287142,    0.50758468736963,    0.91311101844019,    0.50758468736963,
  589,     0.77213117672821,    1.79927935151621,    0.50768729990054,    0.91347127573806,    0.50768729990054,
  590,     0.77277575805643,    1.80009123118204,    0.50793164235186,    0.91432329543748,    0.50793164235186,
  591,     0.77342005397063,    1.80090120733298,    0.50813957110643,    0.91510916709923,    0.50813957110643,
  592,     0.77375983474796,    1.80139799458193,    0.50818847188408,    0.91544969412164,    0.50818847188408,
  593,     0.77409962367120,    1.80128773574873,    0.50820451790648,    0.91542256535704,    0.50820451790648,
  594,     0.77474371613672,    1.80102318969287,    0.50816641637229,    0.91521950010962,    0.50816641637229,
  595,     0.77538791944729,    1.80057010523293,    0.50805860195426,    0.91479513038528,    0.50805860195426,
  596,     0.77572779905302,    1.80046301523213,    0.50801576978476,    0.91466360465213,    0.50801576978476,
  597,     0.77606771778459,    1.80041057793199,    0.50795509350897,    0.91452772346797,    0.50795509350897,
  598,     0.77671224251837,    1.79996307334336,    0.50775147490711,    0.91393390526843,    0.50775147490711,
  599,     0.77735699451104,    1.79945316556383,    0.50764813562695,    0.91348904464649,    0.50764813562695,
  600,     0.77769711537398,    1.79911198386193,    0.50770559241373,    0.91341921558526,    0.50770559241373,
  601,     0.77803723961503,    1.79918786852928,    0.50768209113315,    0.91341545943635,    0.50768209113315,
  602,     0.77868196439667,    1.79913005133151,    0.50772202932644,    0.91345796068421,    0.50772202932644,
  603,     0.77932662758835,    1.79938654680607,    0.50777590204222,    0.91368512692708,    0.50777590204222,
  604,     0.77966667603046,    1.79928018741645,    0.50771079597743,    0.91351397613962,    0.50771079597743,
  605,     0.78000688545803,    1.79905263485848,    0.50749047336720,    0.91300207327684,    0.50749047336720,
  606,     0.78065195924049,    1.79873947763497,    0.50738827793846,    0.91265932601714,    0.50738827793846,
  607,     0.78129706616159,    1.79846503025082,    0.50743072235405,    0.91259640942868,    0.50743072235405,
  608,     0.78163733481286,    1.79833665475754,    0.50735903251900,    0.91240234530124,    0.50735903251900,
  609,     0.78197788397202,    1.79801281383977,    0.50688271730806,    0.91138162083381,    0.50688271730806,
  610,     0.78262390573860,    1.79712223195754,    0.50654789338716,    0.91032848075733,    0.50654789338716,
  611,     0.78327008436321,    1.79611666395472,    0.50664148914701,    0.90998722130778,    0.50664148914701,
  612,     0.78361083296043,    1.79566687142462,    0.50650104493562,    0.90950714673284,    0.50650104493562,
  613,     0.78395234713068,    1.79475956361791,    0.50514513173118,    0.90661405618956,    0.50514513173118,
  614,     0.78460109117680,    1.79219231944762,    0.50416185294496,    0.90355500060643,    0.50416185294496,
  615,     0.78525031591406,    1.78931588010950,    0.50441369981864,    0.90255544323028,    0.50441369981864,
  616,     0.78559243726997,    1.78802197344424,    0.50409990481255,    0.90134170661598,    0.50409990481255,
  617,     0.78593661497901,    1.78554002856314,    0.50042252069443,    0.89352444189437,    0.50042252069443,
  618,     0.78659284778082,    1.77852843459352,    0.49771106977426,    0.88519328980549,    0.49771106977426,
  619,     0.78725045125109,    1.77066769370192,    0.49838747755973,    0.88247860546061,    0.49838747755973,
  620,     0.78759634790239,    1.76713353696788,    0.49783409553918,    0.87973932607336,    0.49783409553918,
  621,     0.78794749976980,    1.76082217560624,    0.48842636839941,    0.86003198062850,    0.48842636839941,
  622,     0.78862357172479,    1.74268009915645,    0.48128842982718,    0.83873176861409,    0.48128842982718,
  623,     0.78930353047217,    1.72211001599312,    0.48302359059997,    0.83181976333317,    0.48302359059997,
  624,     0.78965944323335,    1.71292621980558,    0.48316633808098,    0.82762828902635,    0.48316633808098,
  625,     0.79002708300230,    1.69898718671118,    0.46199389238300,    0.78492170349754,    0.46199389238300,
  626,     0.79075160966604,    1.65709425253390,    0.44477815944132,    0.73703933166282,    0.44477815944132,
  627,     0.79148732706499,    1.60806602018560,    0.44867293856605,    0.72149570668489,    0.44867293856605,
  628,     0.79186791174468,    1.58651667674485,    0.45475716647679,    0.72147982848466,    0.45475716647679,
  629,     0.79226736206525,    1.56274567913350,    0.41778967827895,    0.65289901451701,    0.41778967827895,
  630,     0.79309132499470,    1.48581583954535,    0.38261360894628,    0.56849336059800,    0.38261360894628,
  631,     0.79394810127273,    1.38813686140181,    0.38874287039448,    0.53962830800173,    0.38874287039448,
  632,     0.79438153270869,    1.34560676676455,    0.41141211485691,    0.55359892568038,    0.41141211485691,
  633,     0.79482667397406,    1.31596609880181,    0.36729579310358,    0.48334881195683,    0.36729579310358,
  634,     0.79580362051432,    1.21541579176628,    0.31073307033205,    0.37766988070560,    0.31073307033205,
  635,     0.79687200347820,    1.06406343916413,    0.31370615525114,    0.33380325044349,    0.31370615525114,
  636,     0.79739976063823,    0.99383016007223,    0.35702531920545,    0.35482253013579,    0.35702531920545,
  637,     0.79790324732926,    0.95009836496640,    0.32051223031548,    0.30451814597447,    0.32051223031548,
  638,     0.79905692470715,    0.83932758677825,    0.25546916728130,    0.21442231967046,    0.25546916728130,
  639,     0.80039243043895,    0.68939281771261,    0.24752385920103,    0.17064117074570,    0.24752385920103,
  640,     0.80105899599252,    0.59932944478265,    0.29302674898639,    0.17561955877648,    0.29302674898639,
  641,     0.80166317703166,    0.52383975571955,    0.26809003730486,    0.14043621965262,    0.26809003730486,
  642,     0.80301919147539,    0.39879832411372,    0.22153837510603,    0.08834913271916,    0.22153837510603,
  643,     0.80455021295737,    0.32008389412055,    0.21242084356799,    0.06799249080161,    0.21242084356799,
  644,     0.80534720509131,    0.26527370638445,    0.23504091772956,    0.06235017539812,    0.23504091772956,
  645,     0.80608527289566,    0.19136763080148,    0.22482723480214,    0.04302465526373,    0.22482723480214,
  646,     0.80762074886009,    0.11415795667764,    0.20522127118888,    0.02342764098571,    0.20522127118888,
  647,     0.80923237264115,    0.09044272712464,    0.20265107437412,    0.01832831582113,    0.20265107437412,
  648,     0.81008172613877,    0.07679455155930,    0.20823021959571,    0.01599094633495,    0.20823021959571,
  649,     0.81090943452957,    0.04543655682185,    0.20591747738897,    0.00935618116200,    0.20591747738897,
  650,     0.81252291672523,    0.02325352641282,    0.20094866249686,    0.00467276503099,    0.20094866249686,
  651,     0.81415485499579,    0.01847427750948,    0.20055806424596,    0.00370516533564,    0.20055806424596,
  652,     0.81501556387513,    0.01581635236191,    0.20149947840043,    0.00318698675112,    0.20149947840043,
  653,     0.81587174280294,    0.00865240314202,    0.20112824054022,    0.00174024262040,    0.20112824054022,
  654,     0.81750404373921,    0.00423827829749,    0.20016564691245,    0.00084835771721,    0.20016564691245,
  655,     0.81913984063964,    0.00336637830499,    0.20010615101875,    0.00067363300549,    0.20010615101875,
  656,     0.82000272220284,    0.00286761980539,    0.20026410922398,    0.00057428132592,    0.20026410922398,
  657,     0.82086477009717,    0.00154588078392,    0.20020533326860,    0.00030949357754,    0.20020533326860,
  658,     0.82250062438615,    0.00076242827114,    0.20002722042531,    0.00015250640785,    0.20002722042531,
  659,     0.82413714050701,    0.00061728418108,    0.20001501957894,    0.00012346610757,    0.20001501957894,
  660,     0.82500043129482,    0.00048420920713,    0.20004403023637,    0.00009686316127,    0.20004403023637,
  661,     0.82586356667765,    0.00025523886740,    0.20003845254299,    0.00005105758806,    0.20003845254299,
  662,     0.82750003472481,    0.00010067449564,    0.20000750047679,    0.00002013565424,    0.20000750047679,
  663,     0.82913665305788,    0.00007207093480,    0.19999826278058,    0.00001441406176,    0.19999826278058,
  664,     0.83000003275571,    0.00008704983285,    0.20000332135007,    0.00001741025569,    0.20000332135007,
  665,     0.83086336858202,    0.00001576725400,    0.20000329756124,    0.00000315350279,    0.20000329756124,
  666,     0.83249999972585,    -0.00000123464480,    0.19999930008164,    -0.00000024692810,    0.19999930008164,
  667,     0.83413663427413,    0.00000045526131,    0.20000047767599,    0.00000009105248,    0.20000047767599,
  668,     0.83499999994188,    -0.00000024818720,    0.19999955714876,    -0.00000004963733,    0.19999955714876,
  669,     0.83586336581935,    -0.00000002196405,    0.19999999417201,    -0.00000000439281,    0.19999999417201,
  670,     0.83750000000035,    0.00000000160326,    0.20000000134355,    0.00000000032065,    0.20000000134355,
  671,     0.83913663417665,    -0.00000000059129,    0.19999999907577,    -0.00000000011826,    0.19999999907577,
  672,     0.84000000000006,    0.00000000031381,    0.20000000087187,    0.00000000006276,    0.20000000087187,
  673,     0.84086336582324,    0.00000000002957,    0.20000000000608,    0.00000000000591,    0.20000000000608,
  674,     0.84250000000000,    -0.00000000000194,    0.19999999999889,    -0.00000000000039,    0.19999999999889,
  675,     0.84413663417677,    0.00000000000088,    0.20000000000084,    0.00000000000018,    0.20000000000084,
  676,     0.84500000000000,    -0.00000000000066,    0.19999999999918,    -0.00000000000013,    0.19999999999918,
  677,     0.84586336582323,    -0.00000000000002,    0.20000000000000,    -0.00000000000000,    0.20000000000000,
  678,     0.84750000000000,    -0.00000000000004,    0.20000000000000,    -0.00000000000001,    0.20000000000000,
  679,     0.84913663417677,    0.00000000000007,    0.20000000000000,    0.00000000000001,    0.20000000000000,
  680,     0.85000000000000,    -0.00000000000000,    0.20000000000000,    -0.00000000000000,    0.20000000000000,
  681,     0.85086336582323,    -0.00000000000007,    0.20000000000000,    -0.00000000000001,    0.20000000000000,
  682,     0.85250000000000,    -0.00000000000001,    0.20000000000000,    -0.00000000000000,    0.20000000000000,
  683,     0.85413663417677,    0.00000000000007,    0.20000000000000,    0.00000000000001,    0.20000000000000,
  684,     0.85500000000000,    -0.00000000000005,    0.20000000000000,    -0.00000000000001,    0.20000000000000,
  685,     0.85586336582323,    -0.00000000000005,    0.20000000000000,    -0.00000000000001,    0.20000000000000,
  686,     0.85750000000000,    -0.00000000000003,    0.20000000000000,    -0.00000000000001,    0.20000000000000,
  687,     0.85913663417677,    0.00000000000004,    0.20000000000000,    0.00000000000001,    0.20000000000000,
  688,     0.86000000000000,    0.00000000000002,    0.20000000000000,    0.00000000000000,    0.20000000000000,
  689,     0.86086336582323,    -0.00000000000004,    0.20000000000000,    -0.00000000000001,    0.20000000000000,
  690,     0.86250000000000,    -0.00000000000001,    0.20000000000000,    -0.00000000000000,    0.20000000000000,
  691,     0.86413663417677,    0.00000000000007,    0.20000000000000,    0.00000000000001,    0.20000000000000,
  692,     0.86500000000000,    -0.00000000000006,    0.20000000000000,    -0.00000000000001,    0.20000000000000,
  693,     0.86586336582323,    -0.00000000000005,    0.20000000000000,    -0.00000000000001,    0.20000000000000,
  694,     0.86750000000000,    -0.00000000000001,    0.20000000000000,    -0.00000000000000,    0.20000000000000,
  695,     0.86913663417677,    0.00000000000004,    0.20000000000000,    0.00000000000001,    0.20000000000000,
  696,     0.87000000000000,    -0.00000000000002,    0.20000000000000,    -0.00000000000000,    0.20000000000000,
  697,     0.87086336582323,    -0.00000000000004,    0.20000000000000,    -0.00000000000001,    0.20000000000000,
  698,     0.87250000000000,    0.00000000000001,    0.20000000000000,    0.00000000000000,    0.20000000000000,
  699,     0.87413663417677,    0.00000000000004,    0.20000000000000,    0.00000000000001,    0.20000000000000,
  700,     0.87500000000000,    -0.00000000000002,    0.20000000000000,    -0.00000000000000,    0.20000000000000,
  701,     0.87586336582323,    -0.00000000000007,    0.20000000000000,    -0.00000000000001,    0.20000000000000,
  702,     0.87750000000000,    -0.00000000000001,    0.20000000000000,    -0.00000000000000,    0.20000000000000,
  703,     0.87913663417677,    0.00000000000007,    0.20000000000000,    0.00000000000001,    0.20000000000000,
  704,     0.88000000000000,    -0.00000000000006,    0.20000000000000,    -0.00000000000001,    0.20000000000000,
  705,     0.88086336582323,    -0.00000000000004,    0.20000000000000,    -0.00000000000001,    0.20000000000000,
  706,     0.88250000000000,    0.00000000000001,    0.20000000000000,    0.00000000000000,    0.20000000000000,
  707,     0.88413663417677,    0.00000000000004,    0.20000000000000,    0.00000000000001,    0.20000000000000,
  708,     0.88500000000000,    -0.00000000000006,    0.20000000000000,    -0.00000000000001,    0.20000000000000,
  709,     0.88586336582323,    -0.00000000000004,    0.20000000000000,    -0.00000000000001,    0.20000000000000,
  710,     0.88750000000000,    -0.00000000000001,    0.20000000000000,    -0.00000000000000,    0.20000000000000,
  711,     0.88913663417677,    0.00000000000004,    0.20000000000000,    0.00000000000001,    0.20000000000000,
  712,     0.89000000000000,    -0.00000000000001,    0.20000000000000,    -0.00000000000000,    0.20000000000000,
  713,     0.89086336582323,    -0.00000000000006,    0.20000000000000,    -0.00000000000001,    0.20000000000000,
  714,     0.89250000000000,    -0.00000000000004,    0.20000000000000,    -0.00000000000001,    0.20000000000000,
  715,     0.89413663417677,    0.00000000000009,    0.20000000000000,    0.00000000000002,    0.20000000000000,
  716,     0.89500000000000,    -0.00000000000009,    0.20000000000000,    -0.00000000000002,    0.20000000000000,
  717,     0.89586336582323,    -0.00000000000002,    0.20000000000000,    -0.00000000000000,    0.20000000000000,
  718,     0.89750000000000,    -0.00000000000004,    0.20000000000000,    -0.00000000000001,    0.20000000000000,
  719,     0.89913663417677,    0.00000000000007,    0.20000000000000,    0.00000000000001,    0.20000000000000,
  720,     0.90000000000000,    -0.00000000000004,    0.20000000000000,    -0.00000000000001,    0.20000000000000,
  721,     0.90086336582323,    -0.00000000000004,    0.20000000000000,    -0.00000000000001,    0.20000000000000,
  722,     0.90250000000000,    -0.00000000000001,    0.20000000000000,    -0.00000000000000,    0.20000000000000,
  723,     0.90413663417677,    0.00000000000007,    0.20000000000000,    0.00000000000001,    0.20000000000000,
  724,     0.90500000000000,    -0.00000000000009,    0.20000000000000,    -0.00000000000002,    0.20000000000000,
  725,     0.90586336582323,    -0.00000000000002,    0.20000000000000,    -0.00000000000000,    0.20000000000000,
  726,     0.90750000000000,    -0.00000000000004,    0.20000000000000,    -0.00000000000001,    0.20000000000000,
  727,     0.90913663417677,    0.00000000000007,    0.20000000000000,    0.00000000000001,    0.20000000000000,
  728,     0.91000000000000,    -0.00000000000009,    0.20000000000000,    -0.00000000000002,    0.20000000000000,
  729,     0.91086336582323,    -0.00000000000002,    0.20000000000000,    -0.00000000000000,    0.20000000000000,
  730,     0.91250000000000,    -0.00000000000001,    0.20000000000000,    -0.00000000000000,    0.20000000000000,
  731,     0.91413663417677,    0.00000000000004,    0.20000000000000,    0.00000000000001,    0.20000000000000,
  732,     0.91500000000000,    -0.00000000000011,    0.20000000000000,    -0.00000000000002,    0.20000000000000,
  733,     0.91586336582323,    -0.00000000000002,    0.20000000000000,    -0.00000000000000,    0.20000000000000,
  734,     0.91750000000000,    -0.00000000000004,    0.20000000000000,    -0.00000000000001,    0.20000000000000,
  735,     0.91913663417677,    0.00000000000007,    0.20000000000000,    0.00000000000001,    0.20000000000000,
  736,     0.92000000000000,    -0.00000000000001,    0.20000000000000,    -0.00000000000000,    0.20000000000000,
  737,     0.92086336582323,    -0.00000000000002,    0.20000000000000,    -0.00000000000000,    0.20000000000000,
  738,     0.92250000000000,    -0.00000000000004,    0.20000000000000,    -0.00000000000001,    0.20000000000000,
  739,     0.92413663417677,    0.00000000000004,    0.20000000000000,    0.00000000000001,    0.20000000000000,
  740,     0.92500000000000,    -0.00000000000005,    0.20000000000000,    -0.00000000000001,    0.20000000000000,
  741,     0.92586336582323,    -0.00000000000005,    0.20000000000000,    -0.00000000000001,    0.20000000000000,
  742,     0.92750000000000,    -0.00000000000004,    0.20000000000000,    -0.00000000000001,    0.20000000000000,
  743,     0.92913663417677,    0.00000000000007,    0.20000000000000,    0.00000000000001,    0.20000000000000,
  744,     0.93000000000000,    -0.00000000000007,    0.20000000000000,    -0.00000000000001,    0.20000000000000,
  745,     0.93086336582323,    -0.00000000000002,    0.20000000000000,    -0.00000000000000,    0.20000000000000,
  746,     0.93250000000000,    -0.00000000000004,    0.20000000000000,    -0.00000000000001,    0.20000000000000,
  747,     0.93413663417677,    0.00000000000007,    0.20000000000000,    0.00000000000001,    0.20000000000000,
  748,     0.93500000000000,    0.00000000000002,    0.20000000000000,    0.00000000000000,    0.20000000000000,
  749,     0.93586336582323,    -0.00000000000004,    0.20000000000000,    -0.00000000000001,    0.20000000000000,
  750,     0.93750000000000,    -0.00000000000003,    0.20000000000000,    -0.00000000000001,    0.20000000000000,
  751,     0.93913663417677,    0.00000000000004,    0.20000000000000,    0.00000000000001,    0.20000000000000,
  752,     0.94000000000000,    0.00000000000005,    0.20000000000000,    0.00000000000001,    0.20000000000000,
  753,     0.94086336582323,    -0.00000000000004,    0.20000000000000,    -0.00000000000001,    0.20000000000000,
  754,     0.94250000000000,    -0.00000000000001,    0.20000000000000,    -0.00000000000000,    0.20000000000000,
  755,     0.94413663417677,    0.00000000000002,    0.20000000000000,    0.00000000000000,    0.20000000000000,
  756,     0.94500000000000,    -0.00000000000002,    0.20000000000000,    -0.00000000000000,    0.20000000000000,
  757,     0.94586336582323,    -0.00000000000004,    0.20000000000000,    -0.00000000000001,    0.20000000000000,
  758,     0.94750000000000,    -0.00000000000001,    0.20000000000000,    -0.00000000000000,    0.20000000000000,
  759,     0.94913663417677,    0.00000000000007,    0.20000000000000,    0.00000000000001,    0.20000000000000,
  760,     0.95000000000000,    -0.00000000000001,    0.20000000000000,    -0.00000000000000,    0.20000000000000,
  761,     0.95086336582323,    -0.00000000000002,    0.20000000000000,    -0.00000000000000,    0.20000000000000,
  762,     0.95250000000000,    -0.00000000000006,    0.20000000000000,    -0.00000000000001,    0.20000000000000,
  763,     0.95413663417677,    0.00000000000007,    0.20000000000000,    0.00000000000001,    0.20000000000000,
  764,     0.95500000000000,    -0.00000000000006,    0.20000000000000,    -0.00000000000001,    0.20000000000000,
  765,     0.95586336582323,    -0.00000000000005,    0.20000000000000,    -0.00000000000001,    0.20000000000000,
  766,     0.95750000000000,    0.00000000000001,    0.20000000000000,    0.00000000000000,    0.20000000000000,
  767,     0.95913663417677,    0.00000000000004,    0.20000000000000,    0.00000000000001,    0.20000000000000,
  768,     0.96000000000000,    -0.00000000000005,    0.20000000000000,    -0.00000000000001,    0.20000000000000,
  769,     0.96086336582323,    -0.00000000000004,    0.20000000000000,    -0.00000000000001,    0.20000000000000,
  770,     0.96250000000000,    -0.00000000000001,    0.20000000000000,    -0.00000000000000,    0.20000000000000,
  771,     0.96413663417677,    0.00000000000004,    0.20000000000000,    0.00000000000001,    0.20000000000000,
  772,     0.96500000000000,    -0.00000000000000,    0.20000000000000,    -0.00000000000000,    0.20000000000000,
  773,     0.96586336582323,    -0.00000000000004,    0.20000000000000,    -0.00000000000001,    0.20000000000000,
  774,     0.96750000000000,    -0.00000000000001,    0.20000000000000,    -0.00000000000000,    0.20000000000000,
  775,     0.96913663417677,    0.00000000000007,    0.20000000000000,    0.00000000000001,    0.20000000000000,
  776,     0.97000000000000,    -0.00000000000002,    0.20000000000000,    -0.00000000000000,    0.20000000000000,
  777,     0.97086336582323,    -0.00000000000005,    0.20000000000000,    -0.00000000000001,    0.20000000000000,
  778,     0.97250000000000,    -0.00000000000004,    0.20000000000000,    -0.00000000000001,    0.20000000000000,
  779,     0.97413663417677,    0.00000000000007,    0.20000000000000,    0.00000000000001,    0.20000000000000,
  780,     0.97500000000000,    -0.00000000000005,    0.20000000000000,    -0.00000000000001,    0.20000000000000,
  781,     0.97586336582323,    0.00000000000000,    0.20000000000000,    0.00000000000000,    0.20000000000000,
  782,     0.97750000000000,    -0.00000000000006,    0.20000000000000,    -0.00000000000001,    0.20000000000000,
  783,     0.97913663417677,    0.00000000000002,    0.20000000000000,    0.00000000000000,    0.20000000000000,
  784,     0.98000000000000,    0.00000000000002,    0.20000000000000,    0.00000000000000,    0.20000000000000,
  785,     0.98086336582323,    -0.00000000000004,    0.20000000000000,    -0.00000000000001,    0.20000000000000,
  786,     0.98250000000000,    -0.00000000000001,    0.20000000000000,    -0.00000000000000,    0.20000000000000,
  787,     0.98413663417677,    0.00000000000007,    0.20000000000000,    0.00000000000001,    0.20000000000000,
  788,     0.98500000000000,    -0.00000000000006,    0.20000000000000,    -0.00000000000001,    0.20000000000000,
  789,     0.98586336582323,    -0.00000000000005,    0.20000000000000,    -0.00000000000001,    0.20000000000000,
  790,     0.98750000000000,    -0.00000000000001,    0.20000000000000,    -0.00000000000000,    0.20000000000000,
  791,     0.98913663417677,    0.00000000000007,    0.20000000000000,    0.00000000000001,    0.20000000000000,
  792,     0.99000000000000,    -0.00000000000011,    0.20000000000000,    -0.00000000000002,    0.20000000000000,
  793,     0.99086336582323,    -0.00000000000002,    0.20000000000000,    -0.00000000000000,    0.20000000000000,
  794,     0.99250000000000,    -0.00000000000001,    0.20000000000000,    -0.00000000000000,    0.20000000000000,
  795,     0.99413663417677,    0.00000000000004,    0.20000000000000,    0.00000000000001,    0.20000000000000,
  796,     0.99500000000000,    -0.00000000000009,    0.20000000000000,    -0.00000000000002,    0.20000000000000,
  797,     0.99586336582323,    -0.00000000000000,    0.20000000000000,    -0.00000000000000,    0.20000000000000,
  798,     0.99750000000000,    -0.00000000000006,    0.20000000000000,    -0.00000000000001,    0.20000000000000,
  799,     0.99913663417677,    0.00000000000004,    0.20000000000000,    0.00000000000001,    0.20000000000000,
  800,     1.00000000000000,    0.00000000000000,    0.20000000000000,    0.00000000000000,    0.20000000000000,
