 indi,                  x_v,                   v,                   H,                   q,                 eta
    0,     -0.00000000000197,    -0.00000000008848,    0.50000000004741,    -0.00000000004424,    0.50000000004741,
    1,     0.10792072790028,    0.00000000002193,    0.49999999997526,    0.00000000001097,    0.49999999997526,
    2,     0.31250000001099,    0.00000000019908,    0.49999999998748,    0.00000000009954,    0.49999999998748,
    3,     0.51707927207458,    -0.00000000136518,    0.50000000020821,    -0.00000000068259,    0.50000000020821,
    4,     0.62499999991232,    0.00000000006621,    0.50000000155592,    0.00000000003310,    0.50000000155592,
    5,     0.73292072794293,    0.00000000463570,    0.49999999761716,    0.00000000231785,    0.49999999761716,
    6,     0.93750000024994,    -0.00000000545918,    0.50000000289813,    -0.00000000272959,    0.50000000289813,
    7,     1.14207927053998,    -0.00000002430615,    0.50000000248821,    -0.00000001215307,    0.50000000248821,
    8,     1.24999999905606,    0.00000006215645,    0.50000002198336,    0.00000003107823,    0.50000002198336,
    9,     1.35792073234764,    0.00000013789059,    0.49999993772973,    0.00000006894528,    0.49999993772973,
   10,     1.56249999989446,    -0.00000038128613,    0.50000012298708,    -0.00000019064311,    0.50000012298708,
   11,     1.76707920426517,    -0.00000068192623,    0.50000010025084,    -0.00000034096319,    0.50000010025084,
   12,     1.87499994643026,    0.00000140236507,    0.49999996137291,    0.00000070118248,    0.49999996137291,
   13,     1.98292080760434,    0.00000382750440,    0.49999889184050,    0.00000191374796,    0.49999889184050,
   14,     2.18750012777059,    -0.00000794527345,    0.50000215596981,    -0.00000397265385,    0.50000215596981,
   15,     2.39207651077074,    -0.00006201954222,    0.50001331532481,    -0.00003101059692,    0.50001331532481,
   16,     2.49999341370008,    -0.00009398957156,    0.50002153754838,    -0.00004699681009,    0.50002153754838,
   17,     2.60790896329561,    -0.00011393231898,    0.50002627612800,    -0.00005696915319,    0.50002627612800,
   18,     2.81247780611967,    -0.00009941439972,    0.50002214746841,    -0.00004970940164,    0.50002214746841,
   19,     3.01705063159296,    -0.00004004036193,    0.50000887564829,    -0.00002002053635,    0.50000887564829,
   20,     3.12497017497363,    -0.00000977236761,    0.50000271777034,    -0.00000488621036,    0.50000271777034,
   21,     3.23289081171116,    0.00000715516099,    0.49999865865052,    0.00000357757090,    0.49999865865052,
   22,     3.43747065945541,    0.00000003197712,    0.49999978023410,    0.00000001598855,    0.49999978023410,
   23,     3.64204946763567,    -0.00000493083581,    0.50000140121543,    -0.00000246542482,    0.50000140121543,
   24,     3.74997020692793,    0.00000169096218,    0.49999832087796,    0.00000084547825,    0.49999832087796,
   25,     3.85789112076210,    0.00000461603024,    0.49999937982004,    0.00000230801226,    0.49999937982004,
   26,     4.06247042261864,    -0.00000344085035,    0.50000041114503,    -0.00000172042659,    0.50000041114503,
   27,     4.26704951185312,    0.00000327118594,    0.50000009815898,    0.00000163559329,    0.50000009815898,
   28,     4.37497034648203,    0.00000255933574,    0.49999826190148,    0.00000127966342,    0.49999826190148,
   29,     4.48289120980334,    -0.00000312991565,    0.50000044527472,    -0.00000156495922,    0.50000044527472,
   30,     4.68747026189390,    0.00000078160383,    0.49999993529347,    0.00000039080186,    0.49999993529347,
   31,     4.89204975859886,    0.00000152606899,    0.49999977980334,    0.00000076303416,    0.49999977980334,
   32,     4.99997025504716,    -0.00000464618351,    0.50000216577821,    -0.00000232310182,    0.50000216577821,
   33,     5.10789107851429,    -0.00000082696360,    0.49999932553640,    -0.00000041348124,    0.49999932553640,
   34,     5.31247037579421,    0.00000144830953,    0.50000005829643,    0.00000072415485,    0.50000005829643,
   35,     5.51704923945807,    -0.00000104781873,    0.50000028929718,    -0.00000052390967,    0.50000028929718,
   36,     5.62497186595719,    -0.00000409137047,    0.49999857781535,    -0.00000204567942,    0.49999857781535,
   37,     5.73289778285400,    0.00000290336843,    0.50000035683352,    0.00000145168525,    0.50000035683352,
   38,     5.93749479284777,    -0.00000181076226,    0.49999988040266,    -0.00000090538091,    0.49999988040266,
   39,     6.14209429601636,    0.00000175808712,    0.50000007759865,    0.00000087904370,    0.50000007759865,
   40,     6.25002368657442,    0.00000518516270,    0.50000113726209,    0.00000259258725,    0.50000113726209,
   41,     6.35794935128110,    -0.00000472562772,    0.49999941161773,    -0.00000236281108,    0.49999941161773,
   42,     6.56252979809495,    0.00000323343702,    0.50000011553749,    0.00000161671888,    0.50000011553749,
   43,     6.76710864843446,    -0.00000312741965,    0.50000002856547,    -0.00000156370991,    0.50000002856547,
   44,     6.87502978126992,    0.00000273910890,    0.49999883496047,    0.00000136955126,    0.49999883496047,
   45,     6.98295042941313,    0.00000012954549,    0.50000072828740,    0.00000006477284,    0.50000072828740,
   46,     7.18752936480423,    -0.00000505566781,    0.50000070750573,    -0.00000252783748,    0.50000070750573,
   47,     7.39210838095399,    -0.00000223778141,    0.50000078708897,    -0.00000111889246,    0.50000078708897,
   48,     7.50002884810109,    -0.00000349174170,    0.50000246928950,    -0.00000174587947,    0.50000246928950,
   49,     7.60794940264251,    -0.00000229035648,    0.49880453048441,    -0.00000114244019,    0.49999963314329,
   50,     7.81252876619816,    -0.00000212621130,    0.50302847814889,    -0.00000106954484,    0.50000046036551,
   51,     8.01710737031850,    -0.00000076123424,    0.49427543897763,    -0.00000037625939,    0.50000151982363,
   52,     8.12502875897842,    -0.00000708973086,    0.47577421131975,    -0.00000337311111,    0.49999835358685,
   53,     8.23295069108678,    -0.00000687669761,    0.45612431287208,    -0.00000313662897,    0.50000112588803,
   54,     8.43753188801914,    0.00000415850052,    0.42206553518724,    0.00000175515975,    0.50000023749028,
   55,     8.64211390600021,    -0.00001456566968,    0.39219222426973,    -0.00000571254239,    0.49999947377912,
   56,     8.75003571371468,    -0.00000071398691,    0.37812310375320,    -0.00000026997495,    0.50000256790376,
   57,     8.85795627531622,    0.00003856475270,    0.36522130653791,    0.00001408466937,    0.50000815073019,
   58,     9.06252805469194,    0.00013209825359,    0.34396683838899,    0.00004543741864,    0.50002411360409,
   59,     9.26709141033961,    0.00014059887650,    0.32688478332762,    0.00004595963328,    0.50002705098542,
   60,     9.37500500683613,    0.00009404461869,    0.31954812467351,    0.00003005178154,    0.50001718759952,
   61,     9.48292158264068,    0.00003940127959,    0.31337528140827,    0.00001234738708,    0.50000680382080,
   62,     9.68749979187367,    -0.00000450410349,    0.30488188280964,    -0.00000137321955,    0.49999903065730,
   63,     9.89207939272154,    0.00000006253089,    0.30058257343661,    0.00000001879570,    0.50000024696111,
   64,     10.00000006934635,    0.00000162029245,    0.30000005921318,    0.00000048608783,    0.50000005921318,
   65,     10.10792071817606,    0.00000047836736,    0.30058243528521,    0.00000014378883,    0.50000009143739,
   66,     10.31249999603070,    -0.00000016626696,    0.30488277198952,    -0.00000005069193,    0.49999995954200,
   67,     10.51707927458044,    0.00000004101475,    0.31336856670642,    0.00000001285273,    0.50000001776709,
   68,     10.62499999962552,    0.00000002919598,    0.31953124123530,    0.00000000932903,    0.49999999125871,
   69,     10.73292072736704,    -0.00000000998178,    0.32685863897062,    -0.00000000326263,    0.49999999933262,
   70,     10.93750000009337,    -0.00000000060011,    0.34394531194124,    -0.00000000020641,    0.49999999944845,
   71,     11.14207927208309,    0.00000000106017,    0.36521725373925,    0.00000000038719,    0.50000000054010,
   72,     11.24999999996795,    -0.00000000085372,    0.37812499942513,    -0.00000000032281,    0.49999999942914,
   73,     11.35792072791087,    -0.00000000020528,    0.39219743511208,    -0.00000000008051,    0.49999999994806,
   74,     11.56250000000120,    0.00000000009225,    0.42207031252755,    0.00000000003894,    0.50000000002647,
   75,     11.76707927209498,    -0.00000000003807,    0.45612845767821,    -0.00000000001737,    0.49999999998551,
   76,     11.87500000000074,    -0.00000000001061,    0.47578125000908,    -0.00000000000505,    0.50000000000894,
   77,     11.98292072790406,    0.00000000001269,    0.49427519377498,    0.00000000000627,    0.50000000000172,
   78,     12.18749999999990,    -0.00000000000114,    0.50302734375017,    -0.00000000000058,    0.50000000000019,
   79,     12.39207927209627,    -0.00000000000046,    0.49880516336924,    -0.00000000000023,    0.49999999999959,
   80,     12.50000000000002,    0.00000000000082,    0.50000000000045,    0.00000000000041,    0.50000000000045,
   81,     12.60792072790375,    0.00000000000014,    0.50000000000006,    0.00000000000007,    0.50000000000006,
   82,     12.81249999999999,    -0.00000000000012,    0.49999999999996,    -0.00000000000006,    0.49999999999996,
   83,     13.01707927209624,    0.00000000000002,    0.50000000000001,    0.00000000000001,    0.50000000000001,
   84,     13.12500000000000,    0.00000000000007,    0.50000000000000,    0.00000000000004,    0.50000000000000,
   85,     13.23292072790376,    -0.00000000000001,    0.50000000000000,    -0.00000000000001,    0.50000000000000,
   86,     13.43750000000000,    -0.00000000000001,    0.50000000000000,    -0.00000000000000,    0.50000000000000,
   87,     13.64207927209624,    0.00000000000001,    0.50000000000000,    0.00000000000001,    0.50000000000000,
   88,     13.75000000000000,    0.00000000000000,    0.50000000000000,    0.00000000000000,    0.50000000000000,
   89,     13.85792072790376,    -0.00000000000001,    0.50000000000000,    -0.00000000000001,    0.50000000000000,
   90,     14.06250000000000,    -0.00000000000001,    0.50000000000000,    -0.00000000000000,    0.50000000000000,
   91,     14.26707927209624,    0.00000000000001,    0.50000000000000,    0.00000000000001,    0.50000000000000,
   92,     14.37500000000000,    0.00000000000000,    0.50000000000000,    0.00000000000000,    0.50000000000000,
   93,     14.48292072790376,    -0.00000000000001,    0.50000000000000,    -0.00000000000001,    0.50000000000000,
   94,     14.68750000000000,    -0.00000000000001,    0.50000000000000,    -0.00000000000000,    0.50000000000000,
   95,     14.89207927209624,    0.00000000000001,    0.50000000000000,    0.00000000000001,    0.50000000000000,
   96,     15.00000000000000,    0.00000000000000,    0.50000000000000,    0.00000000000000,    0.50000000000000,
   97,     15.10792072790376,    -0.00000000000001,    0.50000000000000,    -0.00000000000001,    0.50000000000000,
   98,     15.31250000000000,    -0.00000000000001,    0.50000000000000,    -0.00000000000000,    0.50000000000000,
   99,     15.51707927209624,    0.00000000000001,    0.50000000000000,    0.00000000000001,    0.50000000000000,
  100,     15.62500000000000,    0.00000000000000,    0.50000000000000,    0.00000000000000,    0.50000000000000,
  101,     15.73292072790376,    -0.00000000000001,    0.50000000000000,    -0.00000000000001,    0.50000000000000,
  102,     15.93750000000000,    -0.00000000000001,    0.50000000000000,    -0.00000000000000,    0.50000000000000,
  103,     16.14207927209624,    0.00000000000001,    0.50000000000000,    0.00000000000001,    0.50000000000000,
  104,     16.25000000000000,    0.00000000000000,    0.50000000000000,    0.00000000000000,    0.50000000000000,
  105,     16.35792072790376,    -0.00000000000001,    0.50000000000000,    -0.00000000000001,    0.50000000000000,
  106,     16.56250000000000,    -0.00000000000001,    0.50000000000000,    -0.00000000000000,    0.50000000000000,
  107,     16.76707927209624,    0.00000000000001,    0.50000000000000,    0.00000000000001,    0.50000000000000,
  108,     16.87500000000000,    0.00000000000000,    0.50000000000000,    0.00000000000000,    0.50000000000000,
  109,     16.98292072790376,    -0.00000000000001,    0.50000000000000,    -0.00000000000001,    0.50000000000000,
  110,     17.18750000000000,    -0.00000000000001,    0.50000000000000,    -0.00000000000000,    0.50000000000000,
  111,     17.39207927209624,    0.00000000000001,    0.50000000000000,    0.00000000000001,    0.50000000000000,
  112,     17.50000000000000,    0.00000000000000,    0.50000000000000,    0.00000000000000,    0.50000000000000,
  113,     17.60792072790376,    -0.00000000000001,    0.50000000000000,    -0.00000000000001,    0.50000000000000,
  114,     17.81250000000000,    -0.00000000000001,    0.50000000000000,    -0.00000000000000,    0.50000000000000,
  115,     18.01707927209624,    0.00000000000001,    0.50000000000000,    0.00000000000001,    0.50000000000000,
  116,     18.12500000000000,    0.00000000000000,    0.50000000000000,    0.00000000000000,    0.50000000000000,
  117,     18.23292072790376,    -0.00000000000001,    0.50000000000000,    -0.00000000000001,    0.50000000000000,
  118,     18.43750000000000,    -0.00000000000001,    0.50000000000000,    -0.00000000000000,    0.50000000000000,
  119,     18.64207927209624,    0.00000000000001,    0.50000000000000,    0.00000000000001,    0.50000000000000,
  120,     18.75000000000000,    0.00000000000000,    0.50000000000000,    0.00000000000000,    0.50000000000000,
  121,     18.85792072790376,    -0.00000000000001,    0.50000000000000,    -0.00000000000001,    0.50000000000000,
  122,     19.06250000000000,    -0.00000000000001,    0.50000000000000,    -0.00000000000000,    0.50000000000000,
  123,     19.26707927209624,    0.00000000000001,    0.50000000000000,    0.00000000000001,    0.50000000000000,
  124,     19.37500000000000,    0.00000000000000,    0.50000000000000,    0.00000000000000,    0.50000000000000,
  125,     19.48292072790376,    -0.00000000000001,    0.50000000000000,    -0.00000000000001,    0.50000000000000,
  126,     19.68750000000000,    -0.00000000000001,    0.50000000000000,    -0.00000000000000,    0.50000000000000,
  127,     19.89207927209624,    0.00000000000001,    0.50000000000000,    0.00000000000001,    0.50000000000000,
  128,     20.00000000000000,    0.00000000000000,    0.50000000000000,    0.00000000000000,    0.50000000000000,
  129,     20.10792072790376,    -0.00000000000001,    0.50000000000000,    -0.00000000000001,    0.50000000000000,
  130,     20.31250000000000,    -0.00000000000001,    0.50000000000000,    -0.00000000000000,    0.50000000000000,
  131,     20.51707927209624,    0.00000000000001,    0.50000000000000,    0.00000000000001,    0.50000000000000,
  132,     20.62500000000000,    0.00000000000000,    0.50000000000000,    0.00000000000000,    0.50000000000000,
  133,     20.73292072790376,    -0.00000000000001,    0.50000000000000,    -0.00000000000001,    0.50000000000000,
  134,     20.93750000000000,    -0.00000000000001,    0.50000000000000,    -0.00000000000000,    0.50000000000000,
  135,     21.14207927209624,    0.00000000000001,    0.50000000000000,    0.00000000000001,    0.50000000000000,
  136,     21.25000000000000,    0.00000000000000,    0.50000000000000,    0.00000000000000,    0.50000000000000,
  137,     21.35792072790376,    -0.00000000000001,    0.50000000000000,    -0.00000000000001,    0.50000000000000,
  138,     21.56250000000000,    -0.00000000000001,    0.50000000000000,    -0.00000000000000,    0.50000000000000,
  139,     21.76707927209624,    0.00000000000001,    0.50000000000000,    0.00000000000001,    0.50000000000000,
  140,     21.87500000000000,    0.00000000000000,    0.50000000000000,    0.00000000000000,    0.50000000000000,
  141,     21.98292072790376,    -0.00000000000001,    0.50000000000000,    -0.00000000000001,    0.50000000000000,
  142,     22.18750000000000,    -0.00000000000001,    0.50000000000000,    -0.00000000000000,    0.50000000000000,
  143,     22.39207927209624,    0.00000000000001,    0.50000000000000,    0.00000000000001,    0.50000000000000,
  144,     22.50000000000000,    0.00000000000000,    0.50000000000000,    0.00000000000000,    0.50000000000000,
  145,     22.60792072790376,    -0.00000000000001,    0.50000000000000,    -0.00000000000001,    0.50000000000000,
  146,     22.81250000000000,    -0.00000000000001,    0.50000000000000,    -0.00000000000000,    0.50000000000000,
  147,     23.01707927209624,    0.00000000000001,    0.50000000000000,    0.00000000000001,    0.50000000000000,
  148,     23.12500000000000,    0.00000000000000,    0.50000000000000,    0.00000000000000,    0.50000000000000,
  149,     23.23292072790376,    -0.00000000000001,    0.50000000000000,    -0.00000000000001,    0.50000000000000,
  150,     23.43750000000000,    -0.00000000000001,    0.50000000000000,    -0.00000000000000,    0.50000000000000,
  151,     23.64207927209624,    0.00000000000001,    0.50000000000000,    0.00000000000001,    0.50000000000000,
  152,     23.75000000000000,    0.00000000000005,    0.49999999999999,    0.00000000000003,    0.49999999999999,
  153,     23.85792072790376,    -0.00000000000003,    0.50000000000002,    -0.00000000000002,    0.50000000000002,
  154,     24.06249999999999,    -0.00000000000020,    0.50000000000002,    -0.00000000000010,    0.50000000000002,
  155,     24.26707927209626,    0.00000000000114,    0.49999999999984,    0.00000000000057,    0.49999999999984,
  156,     24.37500000000007,    -0.00000000000036,    0.49999999999852,    -0.00000000000018,    0.49999999999852,
  157,     24.48292072790370,    -0.00000000000372,    0.50000000000219,    -0.00000000000186,    0.50000000000219,
  158,     24.68749999999998,    0.00000000000816,    0.49999999999661,    0.00000000000408,    0.49999999999661,
  159,     24.89207927209719,    -0.00000000000873,    0.50000000000396,    -0.00000000000436,    0.50000000000396,
  160,     24.99999999999802,    -0.00000000008848,    0.50000000002601,    -0.00000000004424,    0.50000000002601,
