 indi,                  x_v,                   v,                   H,                   q,                 eta
    0,     -0.00000000001952,    -0.00000000042156,    0.50000000046221,    -0.00000000021078,    0.50000000046221,
    1,     0.09789361500963,    0.00000000049925,    0.49999999970660,    0.00000000024962,    0.49999999970660,
    2,     0.29782020152643,    0.00000000036229,    0.50000000014637,    0.00000000018114,    0.50000000014637,
    3,     0.53551313170148,    -0.00000000388742,    0.50000000039198,    -0.00000000194371,    0.50000000039198,
    4,     0.73543971845659,    0.00000001807009,    0.49999999731124,    0.00000000903504,    0.49999999731124,
    5,     0.83333333431053,    0.00000000975018,    0.49999998997451,    0.00000000487509,    0.49999998997451,
    6,     0.93122694894858,    -0.00000003299113,    0.50000001271589,    -0.00000001649557,    0.50000001271589,
    7,     1.13115353173271,    -0.00000000802570,    0.49999999450743,    -0.00000000401285,    0.49999999450743,
    8,     1.36884647336421,    0.00000018042948,    0.49999997521971,    0.00000009021473,    0.49999997521971,
    9,     1.56877304687056,    -0.00000077841135,    0.50000013205632,    -0.00000038920578,    0.50000013205632,
   10,     1.66666661865883,    -0.00000093890072,    0.50000000107280,    -0.00000046945036,    0.50000000107280,
   11,     1.76456020487610,    0.00000017097751,    0.50000022918600,    0.00000008548879,    0.50000022918600,
   12,     1.96448701621575,    0.00000410770166,    0.49999881137863,    0.00000205384595,    0.49999881137863,
   13,     2.20217974102345,    -0.00001584506753,    0.50000387438299,    -0.00000792259516,    0.50000387438299,
   14,     2.40210262601352,    -0.00006859043498,    0.50001526069787,    -0.00003429626423,    0.50001526069787,
   15,     2.49999268262327,    -0.00009341813461,    0.50002076001314,    -0.00004671100667,    0.50002076001314,
   16,     2.59788179532233,    -0.00010943338991,    0.50002480898771,    -0.00005471940989,    0.50002480898771,
   17,     2.79779830072905,    -0.00010439874091,    0.50002357597504,    -0.00005220183176,    0.50002357597504,
   18,     3.03548286991289,    -0.00004590995361,    0.50001037061739,    -0.00002295545292,    0.50001037061739,
   19,     3.23540765686907,    0.00000052823672,    0.49999987834447,    0.00000026411829,    0.49999987834447,
   20,     3.33330142525036,    0.00000697711209,    0.49999892325578,    0.00000348854853,    0.49999892325578,
   21,     3.43119530142166,    0.00000435028660,    0.49999893501645,    0.00000217513867,    0.49999893501645,
   22,     3.63112199421279,    -0.00000352325973,    0.50000044294416,    -0.00000176163143,    0.50000044294416,
   23,     3.86881466372343,    0.00000240633870,    0.50000019603459,    0.00000120316982,    0.50000019603459,
   24,     4.06874141686560,    0.00000042585595,    0.49999915751157,    0.00000021292762,    0.49999915751157,
   25,     4.16663516057101,    -0.00000286786903,    0.49999919467652,    -0.00000143393221,    0.49999919467652,
   26,     4.26452875238135,    -0.00000220335484,    0.50000102782308,    -0.00000110167968,    0.50000102782308,
   27,     4.46445502941145,    0.00000092327916,    0.49999992623898,    0.00000046163951,    0.49999992623898,
   28,     4.70214827824212,    0.00000159112108,    0.49999949071988,    0.00000079555973,    0.49999949071988,
   29,     4.90207469335586,    -0.00000391045670,    0.50000118977671,    -0.00000195523300,    0.50000118977671,
   30,     4.99996812499007,    -0.00000062700344,    0.50000038321216,    -0.00000031350196,    0.50000038321216,
   31,     5.09786201929118,    0.00000291118017,    0.49999880648011,    0.00000145558661,    0.49999880648011,
   32,     5.29778842331327,    -0.00000106930393,    0.50000031442567,    -0.00000053465230,    0.50000031442567,
   33,     5.53548151014660,    0.00000099290930,    0.50000024349467,    0.00000049645489,    0.50000024349467,
   34,     5.73541637043457,    -0.00000019239477,    0.49999887551016,    -0.00000009619717,    0.49999887551016,
   35,     5.83331763794632,    -0.00000377923122,    0.50000109533502,    -0.00000188961975,    0.50000109533502,
   36,     5.93122016679193,    0.00000073090471,    0.50000065383904,    0.00000036545283,    0.50000065383904,
   37,     6.13116641413349,    -0.00000051082549,    0.49999987835432,    -0.00000025541268,    0.49999987835432,
   38,     6.36887610918357,    0.00000119844304,    0.49999959465710,    0.00000059922103,    0.49999959465710,
   39,     6.56880532951082,    0.00000077419055,    0.50000068372881,    0.00000038709580,    0.50000068372881,
   40,     6.66669814179484,    -0.00000121237565,    0.50000083761897,    -0.00000060618884,    0.50000083761897,
   41,     6.76459198863717,    -0.00000014420395,    0.49999862750151,    -0.00000007210177,    0.49999862750151,
   42,     6.96451870301857,    -0.00000274511066,    0.50000095343826,    -0.00000137255795,    0.50000095343826,
   43,     7.20221094997401,    -0.00000158822303,    0.50000104182556,    -0.00000079411317,    0.50000104182556,
   44,     7.40213749971501,    -0.00000645033771,    0.49999959014334,    -0.00000322516621,    0.49999959014334,
   45,     7.50003106172305,    -0.00000706302871,    0.50000071378357,    -0.00000353151940,    0.50000071378357,
   46,     7.59792446181350,    -0.00000060633831,    0.49892725236206,    -0.00000030251871,    0.50000215528217,
   47,     7.79785033191356,    -0.00000356299353,    0.50334890541435,    -0.00000179342889,    0.50000018445038,
   48,     8.03554359732708,    -0.00000031951505,    0.48865575413632,    -0.00000015613287,    0.49999995387091,
   49,     8.23547159172138,    -0.00000430251691,    0.45548652154598,    -0.00000195973846,    0.50000206276894,
   50,     8.33336621965741,    -0.00000404325560,    0.43888397120844,    -0.00000177452008,    0.50000056331948,
   51,     8.43126090364532,    -0.00000452458693,    0.42304724857680,    -0.00000191411405,    0.50000011124365,
   52,     8.63119046060265,    -0.00000595112464,    0.39368128937019,    -0.00000234284642,    0.49999934234089,
   53,     8.86888398959134,    0.00004724766436,    0.36398161069787,    0.00001719728098,    0.50001041486341,
   54,     9.06880238877276,    0.00012912476687,    0.34338108885288,    0.00004433900304,    0.50002464970674,
   55,     9.16668905758636,    0.00015263268810,    0.33474700723247,    0.00005109333555,    0.50002665089516,
   56,     9.26457487440986,    0.00014689656119,    0.32706999808643,    0.00004804545799,    0.50002746309569,
   57,     9.46448911589986,    0.00006246441262,    0.31435024198080,    0.00001963570322,    0.50001168936680,
   58,     9.70217936916084,    -0.00000422388434,    0.30443352421291,    -0.00000128589199,    0.49999863782816,
   59,     9.90210649514547,    -0.00000171196330,    0.30047946727576,    -0.00000051440982,    0.50000032088024,
   60,     10.00000010238589,    0.00000139802432,    0.29999973867485,    0.00000041940693,    0.49999973867485,
   61,     10.09789361945332,    0.00000125536222,    0.30047932228842,    0.00000037721039,    0.50000016446804,
   62,     10.29782018605327,    -0.00000028508395,    0.30443480650961,    -0.00000008678948,    0.49999996303011,
   63,     10.53551313616899,    0.00000001917728,    0.31433871517427,    0.00000000602816,    0.49999999945080,
   64,     10.73543971672234,    0.00000002202939,    0.32704358615744,    0.00000000720457,    0.50000000722878,
   65,     10.83333333231054,    -0.00000002940042,    0.33472221166390,    -0.00000000984097,    0.49999998952691,
   66,     10.93122694875127,    -0.00000000960535,    0.34335917979987,    -0.00000000329808,    0.49999999830012,
   67,     11.13115353486430,    0.00000000439497,    0.36397541700078,    0.00000000159966,    0.50000000101754,
   68,     11.36884646514898,    -0.00000000136325,    0.39368703185246,    -0.00000000053670,    0.49999999961065,
   69,     11.56877305167897,    0.00000000057645,    0.42305244462352,    0.00000000024387,    0.50000000022925,
   70,     11.66666666666212,    0.00000000055477,    0.43888888883434,    0.00000000024348,    0.49999999994621,
   71,     11.76456028168129,    -0.00000000016143,    0.45549071403022,    -0.00000000007353,    0.49999999998586,
   72,     11.96448686813526,    -0.00000000006122,    0.48865805497360,    -0.00000000002992,    0.49999999997604,
   73,     12.20217979853368,    0.00000000003938,    0.50334793431367,    0.00000000001982,    0.50000000001613,
   74,     12.40210638497012,    -0.00000000002263,    0.49892536944964,    -0.00000000001129,    0.49999999998711,
   75,     12.50000000000029,    -0.00000000000569,    0.50000000000889,    -0.00000000000284,    0.50000000000889,
   76,     12.59789361502960,    0.00000000000661,    0.50000000000086,    0.00000000000331,    0.50000000000086,
   77,     12.79782020146632,    -0.00000000000022,    0.50000000000025,    -0.00000000000011,    0.50000000000025,
   78,     13.03551313186695,    -0.00000000000032,    0.49999999999974,    -0.00000000000016,    0.49999999999974,
   79,     13.23543971830394,    0.00000000000021,    0.50000000000023,    0.00000000000011,    0.50000000000023,
   80,     13.33333333333333,    0.00000000000005,    0.49999999999980,    0.00000000000002,    0.49999999999980,
   81,     13.43122694836272,    -0.00000000000007,    0.49999999999998,    -0.00000000000003,    0.49999999999998,
   82,     13.63115353479973,    -0.00000000000001,    0.50000000000000,    -0.00000000000001,    0.50000000000000,
   83,     13.86884646520027,    -0.00000000000005,    0.50000000000000,    -0.00000000000003,    0.50000000000000,
   84,     14.06877305163728,    0.00000000000007,    0.50000000000001,    0.00000000000004,    0.50000000000001,
   85,     14.16666666666667,    -0.00000000000005,    0.49999999999999,    -0.00000000000002,    0.49999999999999,
   86,     14.26456028169606,    -0.00000000000001,    0.50000000000000,    -0.00000000000001,    0.50000000000000,
   87,     14.46448686813306,    -0.00000000000001,    0.50000000000000,    -0.00000000000000,    0.50000000000000,
   88,     14.70217979853360,    -0.00000000000000,    0.50000000000000,    -0.00000000000000,    0.50000000000000,
   89,     14.90210638497061,    -0.00000000000001,    0.50000000000000,    -0.00000000000000,    0.50000000000000,
   90,     15.00000000000000,    -0.00000000000002,    0.50000000000000,    -0.00000000000001,    0.50000000000000,
   91,     15.09789361502939,    -0.00000000000001,    0.50000000000000,    -0.00000000000001,    0.50000000000000,
   92,     15.29782020146640,    -0.00000000000001,    0.50000000000000,    -0.00000000000000,    0.50000000000000,
   93,     15.53551313186694,    -0.00000000000000,    0.50000000000000,    -0.00000000000000,    0.50000000000000,
   94,     15.73543971830394,    -0.00000000000001,    0.50000000000000,    -0.00000000000000,    0.50000000000000,
   95,     15.83333333333333,    -0.00000000000002,    0.50000000000000,    -0.00000000000001,    0.50000000000000,
   96,     15.93122694836272,    -0.00000000000001,    0.50000000000000,    -0.00000000000001,    0.50000000000000,
   97,     16.13115353479973,    -0.00000000000001,    0.50000000000000,    -0.00000000000000,    0.50000000000000,
   98,     16.36884646520027,    -0.00000000000000,    0.50000000000000,    -0.00000000000000,    0.50000000000000,
   99,     16.56877305163728,    -0.00000000000001,    0.50000000000000,    -0.00000000000000,    0.50000000000000,
  100,     16.66666666666667,    -0.00000000000002,    0.50000000000000,    -0.00000000000001,    0.50000000000000,
  101,     16.76456028169606,    -0.00000000000001,    0.50000000000000,    -0.00000000000001,    0.50000000000000,
  102,     16.96448686813306,    -0.00000000000001,    0.50000000000000,    -0.00000000000000,    0.50000000000000,
  103,     17.20217979853360,    -0.00000000000000,    0.50000000000000,    -0.00000000000000,    0.50000000000000,
  104,     17.40210638497061,    -0.00000000000001,    0.50000000000000,    -0.00000000000000,    0.50000000000000,
  105,     17.50000000000000,    -0.00000000000002,    0.50000000000000,    -0.00000000000001,    0.50000000000000,
  106,     17.59789361502939,    -0.00000000000001,    0.50000000000000,    -0.00000000000001,    0.50000000000000,
  107,     17.79782020146640,    -0.00000000000001,    0.50000000000000,    -0.00000000000000,    0.50000000000000,
  108,     18.03551313186694,    -0.00000000000000,    0.50000000000000,    -0.00000000000000,    0.50000000000000,
  109,     18.23543971830394,    -0.00000000000001,    0.50000000000000,    -0.00000000000000,    0.50000000000000,
  110,     18.33333333333333,    -0.00000000000002,    0.50000000000000,    -0.00000000000001,    0.50000000000000,
  111,     18.43122694836272,    -0.00000000000001,    0.50000000000000,    -0.00000000000001,    0.50000000000000,
  112,     18.63115353479973,    -0.00000000000001,    0.50000000000000,    -0.00000000000000,    0.50000000000000,
  113,     18.86884646520027,    -0.00000000000000,    0.50000000000000,    -0.00000000000000,    0.50000000000000,
  114,     19.06877305163728,    -0.00000000000001,    0.50000000000000,    -0.00000000000000,    0.50000000000000,
  115,     19.16666666666667,    -0.00000000000002,    0.50000000000000,    -0.00000000000001,    0.50000000000000,
  116,     19.26456028169606,    -0.00000000000001,    0.50000000000000,    -0.00000000000001,    0.50000000000000,
  117,     19.46448686813306,    -0.00000000000001,    0.50000000000000,    -0.00000000000000,    0.50000000000000,
  118,     19.70217979853360,    -0.00000000000000,    0.50000000000000,    -0.00000000000000,    0.50000000000000,
  119,     19.90210638497061,    -0.00000000000001,    0.50000000000000,    -0.00000000000000,    0.50000000000000,
  120,     20.00000000000000,    -0.00000000000002,    0.50000000000000,    -0.00000000000001,    0.50000000000000,
  121,     20.09789361502939,    -0.00000000000001,    0.50000000000000,    -0.00000000000001,    0.50000000000000,
  122,     20.29782020146640,    -0.00000000000001,    0.50000000000000,    -0.00000000000000,    0.50000000000000,
  123,     20.53551313186694,    -0.00000000000000,    0.50000000000000,    -0.00000000000000,    0.50000000000000,
  124,     20.73543971830394,    -0.00000000000001,    0.50000000000000,    -0.00000000000000,    0.50000000000000,
  125,     20.83333333333333,    -0.00000000000002,    0.50000000000000,    -0.00000000000001,    0.50000000000000,
  126,     20.93122694836272,    -0.00000000000001,    0.50000000000000,    -0.00000000000001,    0.50000000000000,
  127,     21.13115353479973,    -0.00000000000001,    0.50000000000000,    -0.00000000000000,    0.50000000000000,
  128,     21.36884646520027,    -0.00000000000000,    0.50000000000000,    -0.00000000000000,    0.50000000000000,
  129,     21.56877305163728,    -0.00000000000001,    0.50000000000000,    -0.00000000000000,    0.50000000000000,
  130,     21.66666666666667,    -0.00000000000002,    0.50000000000000,    -0.00000000000001,    0.50000000000000,
  131,     21.76456028169606,    -0.00000000000001,    0.50000000000000,    -0.00000000000001,    0.50000000000000,
  132,     21.96448686813306,    -0.00000000000001,    0.50000000000000,    -0.00000000000000,    0.50000000000000,
  133,     22.20217979853360,    -0.00000000000000,    0.50000000000000,    -0.00000000000000,    0.50000000000000,
  134,     22.40210638497061,    -0.00000000000001,    0.50000000000000,    -0.00000000000000,    0.50000000000000,
  135,     22.50000000000000,    -0.00000000000002,    0.50000000000000,    -0.00000000000001,    0.50000000000000,
  136,     22.59789361502939,    -0.00000000000001,    0.50000000000000,    -0.00000000000000,    0.50000000000000,
  137,     22.79782020146640,    -0.00000000000001,    0.50000000000000,    -0.00000000000000,    0.50000000000000,
  138,     23.03551313186694,    -0.00000000000000,    0.50000000000000,    -0.00000000000000,    0.50000000000000,
  139,     23.23543971830394,    -0.00000000000003,    0.49999999999999,    -0.00000000000001,    0.49999999999999,
  140,     23.33333333333334,    0.00000000000006,    0.49999999999980,    0.00000000000003,    0.49999999999980,
  141,     23.43122694836271,    -0.00000000000033,    0.50000000000028,    -0.00000000000016,    0.50000000000028,
  142,     23.63115353479973,    0.00000000000049,    0.49999999999967,    0.00000000000024,    0.49999999999967,
  143,     23.86884646520030,    -0.00000000000092,    0.50000000000052,    -0.00000000000046,    0.50000000000052,
  144,     24.06877305163706,    -0.00000000000129,    0.49999999999986,    -0.00000000000065,    0.49999999999986,
  145,     24.16666666666678,    0.00000000001340,    0.49999999999983,    0.00000000000670,    0.49999999999983,
  146,     24.26456028169663,    0.00000000000599,    0.49999999999647,    0.00000000000300,    0.49999999999647,
  147,     24.46448686813217,    -0.00000000002779,    0.50000000000788,    -0.00000000001389,    0.50000000000788,
  148,     24.70217979853510,    0.00000000010070,    0.49999999997839,    0.00000000005035,    0.49999999997839,
  149,     24.90210638497442,    -0.00000000029647,    0.50000000004803,    -0.00000000014823,    0.50000000004803,
  150,     24.99999999998048,    -0.00000000042156,    0.50000000021139,    -0.00000000021078,    0.50000000021139,
