 indi,                  x_v,                   v,                   H,                   q,                 eta
    0,     0.00000000000001,    0.00000000000018,    0.49999999999956,    0.00000000000009,    0.49999999999956,
    1,     0.11516383427082,    -0.00000000000112,    0.50000000000049,    -0.00000000000056,    0.50000000000049,
    2,     0.30150283239579,    0.00000000000314,    0.49999999999897,    0.00000000000157,    0.49999999999897,
    3,     0.41666666666716,    0.00000000001361,    0.49999999998980,    0.00000000000680,    0.49999999998980,
    4,     0.53183050093749,    -0.00000000002759,    0.50000000001474,    -0.00000000001380,    0.50000000001474,
    5,     0.71816949905945,    0.00000000000401,    0.49999999998490,    0.00000000000201,    0.49999999998490,
    6,     0.83333333334089,    0.00000000048622,    0.49999999982289,    0.00000000024311,    0.49999999982289,
    7,     0.94849716762252,    -0.00000000010320,    0.50000000014072,    -0.00000000005160,    0.50000000014072,
    8,     1.13483616563970,    -0.00000000270719,    0.50000000034202,    -0.00000000135359,    0.50000000034202,
    9,     1.24999999984631,    0.00000000505991,    0.50000000165414,    0.00000000252995,    0.50000000165414,
   10,     1.36516383475938,    0.00000001674719,    0.49999999401489,    0.00000000837360,    0.49999999401489,
   11,     1.55150283274760,    -0.00000005189332,    0.50000001384164,    -0.00000002594666,    0.50000001384164,
   12,     1.66666666027168,    -0.00000017898100,    0.50000007074468,    -0.00000008949051,    0.50000007074468,
   13,     1.78183049114173,    0.00000006111429,    0.49999994795108,    0.00000003055714,    0.49999994795108,
   14,     1.96816952930291,    0.00000091896901,    0.49999986977972,    0.00000045948438,    0.49999986977972,
   15,     2.08333338930571,    -0.00000123982611,    0.50000010085988,    -0.00000061991318,    0.50000010085988,
   16,     2.19849692750688,    -0.00001168503004,    0.50000270106166,    -0.00000584254658,    0.50000270106166,
   17,     2.38483341375233,    -0.00005358302169,    0.50001185995804,    -0.00002679214634,    0.50001185995804,
   18,     2.49999353877801,    -0.00008691911829,    0.50002005966892,    -0.00004346130271,    0.50002005966892,
   19,     2.61515215896035,    -0.00011053625560,    0.50002506288102,    -0.00005527089816,    0.50002506288102,
   20,     2.80148170939746,    -0.00010306393763,    0.50002339592803,    -0.00005153438009,    0.50002339592803,
   21,     2.91664095077303,    -0.00007353314790,    0.50001643927455,    -0.00003676778278,    0.50001643927455,
   22,     3.03180197169033,    -0.00003660014698,    0.50000769278104,    -0.00001830035504,    0.50000769278104,
   23,     3.21814002163934,    0.00000773548007,    0.49999873592966,    0.00000386773026,    0.49999873592966,
   24,     3.33330438048147,    0.00001171822331,    0.49999682510251,    0.00000585907445,    0.49999682510251,
   25,     3.44846860686812,    0.00000351330608,    0.49999982659384,    0.00000175665243,    0.49999982659384,
   26,     3.63480728325704,    -0.00000627157456,    0.50000101175333,    -0.00000313579363,    0.50000101175333,
   27,     3.74997106795686,    -0.00000110772066,    0.49999918766365,    -0.00000055385943,    0.49999918766365,
   28,     3.86513505271250,    0.00000363958805,    0.49999944876815,    0.00000181979202,    0.49999944876815,
   29,     4.05147411354345,    -0.00000306429924,    0.50000034928917,    -0.00000153215069,    0.50000034928917,
   30,     4.16663776269513,    0.00000027661453,    0.50000121744843,    0.00000013830760,    0.50000121744843,
   31,     4.28180155928291,    0.00000446063448,    0.49999943392358,    0.00000223031472,    0.49999943392358,
   32,     4.46814084204975,    -0.00000180388343,    0.49999964603333,    -0.00000090194108,    0.49999964603333,
   33,     4.58330455958934,    -0.00000273998425,    0.50000165074191,    -0.00000136999665,    0.50000165074191,
   34,     4.69846824337227,    -0.00000185739966,    0.49999982771000,    -0.00000092869951,    0.49999982771000,
   35,     4.88480745180759,    0.00000257257124,    0.49999962701882,    0.00000128628466,    0.49999962701882,
   36,     4.99997121038327,    -0.00000021658518,    0.50000152431365,    -0.00000010829292,    0.50000152431365,
   37,     5.11513489638566,    0.00000018667418,    0.49999974461815,    0.00000009333704,    0.49999974461815,
   38,     5.30147413294612,    0.00000137005149,    0.49999963734444,    0.00000068502525,    0.49999963734444,
   39,     5.41663785892679,    -0.00000255624140,    0.50000102570574,    -0.00000127812332,    0.50000102570574,
   40,     5.53180219866983,    -0.00000384002252,    0.49999994201843,    -0.00000192001104,    0.49999994201843,
   41,     5.71814662451119,    0.00000331357919,    0.49999983661292,    0.00000165678905,    0.49999983661292,
   42,     5.83331835767351,    0.00000300686185,    0.50000074287622,    0.00000150343316,    0.50000074287622,
   43,     5.94849299062184,    -0.00000166677807,    0.49999985715521,    -0.00000083338880,    0.49999985715521,
   44,     6.13485040139749,    0.00000229794912,    0.49999978451487,    0.00000114897406,    0.49999978451487,
   45,     6.25002367837588,    -0.00000319689186,    0.50000063309998,    -0.00000159844796,    0.50000063309998,
   46,     6.36519279949577,    -0.00000338000758,    0.49999978638717,    -0.00000169000307,    0.49999978638717,
   47,     6.55153241258030,    0.00000341848913,    0.49999996115777,    0.00000170924443,    0.49999996115777,
   48,     6.66669549747532,    0.00000134264443,    0.50000108241314,    0.00000067132367,    0.50000108241314,
   49,     6.78185910753745,    -0.00000498846359,    0.50000053000423,    -0.00000249423444,    0.50000053000423,
   50,     6.96819793205804,    -0.00000276275151,    0.50000080542628,    -0.00000138137798,    0.50000080542628,
   51,     7.08336143947721,    -0.00000442014418,    0.50000174662789,    -0.00000221007981,    0.50000174662789,
   52,     7.19852510384417,    -0.00000673060892,    0.50000030595074,    -0.00000336530652,    0.50000030595074,
   53,     7.38486403211455,    0.00000096397096,    0.50000042739787,    0.00000048198589,    0.50000042739787,
   54,     7.50002765122110,    0.00000022389295,    0.50000169692419,    0.00000011194685,    0.50000169692419,
   55,     7.61519130712058,    -0.00000138278772,    0.50000000180479,    -0.00000069139386,    0.50000000180479,
   56,     7.80153034590275,    -0.00000562727853,    0.50000048409106,    -0.00000281364199,    0.50000048409106,
   57,     7.91669382206644,    -0.00000385806638,    0.50000305188894,    -0.00000192904496,    0.50000305188894,
   58,     8.03185776292875,    -0.00000337615667,    0.48817544443201,    -0.00000164815678,    0.50000029650402,
   59,     8.21819888766648,    -0.00000353589922,    0.46084313652150,    -0.00000162949489,    0.49999998309297,
   60,     8.33336385291482,    0.00000135079552,    0.43888635969157,    0.00000059284573,    0.50000255735302,
   61,     8.44852878584054,    0.00000217824085,    0.42035289391107,    0.00000091562985,    0.49999978174419,
   62,     8.63487028584207,    -0.00000745926329,    0.39317882619118,    -0.00000293282438,    0.49999983928929,
   63,     8.75003511235752,    0.00000403497809,    0.37812314135363,    0.00000152571859,    0.50000253033667,
   64,     8.86519847812689,    0.00003813465736,    0.36439792548511,    0.00001389619003,    0.50000918614696,
   65,     9.05153105656405,    0.00011953460655,    0.34500184875486,    0.00004123966025,    0.50002220017012,
   66,     9.16668655704049,    0.00015186746211,    0.33475188663020,    0.00005083791946,    0.50003132191935,
   67,     9.28184112584938,    0.00014142816881,    0.32581164868393,    0.00004607894485,    0.50002405670050,
   68,     9.46817037130621,    0.00004581920890,    0.31415170975874,    0.00001439418282,    0.50000955060228,
   69,     9.58333261989105,    0.00000538118511,    0.30867968613058,    0.00000166106253,    0.49999910084823,
   70,     9.69849673259358,    -0.00000712363802,    0.30454434419842,    -0.00000216946367,    0.49999913375199,
   71,     9.88483618463637,    -0.00000132503881,    0.30066270442627,    -0.00000039838975,    0.49999956973500,
   72,     10.00000003908811,    0.00000069867378,    0.30000027652781,    0.00000020960233,    0.50000027652781,
   73,     10.11516383534442,    0.00000023806794,    0.30066318450293,    0.00000007157827,    0.50000004916315,
   74,     10.30150283037040,    -0.00000005258999,    0.30454518151415,    -0.00000001601603,    0.49999998370037,
   75,     10.41666666736732,    -0.00000000908138,    0.30868056207076,    -0.00000000280325,    0.50000000648601,
   76,     10.53183050113934,    0.00000000712884,    0.31414218502706,    0.00000000223947,    0.50000000093100,
   77,     10.71816949901151,    -0.00000000042387,    0.32578837148005,    -0.00000000013809,    0.50000000001403,
   78,     10.83333333333863,    -0.00000000075009,    0.33472222206468,    -0.00000000025107,    0.49999999984202,
   79,     10.94849716761080,    0.00000000015120,    0.34498234385743,    0.00000000005216,    0.50000000000939,
   80,     11.13483616572808,    0.00000000000981,    0.36439265616182,    0.00000000000357,    0.50000000000931,
   81,     11.24999999999983,    -0.00000000003084,    0.37812499998841,    -0.00000000001166,    0.49999999998844,
   82,     11.36516383427104,    0.00000000000289,    0.39318361471988,    0.00000000000114,    0.49999999999982,
   83,     11.55150283239580,    0.00000000000095,    0.42035805194714,    0.00000000000040,    0.50000000000051,
   84,     11.66666666666665,    -0.00000000000118,    0.43888888888837,    -0.00000000000052,    0.49999999999949,
   85,     11.78183050093751,    0.00000000000001,    0.46084902902636,    0.00000000000001,    0.49999999999997,
   86,     11.96816949906249,    -0.00000000000000,    0.48817874875139,    -0.00000000000000,    0.50000000000001,
   87,     12.08333333333333,    -0.00000000000003,    0.49999999999998,    -0.00000000000002,    0.49999999999998,
   88,     12.19849716760418,    0.00000000000000,    0.50000000000000,    0.00000000000000,    0.50000000000000,
   89,     12.38483616572916,    0.00000000000000,    0.50000000000000,    0.00000000000000,    0.50000000000000,
   90,     12.50000000000000,    0.00000000000000,    0.50000000000000,    0.00000000000000,    0.50000000000000,
   91,     12.61516383427084,    0.00000000000000,    0.50000000000000,    0.00000000000000,    0.50000000000000,
   92,     12.80150283239582,    0.00000000000000,    0.50000000000000,    0.00000000000000,    0.50000000000000,
   93,     12.91666666666667,    0.00000000000000,    0.50000000000000,    0.00000000000000,    0.50000000000000,
   94,     13.03183050093751,    0.00000000000000,    0.50000000000000,    0.00000000000000,    0.50000000000000,
   95,     13.21816949906249,    0.00000000000000,    0.50000000000000,    0.00000000000000,    0.50000000000000,
   96,     13.33333333333333,    0.00000000000000,    0.50000000000000,    0.00000000000000,    0.50000000000000,
   97,     13.44849716760418,    0.00000000000000,    0.50000000000000,    0.00000000000000,    0.50000000000000,
   98,     13.63483616572916,    0.00000000000000,    0.50000000000000,    0.00000000000000,    0.50000000000000,
   99,     13.75000000000000,    0.00000000000000,    0.50000000000000,    0.00000000000000,    0.50000000000000,
  100,     13.86516383427084,    0.00000000000000,    0.50000000000000,    0.00000000000000,    0.50000000000000,
  101,     14.05150283239582,    0.00000000000000,    0.50000000000000,    0.00000000000000,    0.50000000000000,
  102,     14.16666666666667,    0.00000000000000,    0.50000000000000,    0.00000000000000,    0.50000000000000,
  103,     14.28183050093751,    0.00000000000000,    0.50000000000000,    0.00000000000000,    0.50000000000000,
  104,     14.46816949906249,    0.00000000000000,    0.50000000000000,    0.00000000000000,    0.50000000000000,
  105,     14.58333333333333,    0.00000000000000,    0.50000000000000,    0.00000000000000,    0.50000000000000,
  106,     14.69849716760418,    0.00000000000000,    0.50000000000000,    0.00000000000000,    0.50000000000000,
  107,     14.88483616572916,    0.00000000000000,    0.50000000000000,    0.00000000000000,    0.50000000000000,
  108,     15.00000000000000,    0.00000000000000,    0.50000000000000,    0.00000000000000,    0.50000000000000,
  109,     15.11516383427084,    0.00000000000000,    0.50000000000000,    0.00000000000000,    0.50000000000000,
  110,     15.30150283239582,    0.00000000000000,    0.50000000000000,    0.00000000000000,    0.50000000000000,
  111,     15.41666666666667,    0.00000000000000,    0.50000000000000,    0.00000000000000,    0.50000000000000,
  112,     15.53183050093751,    0.00000000000000,    0.50000000000000,    0.00000000000000,    0.50000000000000,
  113,     15.71816949906249,    0.00000000000000,    0.50000000000000,    0.00000000000000,    0.50000000000000,
  114,     15.83333333333333,    0.00000000000000,    0.50000000000000,    0.00000000000000,    0.50000000000000,
  115,     15.94849716760418,    0.00000000000000,    0.50000000000000,    0.00000000000000,    0.50000000000000,
  116,     16.13483616572916,    0.00000000000000,    0.50000000000000,    0.00000000000000,    0.50000000000000,
  117,     16.25000000000000,    0.00000000000000,    0.50000000000000,    0.00000000000000,    0.50000000000000,
  118,     16.36516383427084,    0.00000000000000,    0.50000000000000,    0.00000000000000,    0.50000000000000,
  119,     16.55150283239583,    0.00000000000000,    0.50000000000000,    0.00000000000000,    0.50000000000000,
  120,     16.66666666666667,    0.00000000000000,    0.50000000000000,    0.00000000000000,    0.50000000000000,
  121,     16.78183050093751,    0.00000000000000,    0.50000000000000,    0.00000000000000,    0.50000000000000,
  122,     16.96816949906249,    0.00000000000000,    0.50000000000000,    0.00000000000000,    0.50000000000000,
  123,     17.08333333333334,    0.00000000000000,    0.50000000000000,    0.00000000000000,    0.50000000000000,
  124,     17.19849716760418,    0.00000000000000,    0.50000000000000,    0.00000000000000,    0.50000000000000,
  125,     17.38483616572916,    0.00000000000000,    0.50000000000000,    0.00000000000000,    0.50000000000000,
  126,     17.50000000000000,    0.00000000000000,    0.50000000000000,    0.00000000000000,    0.50000000000000,
  127,     17.61516383427084,    0.00000000000000,    0.50000000000000,    0.00000000000000,    0.50000000000000,
  128,     17.80150283239583,    0.00000000000000,    0.50000000000000,    0.00000000000000,    0.50000000000000,
  129,     17.91666666666667,    0.00000000000000,    0.50000000000000,    0.00000000000000,    0.50000000000000,
  130,     18.03183050093751,    0.00000000000000,    0.50000000000000,    0.00000000000000,    0.50000000000000,
  131,     18.21816949906249,    0.00000000000000,    0.50000000000000,    0.00000000000000,    0.50000000000000,
  132,     18.33333333333334,    0.00000000000000,    0.50000000000000,    0.00000000000000,    0.50000000000000,
  133,     18.44849716760418,    0.00000000000000,    0.50000000000000,    0.00000000000000,    0.50000000000000,
  134,     18.63483616572916,    0.00000000000000,    0.50000000000000,    0.00000000000000,    0.50000000000000,
  135,     18.75000000000000,    0.00000000000000,    0.50000000000000,    0.00000000000000,    0.50000000000000,
  136,     18.86516383427084,    0.00000000000000,    0.50000000000000,    0.00000000000000,    0.50000000000000,
  137,     19.05150283239583,    0.00000000000000,    0.50000000000000,    0.00000000000000,    0.50000000000000,
  138,     19.16666666666667,    0.00000000000000,    0.50000000000000,    0.00000000000000,    0.50000000000000,
  139,     19.28183050093751,    0.00000000000000,    0.50000000000000,    0.00000000000000,    0.50000000000000,
  140,     19.46816949906249,    0.00000000000000,    0.50000000000000,    0.00000000000000,    0.50000000000000,
  141,     19.58333333333334,    0.00000000000000,    0.50000000000000,    0.00000000000000,    0.50000000000000,
  142,     19.69849716760418,    0.00000000000000,    0.50000000000000,    0.00000000000000,    0.50000000000000,
  143,     19.88483616572916,    0.00000000000000,    0.50000000000000,    0.00000000000000,    0.50000000000000,
  144,     20.00000000000000,    0.00000000000000,    0.50000000000000,    0.00000000000000,    0.50000000000000,
  145,     20.11516383427084,    0.00000000000000,    0.50000000000000,    0.00000000000000,    0.50000000000000,
  146,     20.30150283239583,    0.00000000000000,    0.50000000000000,    0.00000000000000,    0.50000000000000,
  147,     20.41666666666667,    0.00000000000000,    0.50000000000000,    0.00000000000000,    0.50000000000000,
  148,     20.53183050093751,    0.00000000000000,    0.50000000000000,    0.00000000000000,    0.50000000000000,
  149,     20.71816949906249,    0.00000000000000,    0.50000000000000,    0.00000000000000,    0.50000000000000,
  150,     20.83333333333334,    0.00000000000000,    0.50000000000000,    0.00000000000000,    0.50000000000000,
  151,     20.94849716760418,    0.00000000000000,    0.50000000000000,    0.00000000000000,    0.50000000000000,
  152,     21.13483616572916,    0.00000000000000,    0.50000000000000,    0.00000000000000,    0.50000000000000,
  153,     21.25000000000000,    0.00000000000000,    0.50000000000000,    0.00000000000000,    0.50000000000000,
  154,     21.36516383427084,    0.00000000000000,    0.50000000000000,    0.00000000000000,    0.50000000000000,
  155,     21.55150283239583,    0.00000000000000,    0.50000000000000,    0.00000000000000,    0.50000000000000,
  156,     21.66666666666667,    0.00000000000000,    0.50000000000000,    0.00000000000000,    0.50000000000000,
  157,     21.78183050093751,    0.00000000000000,    0.50000000000000,    0.00000000000000,    0.50000000000000,
  158,     21.96816949906249,    0.00000000000000,    0.50000000000000,    0.00000000000000,    0.50000000000000,
  159,     22.08333333333334,    0.00000000000000,    0.50000000000000,    0.00000000000000,    0.50000000000000,
  160,     22.19849716760418,    0.00000000000000,    0.50000000000000,    0.00000000000000,    0.50000000000000,
  161,     22.38483616572916,    0.00000000000000,    0.50000000000000,    0.00000000000000,    0.50000000000000,
  162,     22.50000000000000,    0.00000000000000,    0.50000000000000,    0.00000000000000,    0.50000000000000,
  163,     22.61516383427084,    0.00000000000000,    0.50000000000000,    0.00000000000000,    0.50000000000000,
  164,     22.80150283239583,    0.00000000000000,    0.50000000000000,    0.00000000000000,    0.50000000000000,
  165,     22.91666666666667,    0.00000000000000,    0.50000000000000,    0.00000000000000,    0.50000000000000,
  166,     23.03183050093751,    0.00000000000000,    0.50000000000000,    0.00000000000000,    0.50000000000000,
  167,     23.21816949906249,    0.00000000000000,    0.50000000000000,    0.00000000000000,    0.50000000000000,
  168,     23.33333333333334,    0.00000000000000,    0.50000000000000,    0.00000000000000,    0.50000000000000,
  169,     23.44849716760418,    0.00000000000000,    0.50000000000000,    0.00000000000000,    0.50000000000000,
  170,     23.63483616572916,    0.00000000000000,    0.50000000000000,    0.00000000000000,    0.50000000000000,
  171,     23.75000000000000,    0.00000000000000,    0.50000000000000,    0.00000000000000,    0.50000000000000,
  172,     23.86516383427084,    0.00000000000000,    0.50000000000000,    0.00000000000000,    0.50000000000000,
  173,     24.05150283239583,    0.00000000000000,    0.50000000000000,    0.00000000000000,    0.50000000000000,
  174,     24.16666666666667,    0.00000000000000,    0.50000000000000,    0.00000000000000,    0.50000000000000,
  175,     24.28183050093751,    0.00000000000000,    0.50000000000000,    0.00000000000000,    0.50000000000000,
  176,     24.46816949906249,    0.00000000000000,    0.50000000000000,    0.00000000000000,    0.50000000000000,
  177,     24.58333333333334,    0.00000000000002,    0.49999999999999,    0.00000000000001,    0.49999999999999,
  178,     24.69849716760418,    -0.00000000000002,    0.50000000000001,    -0.00000000000001,    0.50000000000001,
  179,     24.88483616572916,    0.00000000000016,    0.49999999999997,    0.00000000000008,    0.49999999999997,
  180,     25.00000000000002,    0.00000000000018,    0.49999999999990,    0.00000000000009,    0.49999999999990,
