 indi,                  x_v,                   v,                   H,                   q,                 eta
    0,     0.66300000000000,    2.20999999999992,    1.99999999999972,    4.41999999999922,    1.99999999999972,
    1,     0.68135505281801,    2.20999999999980,    2.00000000000004,    4.41999999999968,    2.00000000000004,
    2,     0.71884128777495,    2.21000000000013,    2.00000000000000,    4.42000000000027,    2.00000000000000,
    3,     0.76340871222505,    2.20999999999992,    1.99999999999997,    4.41999999999976,    1.99999999999997,
    4,     0.80089494718199,    2.21000000000014,    2.00000000000008,    4.42000000000046,    2.00000000000008,
    5,     0.81925000000000,    2.20999999999990,    1.99999999999997,    4.41999999999973,    1.99999999999997,
    6,     0.83760505281801,    2.20999999999986,    2.00000000000001,    4.41999999999973,    2.00000000000001,
    7,     0.87509128777495,    2.20999999999993,    2.00000000000003,    4.41999999999992,    2.00000000000003,
    8,     0.91965871222505,    2.20999999999999,    2.00000000000000,    4.41999999999998,    2.00000000000000,
    9,     0.95714494718199,    2.21000000000008,    2.00000000000002,    4.42000000000022,    2.00000000000002,
   10,     0.97550000000000,    2.20999999999993,    2.00000000000011,    4.42000000000012,    2.00000000000011,
   11,     0.99385505281801,    2.20999999999992,    1.99999999999992,    4.41999999999966,    1.99999999999992,
   12,     1.03134128777495,    2.20999999999998,    2.00000000000005,    4.42000000000007,    2.00000000000005,
   13,     1.07590871222505,    2.21000000000002,    2.00000000000002,    4.42000000000008,    2.00000000000002,
   14,     1.11339494718199,    2.21000000000015,    1.99999999999986,    4.42000000000000,    1.99999999999986,
   15,     1.13175000000000,    2.20999999999950,    2.00000000000014,    4.41999999999930,    2.00000000000014,
   16,     1.15010505281801,    2.21000000000009,    2.00000000000004,    4.42000000000026,    2.00000000000004,
   17,     1.18759128777495,    2.20999999999982,    2.00000000000003,    4.41999999999971,    2.00000000000003,
   18,     1.23215871222505,    2.21000000000008,    2.00000000000002,    4.42000000000022,    2.00000000000002,
   19,     1.26964494718199,    2.20999999999971,    1.99999999999993,    4.41999999999927,    1.99999999999993,
   20,     1.28800000000000,    2.21000000000046,    1.99999999999997,    4.42000000000086,    1.99999999999997,
   21,     1.30635505281801,    2.20999999999992,    2.00000000000000,    4.41999999999985,    2.00000000000000,
   22,     1.34384128777495,    2.21000000000018,    2.00000000000000,    4.42000000000035,    2.00000000000000,
   23,     1.38840871222505,    2.20999999999981,    2.00000000000001,    4.41999999999965,    2.00000000000001,
   24,     1.42589494718199,    2.21000000000010,    2.00000000000015,    4.42000000000053,    2.00000000000015,
   25,     1.44424999999999,    2.20999999999963,    1.99999999999997,    4.41999999999919,    1.99999999999997,
   26,     1.46260505281801,    2.20999999999982,    1.99999999999989,    4.41999999999940,    1.99999999999989,
   27,     1.50009128777495,    2.21000000000023,    2.00000000000002,    4.42000000000050,    2.00000000000002,
   28,     1.54465871222505,    2.20999999999979,    2.00000000000004,    4.41999999999966,    2.00000000000004,
   29,     1.58214494718198,    2.21000000000006,    1.99999999999995,    4.42000000000001,    1.99999999999995,
   30,     1.60050000000000,    2.20999999999944,    2.00000000000002,    4.41999999999893,    2.00000000000002,
   31,     1.61885505281801,    2.21000000000015,    1.99999999999998,    4.42000000000025,    1.99999999999998,
   32,     1.65634128777495,    2.21000000000012,    1.99999999999995,    4.42000000000012,    1.99999999999995,
   33,     1.70090871222505,    2.20999999999985,    2.00000000000004,    4.41999999999979,    2.00000000000004,
   34,     1.73839494718199,    2.21000000000003,    1.99999999999997,    4.42000000000000,    1.99999999999997,
   35,     1.75675000000000,    2.21000000000037,    2.00000000000020,    4.42000000000118,    2.00000000000020,
   36,     1.77510505281800,    2.20999999999965,    2.00000000000005,    4.41999999999942,    2.00000000000005,
   37,     1.81259128777495,    2.21000000000012,    1.99999999999994,    4.42000000000010,    1.99999999999994,
   38,     1.85715871222505,    2.20999999999976,    2.00000000000007,    4.41999999999968,    2.00000000000007,
   39,     1.89464494718198,    2.21000000000016,    1.99999999999998,    4.42000000000027,    1.99999999999998,
   40,     1.91300000000000,    2.20999999999921,    1.99999999999997,    4.41999999999837,    1.99999999999997,
   41,     1.93135505281801,    2.21000000000037,    1.99999999999992,    4.42000000000056,    1.99999999999992,
   42,     1.96884128777495,    2.21000000000005,    1.99999999999998,    4.42000000000006,    1.99999999999998,
   43,     2.01340871222505,    2.20999999999992,    2.00000000000011,    4.42000000000009,    2.00000000000011,
   44,     2.05089494718198,    2.20999999999980,    1.99999999999998,    4.41999999999956,    1.99999999999998,
   45,     2.06925000000000,    2.20999999999899,    2.00000000000032,    4.41999999999869,    2.00000000000032,
   46,     2.08760505281800,    2.21000000000025,    2.00000000000001,    4.42000000000053,    2.00000000000001,
   47,     2.12509128777495,    2.21000000000007,    1.99999999999982,    4.41999999999974,    1.99999999999982,
   48,     2.16965871222505,    2.21000000000004,    2.00000000000000,    4.42000000000007,    2.00000000000000,
   49,     2.20714494718199,    2.20999999999984,    1.99999999999992,    4.41999999999951,    1.99999999999992,
   50,     2.22550000000000,    2.20999999999993,    2.00000000000063,    4.42000000000125,    2.00000000000063,
   51,     2.24385505281800,    2.20999999999966,    2.00000000000010,    4.41999999999954,    2.00000000000010,
   52,     2.28134128777495,    2.21000000000048,    1.99999999999981,    4.42000000000054,    1.99999999999981,
   53,     2.32590871222505,    2.20999999999946,    2.00000000000018,    4.41999999999932,    2.00000000000018,
   54,     2.36339494718198,    2.20999999999981,    2.00000000000000,    4.41999999999962,    2.00000000000000,
   55,     2.38174999999999,    2.21000000000088,    1.99999999999996,    4.42000000000167,    1.99999999999996,
   56,     2.40010505281801,    2.21000000000001,    1.99999999999989,    4.41999999999978,    1.99999999999989,
   57,     2.43759128777495,    2.21000000000000,    2.00000000000009,    4.42000000000021,    2.00000000000009,
   58,     2.48215871222504,    2.20999999999998,    1.99999999999991,    4.41999999999976,    1.99999999999991,
   59,     2.51964494718199,    2.20999999999996,    2.00000000000012,    4.42000000000019,    2.00000000000012,
   60,     2.53799999999999,    2.21000000000018,    1.99999999999996,    4.42000000000027,    1.99999999999996,
   61,     2.55635505281801,    2.20999999999966,    2.00000000000001,    4.41999999999935,    2.00000000000001,
   62,     2.59384128777494,    2.21000000000045,    2.00000000000000,    4.42000000000089,    2.00000000000000,
   63,     2.63840871222505,    2.20999999999966,    1.99999999999999,    4.41999999999929,    1.99999999999999,
   64,     2.67589494718198,    2.20999999999979,    2.00000000000004,    4.41999999999967,    2.00000000000004,
   65,     2.69425000000000,    2.21000000000136,    1.99999999999959,    4.42000000000182,    1.99999999999959,
   66,     2.71260505281801,    2.20999999999948,    2.00000000000006,    4.41999999999909,    2.00000000000006,
   67,     2.75009128777495,    2.21000000000009,    1.99999999999999,    4.42000000000016,    1.99999999999999,
   68,     2.79465871222505,    2.20999999999998,    2.00000000000005,    4.42000000000007,    2.00000000000005,
   69,     2.83214494718198,    2.20999999999957,    1.99999999999983,    4.41999999999875,    1.99999999999983,
   70,     2.85050000000000,    2.21000000000030,    2.00000000000025,    4.42000000000116,    2.00000000000025,
   71,     2.86885505281800,    2.20999999999968,    2.00000000000029,    4.41999999999998,    2.00000000000029,
   72,     2.90634128777494,    2.21000000000015,    1.99999999999980,    4.41999999999985,    1.99999999999980,
   73,     2.95090871222505,    2.21000000000003,    2.00000000000007,    4.42000000000023,    2.00000000000007,
   74,     2.98839494718198,    2.20999999999938,    1.99999999999999,    4.41999999999872,    1.99999999999999,
   75,     3.00675000000000,    2.21000000000113,    1.99999999999961,    4.42000000000140,    1.99999999999961,
   76,     3.02510505281801,    2.21000000000045,    2.00000000000004,    4.42000000000099,    2.00000000000004,
   77,     3.06259128777495,    2.20999999999974,    2.00000000000007,    4.41999999999963,    2.00000000000007,
   78,     3.10715871222505,    2.21000000000010,    2.00000000000002,    4.42000000000025,    2.00000000000002,
   79,     3.14464494718198,    2.20999999999996,    2.00000000000009,    4.42000000000012,    2.00000000000009,
   80,     3.16299999999999,    2.20999999999952,    1.99999999999995,    4.41999999999893,    1.99999999999995,
   81,     3.18135505281801,    2.21000000000014,    1.99999999999995,    4.42000000000015,    1.99999999999995,
   82,     3.21884128777494,    2.20999999999957,    2.00000000000005,    4.41999999999924,    2.00000000000005,
   83,     3.26340871222504,    2.21000000000053,    1.99999999999996,    4.42000000000098,    1.99999999999996,
   84,     3.30089494718198,    2.20999999999945,    1.99999999999977,    4.41999999999839,    1.99999999999977,
   85,     3.31925000000000,    2.21000000000048,    2.00000000000048,    4.42000000000201,    2.00000000000048,
   86,     3.33760505281800,    2.21000000000031,    2.00000000000012,    4.42000000000088,    2.00000000000012,
   87,     3.37509128777494,    2.20999999999951,    1.99999999999993,    4.41999999999887,    1.99999999999993,
   88,     3.41965871222505,    2.21000000000016,    1.99999999999995,    4.42000000000022,    1.99999999999995,
   89,     3.45714494718199,    2.21000000000029,    2.00000000000017,    4.42000000000094,    2.00000000000017,
   90,     3.47549999999999,    2.21000000000069,    2.00000000000050,    4.42000000000248,    2.00000000000050,
   91,     3.49385505281800,    2.20999999999922,    1.99999999999990,    4.41999999999821,    1.99999999999990,
   92,     3.53134128777494,    2.21000000000031,    2.00000000000001,    4.42000000000064,    2.00000000000001,
   93,     3.57590871222504,    2.21000000000017,    2.00000000000006,    4.42000000000046,    2.00000000000006,
   94,     3.61339494718198,    2.20999999999905,    2.00000000000000,    4.41999999999809,    2.00000000000000,
   95,     3.63174999999999,    2.21000000000011,    1.99999999999965,    4.41999999999943,    1.99999999999965,
   96,     3.65010505281801,    2.21000000000034,    2.00000000000002,    4.42000000000072,    2.00000000000002,
   97,     3.68759128777494,    2.20999999999972,    2.00000000000006,    4.41999999999958,    2.00000000000006,
   98,     3.73215871222504,    2.21000000000031,    1.99999999999994,    4.42000000000048,    1.99999999999994,
   99,     3.76964494718199,    2.21000000000005,    1.99999999999967,    4.41999999999937,    1.99999999999967,
  100,     3.78800000000000,    2.20999999999997,    1.99999999999992,    4.41999999999977,    1.99999999999992,
  101,     3.80635505281801,    2.20999999999998,    2.00000000000039,    4.42000000000082,    2.00000000000039,
  102,     3.84384128777494,    2.20999999999974,    1.99999999999990,    4.41999999999927,    1.99999999999990,
  103,     3.88840871222505,    2.20999999999981,    2.00000000000003,    4.41999999999969,    2.00000000000003,
  104,     3.92589494718198,    2.20999999999995,    2.00000000000015,    4.42000000000023,    2.00000000000015,
  105,     3.94424999999999,    2.20999999999964,    1.99999999999930,    4.41999999999775,    1.99999999999930,
  106,     3.96260505281801,    2.21000000000044,    2.00000000000024,    4.42000000000141,    2.00000000000024,
  107,     4.00009128777494,    2.21000000000047,    1.99999999999951,    4.41999999999985,    1.99999999999951,
  108,     4.04465871222505,    2.20999999999778,    2.00000000000082,    4.41999999999736,    2.00000000000082,
  109,     4.08214494718197,    2.21000000000174,    1.99999999999977,    4.42000000000298,    1.99999999999977,
  110,     4.10050000000000,    2.21000000000719,    1.99999999999871,    4.42000000001153,    1.99999999999871,
  111,     4.11885505281805,    2.21000000000478,    1.99999999999482,    4.41999999999810,    1.99999999999482,
  112,     4.15634128777491,    2.20999999998152,    2.00000000001135,    4.41999999998812,    2.00000000001135,
  113,     4.20090871222500,    2.21000000003695,    1.99999999998084,    4.42000000003156,    1.99999999998084,
  114,     4.23839494718239,    2.21000000000062,    1.99999999999572,    4.41999999999178,    1.99999999999572,
  115,     4.25675000000006,    2.20999999987672,    2.00000000004372,    4.41999999985007,    2.00000000004372,
  116,     4.27510505281737,    2.20999999983697,    2.00000000010542,    4.41999999990693,    2.00000000010542,
  117,     4.31259128777468,    2.21000000033379,    1.99999999981431,    4.42000000025722,    1.99999999981431,
  118,     4.35715871223183,    2.21000000092227,    1.99999999961914,    4.42000000100283,    1.99999999961914,
  119,     4.39464494719678,    2.21000000127902,    1.99999999944142,    4.42000000132357,    1.99999999944142,
  120,     4.41300000002173,    2.21000000149095,    1.99999999982508,    4.42000000259533,    1.99999999982508,
  121,     4.43135505284453,    2.21000000002753,    1.99999999932433,    4.41999999856183,    1.99999999932433,
  122,     4.46884128775865,    2.20999998911468,    2.00000000565529,    4.41999999072755,    2.00000000565529,
  123,     4.51340871206556,    2.20999998854232,    2.00000000422221,    4.41999998641573,    2.00000000422221,
  124,     4.55089494705218,    2.21000002009205,    1.99999999189777,    4.42000002227816,    1.99999999189777,
  125,     4.56924999996921,    2.21000002969220,    1.99999998785065,    4.42000003253434,    1.99999998785065,
  126,     4.58760505290950,    2.21000002817356,    1.99999998645087,    4.42000002640352,    1.99999998645087,
  127,     4.62509128801488,    2.21000000179506,    1.99999999931243,    4.42000000207058,    1.99999999931243,
  128,     4.66965871233741,    2.20999998096423,    2.00000000889596,    4.41999998158853,    2.00000000889596,
  129,     4.70714494717224,    2.20999999100886,    2.00000000280345,    4.41999998821333,    2.00000000280345,
  130,     4.72549999998015,    2.20999999976590,    1.99999999961460,    4.41999999868005,    1.99999999961460,
  131,     4.74385505280453,    2.21000000400895,    1.99999999951102,    4.42000000693726,    1.99999999951102,
  132,     4.78134128775913,    2.20999999940270,    2.00000000028985,    4.41999999944598,    2.00000000028985,
  133,     4.82590871223706,    2.21000000663017,    1.99999999669704,    4.42000000596080,    1.99999999669704,
  134,     4.86339494725977,    2.20999999999406,    1.99999999855793,    4.41999999680115,    1.99999999855793,
  135,     4.88175000005642,    2.20999999652418,    2.00000000720657,    4.42000000897489,    2.00000000720657,
  136,     4.90010505284290,    2.20999999745907,    2.00000000085974,    4.41999999681818,    2.00000000085974,
  137,     4.93759128780581,    2.21000000061932,    2.00000000007197,    4.42000000139769,    2.00000000007197,
  138,     4.98215871222730,    2.20999999259385,    2.00000000160100,    4.41999998872591,    2.00000000160100,
  139,     5.01964494719136,    2.21000001815369,    1.99999999657945,    4.42000002874798,    1.99999999657945,
  140,     5.03800000005966,    2.21000000764407,    1.99999998395630,    4.41999997983158,    1.99999998395630,
  141,     5.05635505273156,    2.20999997055198,    2.00000002818541,    4.42000000339372,    2.00000001115806,
  142,     5.09384128791363,    2.21000001699101,    1.99999995653678,    4.41999993792830,    1.99999999694528,
  143,     5.13840871239173,    2.21000003007266,    2.00000005110211,    4.42000017308098,    1.99999999890967,
  144,     5.17589494893547,    2.21000035822504,    1.99999956286232,    4.41999975037565,    1.99999988887001,
  145,     5.19425000966529,    2.21000159575937,    1.99999860240006,    4.42000010282063,    1.99999968688803,
  146,     5.21260508796838,    2.21000490686768,    1.99999551137151,    4.41999989384439,    1.99999888537801,
  147,     5.25009155645043,    2.21002818001499,    1.99997468555382,    4.42000041439054,    1.99999368477507,
  148,     5.29466036365954,    2.21012774903138,    1.99988413304105,    4.41999941728160,    1.99997116708072,
  149,     5.33215030143854,    2.21033266374300,    1.99969913335862,    4.42000031212113,    1.99992507950691,
  150,     5.35050875107602,    2.21049320090751,    1.99955372971290,    4.41999992437962,    1.99988885420844,
  151,     5.36886873563613,    2.21070314194577,    1.99936382461062,    4.41999988895941,    1.99984155587857,
  152,     5.40637170484842,    2.21131356427044,    1.99881200450840,    4.42000009799602,    1.99970400044414,
  153,     5.45097596626858,    2.21241267486574,    1.99781901337604,    4.42000010728091,    1.99945620435658,
  154,     5.48851350433231,    2.21369332382014,    1.99666323181319,    4.42000006618200,    1.99916728703384,
  155,     5.50690230195481,    2.21444675640618,    1.99598386423166,    4.41999999398687,    1.99899721084197,
  156,     5.52529770996393,    2.21528534667318,    1.99522832890514,    4.42000008029079,    1.99880790249569,
  157,     5.56288987826461,    2.21726497286590,    1.99344683158680,    4.41999983494793,    1.99836063915494,
  158,     5.60763137690067,    2.22008187519399,    1.99091758870623,    4.42000005369162,    1.99772356174589,
  159,     5.64531144838056,    2.22282973411796,    1.98845635764454,    4.41999991676818,    1.99710131479926,
  160,     5.66377909525667,    2.22429648517627,    1.98714516792959,    4.42000001256081,    1.99676887769394,
  161,     5.68225924457805,    2.22584010583703,    1.98576710504550,    4.42000006326216,    1.99641875425245,
  162,     5.72004241242155,    2.22922122447631,    1.98275517629168,    4.41999992192967,    1.99565099720610,
  163,     5.76504110785839,    2.23361520897771,    1.97885472629378,    4.42000001300722,    1.99465152900491,
  164,     5.80296134145209,    2.23759924136312,    1.97533134618506,    4.41999992166448,    1.99374359795983,
  165,     5.82155404842973,    2.23963857912676,    1.97353271063545,    4.41999999590776,    1.99327823153201,
  166,     5.84016392031586,    2.24173244880999,    1.97168934182424,    4.41999997654022,    1.99279997472033,
  167,     5.87822569382022,    2.24616728091139,    1.96779647299861,    4.42000005314231,    1.99178556701993,
  168,     5.92357740557706,    2.25169133803627,    1.96296891062731,    4.42000009289401,    1.99051919011107,
  169,     5.96181029628261,    2.25652480575180,    1.95876421825093,    4.42000004710225,    1.98940856395791,
  170,     5.98056040326325,    2.25894740832216,    1.95666361490718,    4.42000020185286,    1.98885103889806,
  171,     5.99932993715448,    2.26140353206570,    1.95453837253742,    4.41999997921405,    1.98828511842907,
  172,     6.03772270634807,    2.26651537750356,    1.95013013033627,    4.41999992854018,    1.98710538788330,
  173,     6.08347079724102,    2.27273948648227,    1.94478953563862,    4.41999997054341,    1.98566539705763,
  174,     6.12203330459777,    2.27807871487108,    1.94023145525433,    4.41999998013824,    1.98442697820444,
  175,     6.14094182442097,    2.28072267453641,    1.93798221828884,    4.41999998809972,    1.98381264148277,
  176,     6.15986703264556,    2.28338377704693,    1.93572366209647,    4.42000000687697,    1.98319360462542,
  177,     6.19856708023842,    2.28886487036053,    1.93108822392010,    4.41999999729763,    1.98191628921847,
  178,     6.24465772056613,    2.29544715357614,    1.92555072469181,    4.41999993006028,    1.98037829112178,
  179,     6.28348608275583,    2.30102481142486,    1.92088323566937,    4.41999998512530,    1.97907159581922,
  180,     6.30251677313013,    2.30376594885675,    1.91859769599049,    4.42000004157790,    1.97842827071372,
  181,     6.32155871722695,    2.30651198842092,    1.91631346157292,    4.41999997269033,    1.97778299352601,
  182,     6.36048002544238,    2.31213074075808,    1.91165663210732,    4.42000006486938,    1.97646033298875,
  183,     6.40680371075089,    2.31881853891082,    1.90614316794013,    4.42000011563778,    1.97488180883530,
  184,     6.44580332292997,    2.32444031824043,    1.90153301010267,    4.41999999514772,    1.97355133685512,
  185,     6.46490985960231,    2.32718943510068,    1.89928674660402,    4.42000005092361,    1.97289957227918,
  186,     6.48402254154547,    2.32993501774956,    1.89704861662552,    4.42000000224915,    1.97224784840888,
  187,     6.52307299985210,    2.33552813026746,    1.89250554011907,    4.41999992563509,    1.97091783884804,
  188,     6.56952489610356,    2.34214608155235,    1.88715810878796,    4.41999996976746,    1.96934004195888,
  189,     6.60861253984606,    2.34767938428203,    1.88271024281776,    4.42000002363989,    1.96801741224973,
  190,     6.62775601041650,    2.35037605898724,    1.88055011230321,    4.41999996168323,    1.96737166764741,
  191,     6.64690177743840,    2.35306369333836,    1.87840219145230,    4.41999999819363,    1.96672738118791,
  192,     6.68600848520867,    2.35852234867453,    1.87405473232671,    4.41999996883183,    1.96541652501134,
  193,     6.73250894304695,    2.36495487770230,    1.86895741584261,    4.41999995681486,    1.96386790069764,
  194,     6.77162343029900,    2.37031311109449,    1.86473253570763,    4.41999997807226,    1.96257470136751,
  195,     6.79077575085326,    2.37291832564721,    1.86268526317132,    4.41999999589221,    1.96194488549519,
  196,     6.80992771668627,    2.37551098171585,    1.86065231889620,    4.42000001669299,    1.96131741504399,
  197,     6.84903935487124,    2.38076561796829,    1.85654567521268,    4.42000011173408,    1.96004360574840,
  198,     6.89553329899229,    2.38693960280122,    1.85174356830727,    4.42000005742508,    1.95854330446025,
  199,     6.93463294863145,    2.39206861525466,    1.84777308680015,    4.42000000904688,    1.95729397387853,
  200,     6.95377515764391,    2.39455809374759,    1.84585206928730,    4.42000001237265,    1.95668662458771,
  201,     6.97291526425231,    2.39703286851461,    1.84394633666849,    4.41999997677148,    1.95608222723802,
  202,     7.01199761233624,    2.40204066953010,    1.84010202576598,    4.41999990197461,    1.95485729835129,
  203,     7.05844866635294,    2.40791191537618,    1.83561532908108,    4.42000002294152,    1.95341795565584,
  204,     7.09750618255166,    2.41277936303136,    1.83191223206104,    4.42000002840160,    1.95222201412896,
  205,     7.11662592939539,    2.41513871875027,    1.83012260043202,    4.41999995236330,    1.95164142378211,
  206,     7.13574245394098,    2.41748218347293,    1.82834849394395,    4.41999990928907,    1.95106419187602,
  207,     7.17477340475209,    2.42221846014629,    1.82477346824534,    4.41999998036903,    1.94989590465582,
  208,     7.22115823254484,    2.42776161056581,    1.82060711340337,    4.42000005784372,    1.94852567951271,
  209,     7.26015622765003,    2.43234941103183,    1.81717313567911,    4.42000000631194,    1.94738921282809,
  210,     7.27924568275898,    2.43457080202534,    1.81551507541914,    4.41999999325228,    1.94683817504618,
  211,     7.29833121727459,    2.43677568910771,    1.81387233185802,    4.42000000141673,    1.94629073739449,
  212,     7.33729687029657,    2.44122721808188,    1.81056478064833,    4.42000002261914,    1.94518398362574,
  213,     7.38360091272555,    2.44642932446389,    1.80671476218492,    4.41999997515099,    1.94388804571510,
  214,     7.42252862887916,    2.45072868928960,    1.80354520851834,    4.41999998494670,    1.94281492423298,
  215,     7.44158297810285,    2.45280841512076,    1.80201599811246,    4.42000000435249,    1.94229515272961,
  216,     7.46063298746630,    2.45487138597320,    1.80050166335151,    4.42000001375876,    1.94177913049542,
  217,     7.49952489193176,    2.45903246208631,    1.79745491805484,    4.41999999263355,    1.94073696841910,
  218,     7.54573939689686,    2.46388855187231,    1.79391230962389,    4.42000000274511,    1.93951851238143,
  219,     7.58459045077082,    2.46789650403358,    1.79099893775224,    4.42000001720660,    1.93851105663697,
  220,     7.60360686615008,    2.46983348202311,    1.78959433380712,    4.42000000487567,    1.93802357763719,
  221,     7.62261870524287,    2.47175370610721,    1.78820405213513,    4.41999999314095,    1.93753993782265,
  222,     7.66143198987896,    2.47562335350735,    1.78540890826854,    4.41999998886966,    1.93656416722722,
  223,     7.70755201221228,    2.48013328310542,    1.78216228841927,    4.42000000740395,    1.93542502202130,
  224,     7.74632288228517,    2.48385050688195,    1.77949518024621,    4.42000000544855,    1.93448454055540,
  225,     7.76529983305639,    2.48564532097315,    1.77821025450547,    4.41999999881799,    1.93402993547406,
  226,     7.78427208979595,    2.48742352346529,    1.77693905100274,    4.41999999522831,    1.93357921467079,
  227,     7.82300421493462,    2.49100360813939,    1.77438522497078,    4.41999999763143,    1.93267079576605,
  228,     7.86902728298053,    2.49517022753392,    1.77142222751062,    4.42000000247631,    1.93161190354518,
  229,     7.90771630168892,    2.49859959496994,    1.76899092161471,    4.42000000025202,    1.93073904509779,
  230,     7.92665309581719,    2.50025378604352,    1.76782054033084,    4.41999999900768,    1.93031758417364,
  231,     7.94558515436160,    2.50189158737526,    1.76666328040001,    4.41999999895757,    1.92990002448024,
  232,     7.98423508266382,    2.50518564924899,    1.76434030010884,    4.42000000022433,    1.92905937123086,
  233,     8.03016031234008,    2.50901352656379,    1.76164853370157,    4.42000000010849,    1.92808109705700,
  234,     8.06876699705738,    2.51215912777044,    1.75944268441315,    4.41999999943742,    1.92727607104003,
  235,     8.08766347683752,    2.51367476884781,    1.75838181395172,    4.41999999973129,    1.92688782647397,
  236,     8.10655522740465,    2.51517428419727,    1.75733348900196,    4.42000000029640,    1.92650348225158,
  237,     8.14512287267537,    2.51818676006694,    1.75523121263382,    4.42000000051073,    1.92573065462076,
  238,     8.19095037881276,    2.52168134032773,    1.75279878897359,    4.41999999950375,    1.92483298754279,
  239,     8.22947498714961,    2.52454786561618,    1.75080855457485,    4.41999999955448,    1.92409572232185,
  240,     8.24833132681803,    2.52592728278415,    1.74985243250442,    4.42000000010910,    1.92374064029463,
  241,     8.26718297276354,    2.52729085472769,    1.74890831907304,    4.42000000055047,    1.92338944640308,
  242,     8.30566883355159,    2.53002657022986,    1.74701722596758,    4.42000000034724,    1.92268427907763,
  243,     8.35139933848312,    2.53319364118674,    1.74483305485563,    4.41999999949272,    1.92186697114399,
  244,     8.38984257255876,    2.53578598171356,    1.74304930764001,    4.41999999974905,    1.92119721986269,
  245,     8.40865914371991,    2.53703157292836,    1.74219353333198,    4.42000000021485,    1.92087516813824,
  246,     8.42747107327221,    2.53826159946882,    1.74134927676608,    4.42000000047815,    1.92055698547749,
  247,     8.46587598930259,    2.54072544575399,    1.73966061841776,    4.42000000019014,    1.91991917483157,
  248,     8.51151056274863,    2.54357079827318,    1.73771455569821,    4.41999999960822,    1.91918183446854,
  249,     8.54987337277032,    2.54589379268729,    1.73612898250854,    4.41999999987299,    1.91857924545172,
  250,     8.56865065505757,    2.54700791358729,    1.73536955917857,    4.42000000022630,    1.91829004531465,
  251,     8.58742335619716,    2.54810674016558,    1.73462121138108,    4.42000000035430,    1.91800469125806,
  252,     8.62574834683455,    2.55030347179898,    1.73312707643086,    4.42000000009044,    1.91743385332220,
  253,     8.67128823359244,    2.55283268868242,    1.73140998206533,    4.41999999972741,    1.91677600724981,
  254,     8.70957168792603,    2.55489096702566,    1.73001511884199,    4.41999999994723,    1.91624017055987,
  255,     8.72831020997252,    2.55587586106481,    1.72934846621826,    4.42000000017670,    1.91598361791929,
  256,     8.74704421423660,    2.55684571489467,    1.72869249579700,    4.42000000024913,    1.91573088641397,
  257,     8.78529037198814,    2.55877982771398,    1.72738582357134,    4.42000000003345,    1.91522659497916,
  258,     8.83073687859775,    2.56099815751937,    1.72588956647266,    4.41999999981839,    1.91464772865727,
  259,     8.86894207854205,    2.56279604937900,    1.72467879410476,    4.41999999997942,    1.91417820638223,
  260,     8.88764237934247,    2.56365380726842,    1.72410174400267,    4.42000000013056,    1.91395408547600,
  261,     8.90633822509607,    2.56449675940276,    1.72353503039788,    4.42000000017250,    1.91373376003280,
  262,     8.94450664617559,    2.56617242094837,    1.72240959489851,    4.42000000000540,    1.91329557115411,
  263,     8.98986106732252,    2.56808470767848,    1.72112702772934,    4.41999999988382,    1.91279515461607,
  264,     9.02798909201930,    2.56962619238972,    1.72009454646677,    4.41999999998774,    1.91239150006959,
  265,     9.04665169604081,    2.57035873053408,    1.71960432900322,    4.42000000011761,    1.91219959209246,
  266,     9.06530990487572,    2.57107667606821,    1.71912414797277,    4.42000000011842,    1.91201145394208,
  267,     9.10340164476292,    2.57249769015827,    1.71817452622041,    4.41999999999079,    1.91163892121004,
  268,     9.14866521647990,    2.57410833912152,    1.71709944478645,    4.41999999992573,    1.91121642497715,
  269,     9.18671708814095,    2.57539702302355,    1.71624023810026,    4.41999999999663,    1.91087819438417,
  270,     9.20534248970080,    2.57600607412303,    1.71583446346648,    4.42000000007929,    1.91071828269156,
  271,     9.22396355167937,    2.57660072399072,    1.71543846857080,    4.42000000008106,    1.91056211567339,
  272,     9.26197959751035,    2.57777051702679,    1.71466000204231,    4.41999999998976,    1.91025479926340,
  273,     9.30715346840466,    2.57908348350050,    1.71378709848912,    4.41999999994954,    1.90990970361057,
  274,     9.34513013118561,    2.58012259404314,    1.71309689322713,    4.42000000000044,    1.90963646277992,
  275,     9.36371878504536,    2.58060970537200,    1.71277353210375,    4.42000000005122,    1.90950833581883,
  276,     9.38230314987300,    2.58108258517298,    1.71245973509251,    4.42000000005720,    1.90938392909134,
  277,     9.42024440409551,    2.58200420570943,    1.71184848971758,    4.41999999998812,    1.90914140069764,
  278,     9.46532961860881,    2.58302299734578,    1.71117330527388,    4.41999999996662,    1.90887320055958,
  279,     9.50323192656361,    2.58381538722125,    1.71064853234713,    4.42000000000596,    1.90866452827750,
  280,     9.52178424265004,    2.58418192323991,    1.71040589684901,    4.42000000004016,    1.90856798102811,
  281,     9.54033231477611,    2.58453437623334,    1.71017264876883,    4.42000000003707,    1.90847513038969,
  282,     9.57819958624676,    2.58521050212189,    1.70972537685490,    4.41999999998960,    1.90829697551977,
  283,     9.62319707582515,    2.58593818893358,    1.70924425761437,    4.41999999998042,    1.90810518261397,
  284,     9.66102578679599,    2.58648634552252,    1.70888201581128,    4.42000000000487,    1.90796067199147,
  285,     9.67954212760709,    2.58673349279022,    1.70871874212687,    4.42000000001795,    1.90789550649056,
  286,     9.69805426387395,    2.58696668502292,    1.70856471620435,    4.42000000002629,    1.90783401481662,
  287,     9.73584826375787,    2.58739963421829,    1.70827882231118,    4.41999999999080,    1.90771983347743,
  288,     9.78075884308228,    2.58783886206191,    1.70798888013662,    4.41999999998715,    1.90760397675367,
  289,     9.81851461634880,    2.58814491914329,    1.70778690455438,    4.42000000000187,    1.90752323534869,
  290,     9.83699529604745,    2.58827369213963,    1.70770193795248,    4.42000000001825,    1.90748926068546,
  291,     9.85547180493222,    2.58838861824510,    1.70762611489632,    4.42000000001573,    1.90745893787066,
  292,     9.89319314557719,    2.58858036083309,    1.70749962677416,    4.41999999999741,    1.90740834431756,
  293,     9.93801751188099,    2.58873336568113,    1.70739870648045,    4.41999999998673,    1.90736796948664,
  294,     9.97570090806216,    2.58879911536502,    1.70735534239409,    4.42000000000356,    1.90735061877215,
  295,     9.99414619256734,    2.58881036226989,    1.70734792491644,    4.42000000002366,    1.90734765077976,
  296,     10.01258733435562,    2.58880785125501,    1.70734958095458,    4.42000000001218,    1.90734831342216,
  297,     10.05023652987797,    2.58876002101690,    1.70738112614140,    4.41999999999365,    1.90736093545176,
  298,     10.09497526399111,    2.58862864243151,    1.70746777948099,    4.41999999999342,    1.90739560405382,
  299,     10.13258674616431,    2.58845554612698,    1.70758196199790,    4.41999999999985,    1.90744127857995,
  300,     10.15099685376595,    2.58834995408569,    1.70765162300951,    4.42000000001103,    1.90746913941069,
  301,     10.16940284120499,    2.58823067450445,    1.70773032077391,    4.42000000000836,    1.90750061037660,
  302,     10.20698030892492,    2.58794457925176,    1.70791910902271,    4.41999999999581,    1.90757608841505,
  303,     10.25163387712054,    2.58753027212579,    1.70819257560373,    4.41999999999516,    1.90768537669756,
  304,     10.28917381245905,    2.58711947005447,    1.70846381512858,    4.42000000000269,    1.90779372312323,
  305,     10.30754891463949,    2.58689756968663,    1.70861036470891,    4.42000000000686,    1.90785224077423,
  306,     10.32591991376858,    2.58666203402634,    1.70876594694837,    4.42000000000842,    1.90791434871372,
  307,     10.36342597592392,    2.58613866430278,    1.70911175839268,    4.41999999999383,    1.90805233480974,
  308,     10.40799473196399,    2.58544250876097,    1.70957195335846,    4.41999999999848,    1.90823583251197,
  309,     10.44546339344434,    2.58479482784335,    1.71000032667456,    4.41999999999884,    1.90840650856036,
  310,     10.46380361570498,    2.58445699700350,    1.71022385171456,    4.42000000000596,    1.90849551634358,
  311,     10.48213974667410,    2.58410556537624,    1.71045643770488,    4.42000000000679,    1.90858809515931,
  312,     10.51957463206092,    2.58334560175695,    1.71095961647275,    4.41999999999864,    1.90878825187918,
  313,     10.56405881908132,    2.58236831145755,    1.71160712450826,    4.41999999999511,    1.90904556085439,
  314,     10.60145638700476,    2.58148427209514,    1.71219327104903,    4.42000000000020,    1.90927823409439,
  315,     10.61976180958784,    2.58103073909290,    1.71249413385814,    4.42000000000413,    1.90939757002303,
  316,     10.63806314736332,    2.58056362244613,    1.71280411827644,    4.42000000000010,    1.90952045823252,
  317,     10.67542699272643,    2.57956744200177,    1.71346557102424,    4.42000000000509,    1.90978245729710,
  318,     10.71982674479941,    2.57830937177311,    1.71430164602563,    4.41999999999395,    1.91011318977656,
  319,     10.75715330803064,    2.57718919426641,    1.71504676871866,    4.42000000000326,    1.91040753603313,
  320,     10.77542396650130,    2.57662004105368,    1.71542560779977,    4.41999999999357,    1.91055704199802,
  321,     10.79369054143249,    2.57603730439844,    1.71581366172518,    4.42000000000055,    1.91071008187336,
  322,     10.83098339257703,    2.57480498739358,    1.71663486036605,    4.42000000000419,    1.91103360228810,
  323,     10.87529873596118,    2.57326614157851,    1.71766142979785,    4.41999999999414,    1.91143737841983,
  324,     10.91255429292904,    2.57190975356157,    1.71856729960361,    4.42000000000248,    1.91179307948692,
  325,     10.93079017865177,    2.57122491957471,    1.71902503214033,    4.42000000001193,    1.91197260005191,
  326,     10.94902197694040,    2.57052648588779,    1.71949210570740,    4.41999999999584,    1.91215563635853,
  327,     10.98624378967506,    2.56905782434244,    1.72047509329078,    4.42000000000497,    1.91254036162986,
  328,     11.03047464392698,    2.56723786789522,    1.72169476590726,    4.41999999999413,    1.91301680579232,
  329,     11.06765910357081,    2.56564491466423,    1.72276372881481,    4.42000000000169,    1.91343354596615,
  330,     11.08586016418276,    2.56484420221114,    1.72330155421862,    4.41999999999907,    1.91364292652275,
  331,     11.10405712836609,    2.56402985819449,    1.72384888025969,    4.42000000000098,    1.91385580460243,
  332,     11.14120776953079,    2.56232436840191,    1.72499627857783,    4.42000000000258,    1.91430141850566,
  333,     11.18535394882682,    2.56022264363631,    1.72641235362198,    4.41999999999645,    1.91485015367071,
  334,     11.22246713182303,    2.55839250395370,    1.72764733838540,    4.42000000000076,    1.91532761446103,
  335,     11.24063327188212,    2.55747558663546,    1.72826674205858,    4.42000000000883,    1.91556669846016,
  336,     11.25879530151712,    2.55654499149487,    1.72889583977777,    4.42000000000017,    1.91580926128766,
  337,     11.29587455050937,    2.55460193364129,    1.73021085664831,    4.42000000000093,    1.91631544141766,
  338,     11.33993576572619,    2.55221748644377,    1.73182733190755,    4.41999999999570,    1.91693608062676,
  339,     11.37697740650660,    2.55014929738566,    1.73323185608451,    4.42000000000036,    1.91747393277549,
  340,     11.39510848858278,    2.54911573322877,    1.73393461206421,    4.42000000000280,    1.91774255752393,
  341,     11.41323544141203,    2.54806843261278,    1.73464728946705,    4.42000000000830,    1.91801464132264,
  342,     11.45024299282276,    2.54588684146723,    1.73613372283751,    4.41999999999952,    1.91858104946030,
  343,     11.49421885517484,    2.54321846231834,    1.73795529777934,    4.41999999999639,    1.91927318312647,
  344,     11.53118860547244,    2.54091115793932,    1.73953346860810,    4.41999999999520,    1.91987107479364,
  345,     11.54928445206487,    2.53976040989528,    1.74032163931005,    4.42000000000372,    1.92016906525550,
  346,     11.56737614606254,    2.53859585735713,    1.74111999245457,    4.42000000000686,    1.92047049301812,
  347,     11.60431161428679,    2.53617458971204,    1.74278222718786,    4.41999999999561,    1.92109676098181,
  348,     11.64820164164422,    2.53322087670043,    1.74481429576801,    4.42000000000487,    1.92185993832348,
  349,     11.68509907659820,    2.53067324715842,    1.74657080085423,    4.41999999998985,    1.92251747788391,
  350,     11.70315947341425,    2.52940471421700,    1.74744673130014,    4.41999999999365,    1.92284463769796,
  351,     11.72121569026928,    2.52812230395811,    1.74833313764025,    4.42000000001739,    1.92317520979907,
  352,     11.75807861729891,    2.52546011044643,    1.75017612897819,    4.41999999998996,    1.92386091898617,
  353,     11.80188224475134,    2.52221956420348,    1.75242475426611,    4.42000000000445,    1.92469462130461,
  354,     11.83870687300668,    2.51943034444036,    1.75436483478959,    4.41999999998798,    1.92541135267466,
  355,     11.85673157434854,    2.51804340825917,    1.75533113746939,    4.42000000001687,    1.92576745128107,
  356,     11.87475206516029,    2.51664252386090,    1.75630823929664,    4.42000000002118,    1.92612693206437,
  357,     11.91154193323867,    2.51373815585022,    1.75833747428744,    4.41999999997765,    1.92687158429009,
  358,     11.95525853008447,    2.51020932028833,    1.76080933342540,    4.42000000001512,    1.92777518697350,
  359,     11.99200980988706,    2.50717732094418,    1.76293872916674,    4.41999999998102,    1.92855055460145,
  360,     12.00999854718558,    2.50567141442248,    1.76399825395185,    4.42000000001831,    1.92893530901930,
  361,     12.02798304145327,    2.50415150067287,    1.76506892608161,    4.42000000003831,    1.92932340783419,
  362,     12.06469929293797,    2.50100386711373,    1.76729035011798,    4.41999999995786,    1.93012638412893,
  363,     12.10832818914721,    2.49718553533479,    1.76999263270085,    4.42000000002970,    1.93109910307073,
  364,     12.14500555323735,    2.49390983384126,    1.77231748317294,    4.41999999997379,    1.93193240267879,
  365,     12.16295804819146,    2.49228454113596,    1.77347326400845,    4.42000000000619,    1.93234545188050,
  366,     12.18090626761611,    2.49064520842237,    1.77464055703922,    4.42000000006172,    1.93276179642271,
  367,     12.21754833534790,    2.48725360382711,    1.77706044656169,    4.41999999992918,    1.93362229919359,
  368,     12.26108886179374,    2.48314511681112,    1.78000068144480,    4.42000000005012,    1.93466311564857,
  369,     12.29769175505540,    2.47962533405403,    1.78252735978303,    4.41999999996244,    1.93555342520566,
  370,     12.31560773943952,    2.47788053518947,    1.78378252592379,    4.41999999999766,    1.93599429424788,
  371,     12.33351941868712,    2.47612171051328,    1.78504957221414,    4.42000000010188,    1.93643839321198,
  372,     12.37008677154141,    2.47248614421959,    1.78767432537903,    4.41999999987675,    1.93735536526766,
  373,     12.41353832010243,    2.46808782176672,    1.79086009870001,    4.42000000008944,    1.93846292070862,
  374,     12.45006625560516,    2.46432452094935,    1.79359494351236,    4.41999999994829,    1.93940900383008,
  375,     12.46794550068706,    2.46246060022473,    1.79495257694856,    4.42000000000767,    1.93987705362278,
  376,     12.48582041818311,    2.46058274465675,    1.79632244018031,    4.42000000014736,    1.94034824448649,
  377,     12.52231262849294,    2.45670441501616,    1.79915824336977,    4.41999999979924,    1.94132025571710,
  378,     12.56567474077893,    2.45201817612945,    1.80259675200404,    4.42000000014581,    1.94249270459940,
  379,     12.60212738231682,    2.44801343686814,    1.80554564503675,    4.41999999992872,    1.94349287525045,
  380,     12.61996974212296,    2.44603158277591,    1.80700855670048,    4.42000000003571,    1.94398723220174,
  381,     12.63780776530349,    2.44403600456819,    1.80848399612254,    4.42000000020884,    1.94448460798045,
  382,     12.67422460781597,    2.43991798155643,    1.81153630289641,    4.41999999967920,    1.94550969639376,
  383,     12.71749710518894,    2.43494823782996,    1.81523365941822,    4.42000000025003,    1.94674449946408,
  384,     12.75387438807945,    2.43070648323627,    1.81840137029154,    4.41999999989336,    1.94779643178235,
  385,     12.77167986266879,    2.42860912075910,    1.81997175348719,    4.42000000004291,    1.94831588879512,
  386,     12.78948101412993,    2.42649842667933,    1.82155485933911,    4.42000000029644,    1.94883819498845,
  387,     12.82582261058188,    2.42214663645978,    1.82482758597940,    4.41999999949902,    1.94991364279003,
  388,     12.86900578399430,    2.41690158165881,    1.82878774789930,    4.42000000041608,    1.95120727548523,
  389,     12.90530809137245,    2.41243077333496,    1.83217692655917,    4.41999999982561,    1.95230773509858,
  390,     12.92307691915993,    2.41022218895795,    1.83385582471273,    4.42000000007241,    1.95285061158739,
  391,     12.94084147316915,    2.40800093706773,    1.83554745862745,    4.42000000040720,    1.95339610029327,
  392,     12.97710850321057,    2.40342558719721,    1.83904175056468,    4.41999999923112,    1.95451811656135,
  393,     13.02020339017921,    2.39791906612965,    1.84326488042322,    4.42000000069404,    1.95586565508636,
  394,     13.05643181026479,    2.39323243802992,    1.84687451559655,    4.41999999969646,    1.95701011700931,
  395,     13.07416460277970,    2.39091968735121,    1.84866100836977,    4.42000000014982,    1.95757405954372,
  396,     13.09189322617323,    2.38859533561585,    1.85045994800592,    4.42000000055089,    1.95814028154583,
  397,     13.12808723539919,    2.38381298775662,    1.85417229520345,    4.41999999884448,    1.95930354940846,
  398,     13.17109602473590,    2.37806721782092,    1.85865225675771,    4.42000000112439,    1.96069807890943,
  399,     13.20725272702788,    2.37318580459021,    1.86247532362362,    4.41999999942313,    1.96188018013821,
  400,     13.22495066607009,    2.37078003697131,    1.86436528538209,    4.42000000020619,    1.96246187645676,
  401,     13.24264462446659,    2.36836432859031,    1.86626691993121,    4.42000000079318,    1.96304538273261,
  402,     13.27876847551259,    2.36340092797123,    1.87018628369345,    4.41999999836015,    1.96424240840982,
  403,     13.32169510057461,    2.35745048162858,    1.87490682672258,    4.42000000166586,    1.96567417064299,
  404,     13.35778388780107,    2.35240682255402,    1.87892670458303,    4.41999999894006,    1.96688492040556,
  405,     13.37544901489925,    2.34992522299489,    1.88091091449089,    4.42000000016851,    1.96747968633541,
  406,     13.39311047559034,    2.34743621801582,    1.88290525953677,    4.42000000132908,    1.96807559657206,
  407,     13.42916901115684,    2.34233153826093,    1.88700870295157,    4.41999999789632,    1.96929576771919,
  408,     13.47202002265038,    2.33622918930864,    1.89193766695915,    4.42000000190246,    1.97075092654786,
  409,     13.50804714354650,    2.33107276758416,    1.89612270356541,    4.41999999827937,    1.97197756120607,
  410,     13.52568278644470,    2.32854140831590,    1.89818398095539,    4.42000000025653,    1.97257874145903,
  411,     13.54331526482751,    2.32600646640344,    1.90025267193503,    4.42000000272129,    1.97318011804839,
  412,     13.57931628537361,    2.32082063219288,    1.90449875205033,    4.41999999774400,    1.97440833785899,
  413,     13.62210213907518,    2.31464592582351,    1.90957932324184,    4.42000000057855,    1.97586718906929,
  414,     13.65807748791706,    2.30945112816952,    1.91387466224919,    4.41999999790644,    1.97709151322835,
  415,     13.67568889003483,    2.30690913436782,    1.91598357123102,    4.42000000177151,    1.97768961455907,
  416,     13.69329790847041,    2.30436926529737,    1.91809536447428,    4.42000000580388,    1.97828655806402,
  417,     13.72925361474122,    2.29919224220590,    1.92241427970455,    4.41999999820255,    1.97950127566088,
  418,     13.77199056998001,    2.29306390451152,    1.92755203584299,    4.41999999745927,    1.98093567541492,
  419,     13.80792945267184,    2.28794146521889,    1.93186760463359,    4.41999999795430,    1.98213169514641,
  420,     13.82552469863356,    2.28544696809305,    1.93397618229557,    4.42000000219158,    1.98271315718442,
  421,     13.84311875412953,    2.28296302357054,    1.93608041899922,    4.42000000723418,    1.98329152990878,
  422,     13.87904786144627,    2.27792803208768,    1.94035980804176,    4.41999999907459,    1.98446197028222,
  423,     13.92176075270340,    2.27202125740707,    1.94540433655492,    4.42000000690468,    1.98583177396503,
  424,     13.95768645128064,    2.26713387782166,    1.94959813962451,    4.41999999048080,    1.98696248662626,
  425,     13.97527780471487,    2.26477202089024,    1.95163131219743,    4.41999999095804,    1.98750804021040,
  426,     13.99286976267764,    2.26243292267784,    1.95364907586873,    4.41999998860456,    1.98804777458611,
  427,     14.02880052643093,    2.25773383819855,    1.95771525989385,    4.41999998782002,    1.98913037570503,
  428,     14.07152668245569,    2.25230178860250,    1.96243684373780,    4.42000001317010,    1.99037903047177,
  429,     14.10747402669106,    2.24788258065857,    1.96629488921848,    4.42000002991218,    1.99139264933833,
  430,     14.12507976978717,    2.24577447155622,    1.96814064920456,    4.42000002641568,    1.99187548432184,
  431,     14.14268876149934,    2.24370600396525,    1.96995505933346,    4.41999999416820,    1.99234879330213,
  432,     14.17866302191632,    2.23961443839973,    1.97355398627889,    4.42000000263153,    1.99328375314123,
  433,     14.22145733082935,    2.23500571009355,    1.97762356920234,    4.41999996958281,    1.99433483747845,
  434,     14.25747710983546,    2.23136878614246,    1.98084693624978,    4.42000002367367,    1.99516276008778,
  435,     14.27512372736500,    2.22967473896417,    1.98235192084004,    4.42000000163413,    1.99554793390326,
  436,     14.29277733216358,    2.22804111014438,    1.98380539018766,    4.41999996386412,    1.99591910034965,
  437,     14.32885489270455,    2.22490279648630,    1.98660367106969,    4.42000006327291,    1.99663137801220,
  438,     14.37179464470676,    2.22154082473182,    1.98961004405649,    4.41999993816798,    1.99739328551328,
  439,     14.40795706631309,    2.21904441918194,    1.99184837445027,    4.42000001918049,    1.99795830486407,
  440,     14.42568061998198,    2.21793741577459,    1.99284253164923,    4.42000001469180,    1.99820865575494,
  441,     14.44341595994575,    2.21690803604761,    1.99376783935592,    4.41999994508140,    1.99844131481827,
  442,     14.47967569033700,    2.21505020379724,    1.99544015227819,    4.42000011596899,    1.99886099601754,
  443,     14.52285914147285,    2.21326927491181,    1.99704569636977,    4.41999988037007,    1.99926294361679,
  444,     14.55924936891743,    2.21212166456144,    1.99808182149117,    4.42000008488701,    1.99952180897972,
  445,     14.57709191284148,    2.21167040882269,    1.99848943711911,    4.41999995042105,    1.99962352400328,
  446,     14.59495097430777,    2.21128739327898,    1.99883566964963,    4.42000011753258,    1.99970990632076,
  447,     14.63147728865402,    2.21069874323759,    1.99936771882841,    4.41999970328377,    1.99984254245691,
  448,     14.67499929076969,    2.21028195312383,    1.99974506034124,    4.42000041772078,    1.99993650948197,
  449,     14.71168880359632,    2.21010599116140,    1.99990394246672,    4.41999968499299,    1.99997608528318,
  450,     14.72968146069890,    2.21005955659940,    1.99994613887329,    4.42000007690100,    1.99998661768377,
  451,     14.74769227548614,    2.21003084383754,    1.99997206299770,    4.41999994603832,    1.99999304761042,
  452,     14.78453127003016,    2.21000562696822,    1.99999503167433,    4.42000027390875,    1.99999875106476,
  453,     14.82842432118721,    2.21000025266734,    1.99999954136205,    4.41999949174470,    1.99999989151209,
  454,     14.86542021349896,    2.21000002858861,    2.00000010966446,    4.42000029953568,    2.00000002605138,
  455,     14.88355974286910,    2.20999999700483,    1.99999998372630,    4.41999995804478,    1.99999998392631,
  456,     14.90171486142042,    2.21000001267090,    2.00000000848578,    4.42000004409538,    2.00000000852313,
  457,     14.93883928283658,    2.21000001341280,    2.00000000012197,    4.42000002709517,    2.00000000009987,
  458,     14.98305285172054,    2.21000000179985,    2.00000000777857,    4.42000002079034,    2.00000000779089,
  459,     15.02030022243647,    2.21000000375161,    1.99999999640889,    4.41999999956686,    1.99999999640398,
  460,     15.03855626107204,    2.20999997064032,    1.99999998696900,    4.41999991248213,    1.99999998696900,
  461,     15.05682325243422,    2.21000001155822,    2.00000000234932,    4.42000002830845,    2.00000000234932,
  462,     15.09416093034687,    2.21000001507820,    2.00000001152006,    4.42000005561573,    2.00000001152006,
  463,     15.13859968981680,    2.21000001667355,    2.00000000364497,    4.42000004140250,    2.00000000364497,
  464,     15.17601117140683,    2.20999999974016,    1.99999999846264,    4.41999999608275,    1.99999999846264,
  465,     15.19433884910765,    2.20999996654323,    2.00000000732587,    4.41999994927664,    2.00000000732587,
  466,     15.21267167561914,    2.20999997966607,    1.99999998715531,    4.41999993094538,    1.99999998715531,
  467,     15.25012578336224,    2.20999996632894,    1.99999998363184,    4.41999989648423,    1.99999998363184,
  468,     15.29467222768499,    2.20999999175979,    1.99999999632128,    4.41999997538961,    1.99999999632128,
  469,     15.33215010894419,    2.20999999296942,    2.00000000584595,    4.41999999885841,    2.00000000584595,
  470,     15.35050298523351,    2.21000004643612,    1.99999999264800,    4.42000007662431,    1.99999999264800,
  471,     15.36885667628174,    2.21000000989963,    2.00000000221245,    4.42000002468877,    2.00000000221245,
  472,     15.40634165287505,    2.21000001465466,    2.00000001206813,    4.42000005597990,    2.00000001206813,
  473,     15.45090874504128,    2.20999999988160,    1.99999999606719,    4.41999999107169,    1.99999999606719,
  474,     15.48839494883848,    2.21000001212671,    2.00000000145204,    4.42000002746243,    2.00000000145204,
  475,     15.50675000024437,    2.20999993057928,    2.00000000823161,    4.41999987935042,    2.00000000823161,
  476,     15.52510505272773,    2.21000002407324,    2.00000000224877,    4.42000005311627,    2.00000000224877,
  477,     15.56259128766574,    2.21000000999434,    2.00000000413500,    4.42000002912703,    2.00000000413500,
  478,     15.60715871193878,    2.21000002461586,    2.00000001251512,    4.42000007689013,    2.00000001251512,
  479,     15.64464494671184,    2.20999998588116,    1.99999999541075,    4.41999996162008,    1.99999999541075,
  480,     15.66299999973145,    2.20999997312646,    1.99999997595508,    4.41999989311364,    1.99999997595508,
  481,     15.68135505262399,    2.20999998027174,    1.99999999087760,    4.41999994038298,    1.99999999087760,
  482,     15.71884128778302,    2.20999996929237,    1.99999998812938,    4.41999991235067,    1.99999998812938,
  483,     15.76340871247414,    2.20999998300961,    1.99999999183359,    4.41999994797146,    1.99999999183359,
  484,     15.80089494749307,    2.21000001119986,    2.00000000272197,    4.42000002841527,    2.00000000272197,
  485,     15.81925000025191,    2.21000002678871,    2.00000001014403,    4.42000007599572,    2.00000001014403,
  486,     15.83760505298092,    2.21000000926614,    2.00000000885640,    4.42000003810494,    2.00000000885640,
  487,     15.87509128783010,    2.21000001102318,    2.00000000301503,    4.42000002870956,    2.00000000301503,
  488,     15.91965871221868,    2.21000000916136,    2.00000000391666,    4.42000002697853,    2.00000000391666,
  489,     15.95714494710509,    2.20999998947891,    2.00000000065167,    4.41999998039800,    2.00000000065167,
  490,     15.97549999996724,    2.20999999514259,    1.99999998769574,    4.41999996309276,    1.99999998769574,
  491,     15.99385505283426,    2.21000000844945,    2.00000000070919,    4.42000001846622,    2.00000000070919,
  492,     16.03134128764743,    2.21000002134758,    2.00000001145878,    4.42000006801907,    2.00000001145878,
  493,     16.07590871188129,    2.21000000880948,    2.00000000576240,    4.42000003035386,    2.00000000576240,
  494,     16.11339494681529,    2.21000001168237,    1.99999999720457,    4.42000001718684,    1.99999999720457,
  495,     16.13174999966813,    2.20999998540542,    1.99999999517286,    4.41999996014285,    1.99999999517286,
  496,     16.15010505255875,    2.20999995989386,    1.99999998955543,    4.41999989670521,    1.99999998955543,
  497,     16.18759128778119,    2.20999996944305,    1.99999998382135,    4.41999990313130,    1.99999998382135,
  498,     16.23215871252127,    2.20999998673675,    1.99999999302918,    4.41999995806799,    1.99999999302918,
  499,     16.26964494746593,    2.21000000934507,    2.00000000804024,    4.42000003645908,    2.00000000804024,
  500,     16.28800000018792,    2.21000001904804,    2.00000001524698,    4.42000007179190,    2.00000001524698,
  501,     16.30635505293621,    2.21000001753092,    2.00000000033535,    4.42000003580296,    2.00000000033535,
  502,     16.34384128790543,    2.20999999917915,    2.00000000301104,    4.42000000501271,    2.00000000301104,
  503,     16.38840871218795,    2.21000002211063,    2.00000000816110,    4.42000006225729,    2.00000000816110,
  504,     16.42589494710090,    2.20999998784505,    1.99999999526852,    4.41999996523353,    1.99999999526852,
  505,     16.44424999998507,    2.20999998334950,    1.99999999052725,    4.41999994576422,    1.99999999052725,
  506,     16.46260505284403,    2.20999999845993,    2.00000000126052,    4.41999999970561,    2.00000000126052,
  507,     16.50009128762466,    2.21000003486601,    2.00000001421188,    4.42000010114028,    2.00000001421188,
  508,     16.54465871183607,    2.21000000271845,    2.00000000332677,    4.42000001278906,    2.00000000332677,
  509,     16.58214494686798,    2.20999998980409,    1.99999999139454,    4.41999996059011,    1.99999999139454,
  510,     16.60049999974719,    2.20999998763478,    1.99999999400209,    4.41999996201418,    1.99999999400209,
  511,     16.61885505262065,    2.20999998186512,    1.99999999495414,    4.41999995257889,    1.99999999495414,
  512,     16.65634128777033,    2.20999996571859,    1.99999998388228,    4.41999989581703,    1.99999998388228,
  513,     16.70090871255911,    2.20999998285696,    1.99999999199876,    4.41999994803117,    1.99999999199876,
  514,     16.73839494744306,    2.21000002895622,    2.00000001449445,    4.42000008994517,    2.00000001449445,
  515,     16.75675000011936,    2.21000003720604,    2.00000001517108,    4.42000010794016,    2.00000001517108,
  516,     16.77510505280620,    2.21000002862721,    2.00000001126898,    4.42000008215887,    2.00000001126898,
  517,     16.81259128768641,    2.20999999197379,    1.99999999780532,    4.41999997909734,    1.99999999780532,
  518,     16.85715871223369,    2.20999999500327,    1.99999999667787,    4.41999998266463,    1.99999999667787,
  519,     16.89464494718959,    2.21000000348555,    2.00000000252692,    4.42000001255560,    2.00000000252692,
  520,     16.91299999999388,    2.21000000199094,    2.00000000035020,    4.42000000475583,    2.00000000035020,
  521,     16.93135505280759,    2.20999999951808,    1.99999999966390,    4.41999999829337,    1.99999999966390,
  522,     16.96884128777682,    2.20999999900550,    1.99999999952313,    4.41999999695712,    1.99999999952313,
  523,     17.01340871222675,    2.21000000052670,    2.00000000029056,    4.42000000169553,    2.00000000029056,
  524,     17.05089494718095,    2.21000000000908,    1.99999999994338,    4.41999999989304,    1.99999999994338,
  525,     17.06924999999944,    2.20999999984047,    1.99999999995939,    4.41999999959119,    1.99999999995939,
  526,     17.08760505281816,    2.20999999988649,    1.99999999996450,    4.41999999969453,    1.99999999996450,
  527,     17.12509128777507,    2.21000000004950,    2.00000000001637,    4.42000000013517,    2.00000000001637,
  528,     17.16965871222498,    2.20999999998853,    1.99999999999825,    4.41999999997319,    1.99999999999825,
  529,     17.20714494718199,    2.21000000000013,    1.99999999999756,    4.41999999999487,    1.99999999999756,
  530,     17.22550000000001,    2.21000000000839,    2.00000000000061,    4.42000000001813,    2.00000000000061,
  531,     17.24385505281801,    2.21000000000088,    2.00000000000101,    4.42000000000398,    2.00000000000101,
  532,     17.28134128777494,    2.20999999999760,    2.00000000000041,    4.41999999999612,    2.00000000000041,
  533,     17.32590871222504,    2.21000000000298,    2.00000000000006,    4.42000000000610,    2.00000000000006,
  534,     17.36339494718198,    2.20999999999634,    1.99999999999961,    4.41999999999182,    1.99999999999961,
  535,     17.38174999999999,    2.20999999999811,    2.00000000000318,    4.42000000000326,    2.00000000000318,
  536,     17.40010505281797,    2.20999999999925,    1.99999999999948,    4.41999999999735,    1.99999999999948,
  537,     17.43759128777494,    2.21000000000073,    1.99999999999950,    4.42000000000035,    1.99999999999950,
  538,     17.48215871222503,    2.21000000000147,    2.00000000000036,    4.42000000000372,    2.00000000000036,
  539,     17.51964494718198,    2.20999999999714,    1.99999999999846,    4.41999999999087,    1.99999999999846,
  540,     17.53800000000000,    2.20999999999896,    2.00000000000096,    4.42000000000003,    2.00000000000096,
  541,     17.55635505281799,    2.20999999999946,    2.00000000000240,    4.42000000000422,    2.00000000000240,
  542,     17.59384128777491,    2.21000000000130,    1.99999999999928,    4.42000000000101,    1.99999999999928,
  543,     17.63840871222504,    2.21000000000054,    1.99999999999930,    4.41999999999953,    1.99999999999930,
  544,     17.67589494718197,    2.20999999999834,    2.00000000000132,    4.41999999999960,    2.00000000000132,
  545,     17.69424999999998,    2.21000000000121,    1.99999999999545,    4.41999999999236,    1.99999999999545,
  546,     17.71260505281801,    2.21000000000252,    1.99999999999984,    4.42000000000470,    1.99999999999984,
  547,     17.75009128777494,    2.20999999999872,    2.00000000000100,    4.41999999999964,    2.00000000000100,
  548,     17.79465871222503,    2.20999999999882,    2.00000000000053,    4.41999999999880,    2.00000000000053,
  549,     17.83214494718196,    2.21000000000128,    1.99999999999958,    4.42000000000164,    1.99999999999958,
  550,     17.85049999999999,    2.20999999999863,    1.99999999999791,    4.41999999999263,    1.99999999999791,
  551,     17.86885505281799,    2.20999999999693,    2.00000000000088,    4.41999999999578,    2.00000000000088,
  552,     17.90634128777493,    2.21000000000161,    1.99999999999970,    4.42000000000255,    1.99999999999970,
  553,     17.95090871222504,    2.20999999999794,    1.99999999999963,    4.41999999999506,    1.99999999999963,
  554,     17.98839494718198,    2.21000000000397,    1.99999999999889,    4.42000000000548,    1.99999999999889,
  555,     18.00675000000001,    2.21000000000988,    1.99999999999857,    4.42000000001660,    1.99999999999857,
  556,     18.02510505281801,    2.20999999999220,    2.00000000000032,    4.41999999998511,    2.00000000000032,
  557,     18.06259128777495,    2.21000000000333,    2.00000000000045,    4.42000000000765,    2.00000000000045,
  558,     18.10715871222504,    2.20999999999879,    1.99999999999996,    4.41999999999750,    1.99999999999996,
  559,     18.14464494718199,    2.21000000000052,    1.99999999999880,    4.41999999999837,    1.99999999999880,
  560,     18.16300000000001,    2.21000000000037,    2.00000000000191,    4.42000000000495,    2.00000000000191,
  561,     18.18135505281800,    2.21000000000188,    1.99999999999960,    4.42000000000287,    1.99999999999960,
  562,     18.21884128777495,    2.20999999999764,    2.00000000000097,    4.41999999999741,    2.00000000000097,
  563,     18.26340871222502,    2.21000000000151,    1.99999999999981,    4.42000000000260,    1.99999999999981,
  564,     18.30089494718200,    2.20999999999971,    1.99999999999843,    4.41999999999594,    1.99999999999843,
  565,     18.31925000000000,    2.20999999999833,    2.00000000000480,    4.42000000000727,    2.00000000000480,
  566,     18.33760505281800,    2.20999999999857,    1.99999999999980,    4.41999999999670,    1.99999999999980,
  567,     18.37509128777495,    2.21000000000237,    2.00000000000015,    4.42000000000508,    2.00000000000015,
  568,     18.41965871222504,    2.20999999999676,    1.99999999999969,    4.41999999999284,    1.99999999999969,
  569,     18.45714494718200,    2.21000000000114,    2.00000000000011,    4.42000000000252,    2.00000000000011,
  570,     18.47549999999999,    2.21000000000324,    2.00000000000230,    4.42000000001155,    2.00000000000230,
  571,     18.49385505281800,    2.21000000000376,    1.99999999999964,    4.42000000000673,    1.99999999999964,
  572,     18.53134128777494,    2.20999999999688,    2.00000000000036,    4.41999999999455,    2.00000000000036,
  573,     18.57590871222503,    2.21000000000078,    2.00000000000050,    4.42000000000266,    2.00000000000050,
  574,     18.61339494718196,    2.20999999999850,    2.00000000000033,    4.41999999999773,    2.00000000000033,
  575,     18.63174999999997,    2.21000000001008,    2.00000000000014,    4.42000000002047,    2.00000000000014,
  576,     18.65010505281799,    2.20999999999238,    1.99999999999813,    4.41999999998063,    1.99999999999813,
  577,     18.68759128777496,    2.21000000000154,    1.99999999999984,    4.42000000000271,    1.99999999999984,
  578,     18.73215871222504,    2.21000000000145,    2.00000000000102,    4.42000000000517,    2.00000000000102,
  579,     18.76964494718198,    2.21000000000025,    1.99999999999823,    4.41999999999660,    1.99999999999823,
  580,     18.78800000000001,    2.21000000000571,    1.99999999999761,    4.42000000000615,    1.99999999999761,
  581,     18.80635505281803,    2.20999999999967,    1.99999999999985,    4.41999999999902,    1.99999999999985,
  582,     18.84384128777496,    2.20999999999804,    2.00000000000062,    4.41999999999746,    2.00000000000062,
  583,     18.88840871222505,    2.21000000000023,    2.00000000000070,    4.42000000000201,    2.00000000000070,
  584,     18.92589494718199,    2.20999999999992,    1.99999999999829,    4.41999999999607,    1.99999999999829,
  585,     18.94425000000003,    2.21000000000054,    2.00000000000162,    4.42000000000465,    2.00000000000162,
  586,     18.96260505281800,    2.20999999999907,    2.00000000000127,    4.42000000000094,    2.00000000000127,
  587,     19.00009128777495,    2.21000000000095,    1.99999999999999,    4.42000000000189,    1.99999999999999,
  588,     19.04465871222504,    2.21000000000182,    2.00000000000082,    4.42000000000544,    2.00000000000082,
  589,     19.08214494718198,    2.20999999999368,    1.99999999999907,    4.41999999998532,    1.99999999999907,
  590,     19.10049999999999,    2.21000000001389,    1.99999999999675,    4.42000000002060,    1.99999999999675,
  591,     19.11885505281803,    2.21000000000164,    1.99999999999942,    4.42000000000199,    1.99999999999942,
  592,     19.15634128777496,    2.20999999999702,    2.00000000000086,    4.41999999999593,    2.00000000000086,
  593,     19.20090871222506,    2.20999999999968,    2.00000000000029,    4.42000000000000,    2.00000000000029,
  594,     19.23839494718199,    2.21000000000241,    1.99999999999963,    4.42000000000400,    1.99999999999963,
  595,     19.25675000000003,    2.20999999999877,    1.99999999999827,    4.41999999999373,    1.99999999999827,
  596,     19.27510505281802,    2.20999999999904,    2.00000000000097,    4.42000000000021,    2.00000000000097,
  597,     19.31259128777496,    2.21000000000030,    1.99999999999941,    4.41999999999928,    1.99999999999941,
  598,     19.35715871222506,    2.20999999999906,    2.00000000000009,    4.41999999999832,    2.00000000000009,
  599,     19.39464494718199,    2.21000000000109,    2.00000000000050,    4.42000000000329,    2.00000000000050,
  600,     19.41300000000000,    2.21000000000879,    1.99999999999811,    4.42000000001342,    1.99999999999811,
  601,     19.43135505281801,    2.20999999999571,    2.00000000000000,    4.41999999999142,    2.00000000000000,
  602,     19.46884128777495,    2.20999999999894,    1.99999999999978,    4.41999999999738,    1.99999999999978,
  603,     19.51340871222506,    2.20999999999784,    1.99999999999989,    4.41999999999543,    1.99999999999989,
  604,     19.55089494718199,    2.21000000000716,    2.00000000000112,    4.42000000001678,    2.00000000000112,
  605,     19.56925000000000,    2.20999999999950,    1.99999999999805,    4.41999999999469,    1.99999999999805,
  606,     19.58760505281802,    2.20999999999644,    2.00000000000022,    4.41999999999336,    2.00000000000022,
  607,     19.62509128777496,    2.21000000000172,    1.99999999999960,    4.42000000000255,    1.99999999999960,
  608,     19.66965871222506,    2.20999999999984,    2.00000000000077,    4.42000000000138,    2.00000000000077,
  609,     19.70714494718196,    2.20999999999750,    2.00000000000297,    4.42000000000157,    2.00000000000297,
  610,     19.72549999999995,    2.21000000000182,    1.99999999999539,    4.41999999999344,    1.99999999999539,
  611,     19.74385505281801,    2.21000000000276,    1.99999999999775,    4.42000000000057,    1.99999999999775,
  612,     19.78134128777495,    2.20999999999827,    2.00000000000110,    4.41999999999898,    2.00000000000110,
  613,     19.82590871222504,    2.21000000000159,    1.99999999999933,    4.42000000000170,    1.99999999999933,
  614,     19.86339494718199,    2.21000000000017,    1.99999999999949,    4.41999999999921,    1.99999999999949,
  615,     19.88175000000001,    2.20999999999995,    1.99999999999946,    4.41999999999870,    1.99999999999946,
  616,     19.90010505281801,    2.20999999999676,    2.00000000000101,    4.41999999999576,    2.00000000000101,
  617,     19.93759128777494,    2.21000000000473,    1.99999999999982,    4.42000000000905,    1.99999999999982,
  618,     19.98215871222505,    2.20999999999644,    2.00000000000039,    4.41999999999373,    2.00000000000039,
  619,     20.01964494718197,    2.21000000000523,    1.99999999999941,    4.42000000000917,    1.99999999999941,
  620,     20.03800000000001,    2.20999999998564,    1.99999999999589,    4.41999999996218,    1.99999999999589,
  621,     20.05635505281802,    2.21000000000065,    2.00000000000061,    4.42000000000264,    2.00000000000061,
  622,     20.09384128777495,    2.20999999999998,    2.00000000000021,    4.42000000000043,    2.00000000000021,
  623,     20.13840871222507,    2.20999999999808,    1.99999999999859,    4.41999999999304,    1.99999999999859,
  624,     20.17589494718200,    2.21000000000146,    2.00000000000393,    4.42000000001160,    2.00000000000393,
  625,     20.19424999999995,    2.21000000001508,    2.00000000000207,    4.42000000003474,    2.00000000000207,
  626,     20.21260505281800,    2.20999999999543,    1.99999999999781,    4.41999999998602,    1.99999999999781,
  627,     20.25009128777495,    2.21000000000108,    2.00000000000056,    4.42000000000339,    2.00000000000056,
  628,     20.29465871222505,    2.21000000000190,    1.99999999999973,    4.42000000000320,    1.99999999999973,
  629,     20.33214494718200,    2.20999999999624,    1.99999999999934,    4.41999999999101,    1.99999999999934,
  630,     20.35050000000001,    2.21000000001614,    1.99999999999921,    4.42000000003052,    1.99999999999921,
  631,     20.36885505281803,    2.20999999999848,    2.00000000000027,    4.41999999999754,    2.00000000000027,
  632,     20.40634128777496,    2.20999999999804,    2.00000000000006,    4.41999999999621,    2.00000000000006,
  633,     20.45090871222507,    2.20999999999836,    1.99999999999969,    4.41999999999603,    1.99999999999969,
  634,     20.48839494718200,    2.21000000000072,    2.00000000000170,    4.42000000000519,    2.00000000000170,
  635,     20.50674999999999,    2.21000000000507,    2.00000000000193,    4.42000000001441,    2.00000000000193,
  636,     20.52510505281801,    2.21000000000174,    1.99999999999790,    4.41999999999884,    1.99999999999790,
  637,     20.56259128777496,    2.21000000000096,    2.00000000000092,    4.42000000000393,    2.00000000000092,
  638,     20.60715871222503,    2.20999999999946,    1.99999999999927,    4.41999999999730,    1.99999999999927,
  639,     20.64464494718201,    2.20999999999735,    1.99999999999795,    4.41999999999017,    1.99999999999795,
  640,     20.66300000000001,    2.20999999998844,    2.00000000000332,    4.41999999998422,    2.00000000000332,
  641,     20.68135505281802,    2.21000000000350,    1.99999999999911,    4.42000000000502,    1.99999999999911,
  642,     20.71884128777497,    2.21000000000061,    2.00000000000054,    4.42000000000242,    2.00000000000054,
  643,     20.76340871222505,    2.20999999999649,    2.00000000000027,    4.41999999999357,    2.00000000000027,
  644,     20.80089494718201,    2.21000000000624,    1.99999999999996,    4.42000000001239,    1.99999999999996,
  645,     20.81925000000000,    2.21000000000131,    2.00000000000187,    4.42000000000673,    2.00000000000187,
  646,     20.83760505281802,    2.20999999999711,    1.99999999999843,    4.41999999999074,    1.99999999999843,
  647,     20.87509128777497,    2.20999999999967,    2.00000000000017,    4.41999999999972,    2.00000000000017,
  648,     20.91965871222505,    2.21000000000146,    2.00000000000045,    4.42000000000392,    2.00000000000045,
  649,     20.95714494718200,    2.20999999999667,    1.99999999999934,    4.41999999999189,    1.99999999999934,
  650,     20.97550000000001,    2.21000000000735,    2.00000000000202,    4.42000000001917,    2.00000000000202,
  651,     20.99385505281801,    2.21000000000122,    1.99999999999933,    4.42000000000095,    1.99999999999933,
  652,     21.03134128777496,    2.20999999999809,    2.00000000000023,    4.41999999999669,    2.00000000000023,
  653,     21.07590871222504,    2.20999999999871,    2.00000000000095,    4.41999999999953,    2.00000000000095,
  654,     21.11339494718199,    2.21000000000436,    1.99999999999880,    4.42000000000608,    1.99999999999880,
  655,     21.13175000000001,    2.20999999999826,    2.00000000000182,    4.42000000000054,    2.00000000000182,
  656,     21.15010505281801,    2.20999999999855,    1.99999999999860,    4.41999999999401,    1.99999999999860,
  657,     21.18759128777496,    2.21000000000205,    2.00000000000147,    4.42000000000736,    2.00000000000147,
  658,     21.23215871222503,    2.20999999999878,    1.99999999999955,    4.41999999999655,    1.99999999999955,
  659,     21.26964494718202,    2.20999999999920,    1.99999999999749,    4.41999999999286,    1.99999999999749,
  660,     21.28800000000001,    2.20999999998885,    2.00000000000314,    4.41999999998463,    2.00000000000314,
  661,     21.30635505281802,    2.21000000000497,    2.00000000000036,    4.42000000001073,    2.00000000000036,
  662,     21.34384128777495,    2.20999999999871,    1.99999999999968,    4.41999999999673,    1.99999999999968,
  663,     21.38840871222505,    2.21000000000250,    2.00000000000108,    4.42000000000739,    2.00000000000108,
  664,     21.42589494718197,    2.21000000000096,    1.99999999999973,    4.42000000000132,    1.99999999999973,
  665,     21.44425000000000,    2.20999999998753,    1.99999999999745,    4.41999999996944,    1.99999999999745,
  666,     21.46260505281800,    2.21000000000005,    1.99999999999974,    4.41999999999953,    1.99999999999974,
  667,     21.50009128777494,    2.20999999999990,    2.00000000000013,    4.42000000000009,    2.00000000000013,
  668,     21.54465871222505,    2.21000000000183,    1.99999999999898,    4.42000000000141,    1.99999999999898,
  669,     21.58214494718201,    2.20999999999607,    2.00000000000018,    4.41999999999255,    2.00000000000018,
  670,     21.60050000000000,    2.20999999999915,    2.00000000000121,    4.42000000000097,    2.00000000000121,
  671,     21.61885505281802,    2.21000000000401,    1.99999999999969,    4.42000000000733,    1.99999999999969,
  672,     21.65634128777495,    2.20999999999990,    2.00000000000072,    4.42000000000139,    2.00000000000072,
  673,     21.70090871222503,    2.20999999999707,    2.00000000000015,    4.41999999999446,    2.00000000000015,
  674,     21.73839494718198,    2.21000000000673,    1.99999999999798,    4.42000000000899,    1.99999999999798,
  675,     21.75675000000001,    2.20999999998757,    2.00000000000300,    4.41999999998176,    2.00000000000300,
  676,     21.77510505281798,    2.20999999999920,    1.99999999999967,    4.41999999999767,    1.99999999999967,
  677,     21.81259128777496,    2.21000000000023,    1.99999999999876,    4.41999999999771,    1.99999999999876,
  678,     21.85715871222505,    2.21000000000153,    2.00000000000120,    4.42000000000571,    2.00000000000120,
  679,     21.89464494718199,    2.20999999999864,    2.00000000000071,    4.41999999999884,    2.00000000000071,
  680,     21.91299999999997,    2.21000000001336,    1.99999999999855,    4.42000000002350,    1.99999999999855,
  681,     21.93135505281801,    2.20999999999340,    2.00000000000124,    4.41999999998954,    2.00000000000124,
  682,     21.96884128777491,    2.20999999999969,    1.99999999999938,    4.41999999999800,    1.99999999999938,
  683,     22.01340871222505,    2.20999999999952,    1.99999999999914,    4.41999999999714,    1.99999999999914,
  684,     22.05089494718196,    2.21000000000570,    2.00000000000340,    4.42000000001891,    2.00000000000340,
  685,     22.06924999999995,    2.20999999998375,    1.99999999999593,    4.41999999995850,    1.99999999999593,
  686,     22.08760505281798,    2.21000000000313,    1.99999999999922,    4.42000000000454,    1.99999999999922,
  687,     22.12509128777494,    2.20999999999865,    1.99999999999838,    4.41999999999372,    1.99999999999838,
  688,     22.16965871222505,    2.21000000000132,    2.00000000000132,    4.42000000000556,    2.00000000000132,
  689,     22.20714494718195,    2.20999999999823,    2.00000000000130,    4.41999999999934,    2.00000000000130,
  690,     22.22549999999999,    2.20999999999558,    1.99999999999172,    4.41999999997287,    1.99999999999172,
  691,     22.24385505281803,    2.21000000000551,    1.99999999999976,    4.42000000001048,    1.99999999999976,
  692,     22.28134128777494,    2.20999999999684,    2.00000000000177,    4.41999999999759,    2.00000000000177,
  693,     22.32590871222503,    2.21000000000180,    1.99999999999930,    4.42000000000205,    1.99999999999930,
  694,     22.36339494718199,    2.20999999999910,    1.99999999999821,    4.41999999999425,    1.99999999999821,
  695,     22.38175000000003,    2.20999999999905,    1.99999999999948,    4.41999999999695,    1.99999999999948,
  696,     22.40010505281801,    2.21000000000068,    2.00000000000309,    4.42000000000817,    2.00000000000309,
  697,     22.43759128777491,    2.20999999999736,    2.00000000000032,    4.41999999999543,    2.00000000000032,
  698,     22.48215871222503,    2.21000000000325,    1.99999999999918,    4.42000000000468,    1.99999999999918,
  699,     22.51964494718197,    2.21000000000175,    2.00000000000123,    4.42000000000622,    2.00000000000123,
  700,     22.53799999999996,    2.20999999999767,    1.99999999999850,    4.41999999999202,    1.99999999999850,
  701,     22.55635505281800,    2.20999999999515,    1.99999999999987,    4.41999999999003,    1.99999999999987,
  702,     22.59384128777492,    2.20999999999854,    2.00000000000065,    4.41999999999852,    2.00000000000065,
  703,     22.63840871222503,    2.21000000000139,    1.99999999999890,    4.42000000000034,    1.99999999999890,
  704,     22.67589494718198,    2.21000000000035,    2.00000000000084,    4.42000000000255,    2.00000000000084,
  705,     22.69424999999997,    2.20999999999728,    2.00000000000262,    4.42000000000033,    2.00000000000262,
  706,     22.71260505281797,    2.21000000000300,    1.99999999999924,    4.42000000000434,    1.99999999999924,
  707,     22.75009128777494,    2.20999999999894,    1.99999999999865,    4.41999999999489,    1.99999999999865,
  708,     22.79465871222505,    2.20999999999724,    2.00000000000020,    4.41999999999492,    2.00000000000020,
  709,     22.83214494718199,    2.21000000000705,    2.00000000000045,    4.42000000001510,    2.00000000000045,
  710,     22.85049999999999,    2.20999999999269,    2.00000000000412,    4.41999999999449,    2.00000000000412,
  711,     22.86885505281798,    2.20999999999944,    1.99999999999875,    4.41999999999611,    1.99999999999875,
  712,     22.90634128777495,    2.20999999999815,    1.99999999999931,    4.41999999999479,    1.99999999999931,
  713,     22.95090871222503,    2.20999999999982,    2.00000000000097,    4.42000000000180,    2.00000000000097,
  714,     22.98839494718198,    2.21000000000542,    1.99999999999913,    4.42000000000891,    1.99999999999913,
  715,     23.00674999999999,    2.20999999998871,    2.00000000000498,    4.41999999998843,    2.00000000000498,
  716,     23.02510505281797,    2.21000000000201,    1.99999999999944,    4.42000000000279,    1.99999999999944,
  717,     23.06259128777495,    2.21000000000038,    1.99999999999786,    4.41999999999602,    1.99999999999786,
  718,     23.10715871222505,    2.21000000000172,    2.00000000000194,    4.42000000000772,    2.00000000000194,
  719,     23.14464494718197,    2.20999999999384,    1.99999999999990,    4.41999999998746,    1.99999999999990,
  720,     23.16299999999999,    2.21000000000478,    1.99999999999623,    4.42000000000123,    1.99999999999623,
  721,     23.18135505281801,    2.21000000000089,    2.00000000000103,    4.42000000000408,    2.00000000000103,
  722,     23.21884128777493,    2.21000000000041,    2.00000000000084,    4.42000000000269,    2.00000000000084,
  723,     23.26340871222503,    2.21000000000138,    1.99999999999972,    4.42000000000214,    1.99999999999972,
  724,     23.30089494718197,    2.20999999999625,    2.00000000000070,    4.41999999999405,    2.00000000000070,
  725,     23.31924999999998,    2.20999999999268,    1.99999999999686,    4.41999999997844,    1.99999999999686,
  726,     23.33760505281801,    2.21000000000277,    1.99999999999865,    4.42000000000256,    1.99999999999865,
  727,     23.37509128777497,    2.20999999999996,    1.99999999999961,    4.41999999999906,    1.99999999999961,
  728,     23.41965871222507,    2.20999999999861,    2.00000000000058,    4.41999999999849,    2.00000000000058,
  729,     23.45714494718198,    2.21000000000180,    2.00000000000123,    4.42000000000632,    2.00000000000123,
  730,     23.47549999999998,    2.21000000001003,    1.99999999999873,    4.42000000001724,    1.99999999999873,
  731,     23.49385505281800,    2.20999999999887,    1.99999999999909,    4.41999999999573,    1.99999999999909,
  732,     23.53134128777496,    2.20999999999835,    1.99999999999937,    4.41999999999532,    1.99999999999937,
  733,     23.57590871222505,    2.21000000000138,    2.00000000000118,    4.42000000000536,    2.00000000000118,
  734,     23.61339494718197,    2.20999999999916,    1.99999999999960,    4.41999999999744,    1.99999999999960,
  735,     23.63175000000000,    2.21000000000638,    1.99999999999720,    4.42000000000658,    1.99999999999720,
  736,     23.65010505281801,    2.20999999999468,    1.99999999999994,    4.41999999998923,    1.99999999999994,
  737,     23.68759128777495,    2.20999999999927,    2.00000000000064,    4.41999999999996,    2.00000000000064,
  738,     23.73215871222504,    2.21000000000344,    2.00000000000010,    4.42000000000710,    2.00000000000010,
  739,     23.76964494718198,    2.20999999999501,    2.00000000000041,    4.41999999999092,    2.00000000000041,
  740,     23.78799999999998,    2.21000000000185,    2.00000000000018,    4.42000000000410,    2.00000000000018,
  741,     23.80635505281800,    2.21000000000300,    2.00000000000008,    4.42000000000617,    2.00000000000008,
  742,     23.84384128777494,    2.21000000000172,    1.99999999999987,    4.42000000000317,    1.99999999999987,
  743,     23.88840871222505,    2.20999999999829,    1.99999999999954,    4.41999999999558,    1.99999999999954,
  744,     23.92589494718200,    2.20999999999564,    1.99999999999983,    4.41999999999090,    1.99999999999983,
  745,     23.94425000000002,    2.21000000000898,    2.00000000000155,    4.42000000002138,    2.00000000000155,
  746,     23.96260505281801,    2.20999999999814,    2.00000000000038,    4.41999999999711,    2.00000000000038,
  747,     24.00009128777496,    2.21000000000017,    1.99999999999918,    4.41999999999854,    1.99999999999918,
  748,     24.04465871222505,    2.21000000000308,    2.00000000000090,    4.42000000000815,    2.00000000000090,
  749,     24.08214494718198,    2.20999999999691,    2.00000000000146,    4.41999999999706,    2.00000000000146,
  750,     24.10049999999996,    2.21000000000118,    1.99999999999575,    4.41999999999296,    1.99999999999575,
  751,     24.11885505281803,    2.20999999999642,    1.99999999999760,    4.41999999998755,    1.99999999999760,
  752,     24.15634128777496,    2.21000000000322,    2.00000000000145,    4.42000000000963,    2.00000000000145,
  753,     24.20090871222506,    2.20999999999836,    1.99999999999917,    4.41999999999490,    1.99999999999917,
  754,     24.23839494718200,    2.20999999999857,    2.00000000000147,    4.42000000000040,    2.00000000000147,
  755,     24.25674999999998,    2.21000000000059,    2.00000000000030,    4.42000000000183,    2.00000000000030,
  756,     24.27510505281800,    2.21000000000374,    1.99999999999965,    4.42000000000671,    1.99999999999965,
  757,     24.31259128777495,    2.20999999999740,    1.99999999999863,    4.41999999999178,    1.99999999999863,
  758,     24.35715871222508,    2.21000000000078,    2.00000000000013,    4.42000000000186,    2.00000000000013,
  759,     24.39464494718200,    2.21000000000145,    2.00000000000000,    4.42000000000288,    2.00000000000000,
  760,     24.41300000000003,    2.20999999999412,    2.00000000000025,    4.41999999998879,    2.00000000000025,
  761,     24.43135505281800,    2.20999999999892,    2.00000000000152,    4.42000000000120,    2.00000000000152,
  762,     24.46884128777494,    2.21000000000157,    2.00000000000014,    4.42000000000344,    2.00000000000014,
  763,     24.51340871222504,    2.20999999999944,    1.99999999999922,    4.41999999999714,    1.99999999999922,
  764,     24.55089494718199,    2.20999999999786,    2.00000000000171,    4.41999999999951,    2.00000000000171,
  765,     24.56924999999995,    2.21000000001660,    1.99999999999991,    4.42000000003299,    1.99999999999991,
  766,     24.58760505281801,    2.20999999999766,    1.99999999999866,    4.41999999999235,    1.99999999999866,
  767,     24.62509128777493,    2.20999999999826,    2.00000000000182,    4.42000000000053,    2.00000000000182,
  768,     24.66965871222503,    2.21000000000171,    1.99999999999916,    4.42000000000158,    1.99999999999916,
  769,     24.70714494718198,    2.21000000000441,    1.99999999999979,    4.42000000000836,    1.99999999999979,
  770,     24.72549999999998,    2.20999999998493,    1.99999999999971,    4.41999999996920,    1.99999999999971,
  771,     24.74385505281800,    2.21000000000194,    1.99999999999908,    4.42000000000184,    1.99999999999908,
  772,     24.78134128777495,    2.20999999999986,    2.00000000000088,    4.42000000000168,    2.00000000000088,
  773,     24.82590871222503,    2.20999999999725,    1.99999999999949,    4.41999999999335,    1.99999999999949,
  774,     24.86339494718199,    2.21000000000339,    2.00000000000008,    4.42000000000696,    2.00000000000008,
  775,     24.88174999999997,    2.20999999999033,    2.00000000000455,    4.41999999999071,    2.00000000000455,
  776,     24.90010505281797,    2.21000000000498,    1.99999999999967,    4.42000000000923,    1.99999999999967,
  777,     24.93759128777493,    2.20999999999796,    1.99999999999868,    4.41999999999300,    1.99999999999868,
  778,     24.98215871222504,    2.21000000000222,    2.00000000000018,    4.42000000000484,    2.00000000000018,
  779,     25.01964494718199,    2.20999999999520,    1.99999999999920,    4.41999999998862,    1.99999999999920,
  780,     25.03800000000001,    2.20999999999740,    2.00000000000127,    4.41999999999762,    2.00000000000127,
  781,     25.05635505281800,    2.21000000000504,    2.00000000000034,    4.42000000001082,    2.00000000000034,
  782,     25.09384128777496,    2.20999999999610,    1.99999999999898,    4.41999999998995,    1.99999999999898,
  783,     25.13840871222506,    2.21000000000199,    2.00000000000077,    4.42000000000567,    2.00000000000077,
  784,     25.17589494718198,    2.21000000000208,    2.00000000000083,    4.42000000000599,    2.00000000000083,
  785,     25.19424999999998,    2.20999999998904,    1.99999999999798,    4.41999999997361,    1.99999999999798,
  786,     25.21260505281801,    2.21000000000395,    1.99999999999950,    4.42000000000681,    1.99999999999950,
  787,     25.25009128777494,    2.20999999999993,    2.00000000000065,    4.42000000000130,    2.00000000000065,
  788,     25.29465871222505,    2.20999999999912,    1.99999999999953,    4.41999999999720,    1.99999999999953,
  789,     25.33214494718199,    2.21000000000207,    2.00000000000168,    4.42000000000784,    2.00000000000168,
  790,     25.35049999999997,    2.21000000000403,    2.00000000000171,    4.42000000001184,    2.00000000000171,
  791,     25.36885505281799,    2.20999999999678,    1.99999999999840,    4.41999999999002,    1.99999999999840,
  792,     25.40634128777494,    2.21000000000022,    2.00000000000011,    4.42000000000067,    2.00000000000011,
  793,     25.45090871222504,    2.20999999999839,    1.99999999999955,    4.41999999999579,    1.99999999999955,
  794,     25.48839494718200,    2.21000000000046,    1.99999999999996,    4.42000000000084,    1.99999999999996,
  795,     25.50674999999999,    2.20999999999962,    2.00000000000112,    4.42000000000170,    2.00000000000112,
  796,     25.52510505281801,    2.20999999999788,    2.00000000000033,    4.41999999999649,    2.00000000000033,
  797,     25.56259128777494,    2.21000000000364,    1.99999999999984,    4.42000000000692,    1.99999999999984,
  798,     25.60715871222504,    2.20999999999485,    2.00000000000020,    4.41999999999013,    2.00000000000020,
  799,     25.64464494718197,    2.21000000000696,    2.00000000000013,    4.42000000001421,    2.00000000000013,
  800,     25.66299999999999,    2.21000000000112,    1.99999999999491,    4.41999999999098,    1.99999999999491,
