 indi,                  x_v,                   v,                   H,                   q,                 eta
    0,     0.66300001810482,    2.21000060503614,    2.00000045256284,    4.42000221023642,    2.00000045256284,
    1,     1.00849151868986,    2.21000057139835,    1.99999976363524,    4.42000062043046,    1.99999976363524,
    2,     1.56750846641074,    2.20999735600989,    2.00000106869390,    4.41999707383048,    2.00000106869390,
    3,     1.91299960222150,    2.21000482260889,    2.00000436016689,    4.42001928120764,    2.00000436016689,
    4,     2.25849165479002,    2.21000716524083,    1.99999182750578,    4.41999626921089,    1.99999182750578,
    5,     2.81750899608331,    2.20997662746077,    2.00001496400633,    4.41998632502579,    2.00001496400633,
    6,     3.16299458200520,    2.20996041838984,    2.00006735278028,    4.42006968375817,    2.00006735278028,
    7,     3.50848907762242,    2.21006644002034,    1.99991344144037,    4.41994157987294,    1.99991344144037,
    8,     4.06753114176928,    2.21024574172613,    1.99997448933789,    4.42043509861998,    1.99997448933789,
    9,     4.41300857646924,    2.20843872689883,    2.00003978819490,    4.41696532358815,    2.00003978819490,
   10,     4.75822207739929,    2.20627675569510,    2.00261565794391,    4.41832437671270,    2.00142812066922,
   11,     5.31691407038858,    2.20863076205227,    1.99780948570434,    4.41242348684643,    2.00091849865237,
   12,     5.66347837706373,    2.22617879718767,    1.98908281035314,    4.42805397825862,    1.99869018871988,
   13,     6.01468902425620,    2.26301224428717,    1.95030354334295,    4.41356079866175,    1.98761828785137,
   14,     6.59390048130250,    2.34748469828464,    1.88712547354224,    4.42999817288358,    1.96972245562448,
   15,     6.95417023467831,    2.40032492658124,    1.84816432217960,    4.43619489094581,    1.95902586193469,
   16,     7.31349687751998,    2.44115269405673,    1.81375710859251,    4.42765805200515,    1.94687528087911,
   17,     7.89247777704495,    2.49652094134065,    1.76947889936990,    4.41754112753736,    1.93078327985181,
   18,     8.24831899433886,    2.52489835257056,    1.74951228468729,    4.41734068540889,    1.92340010199507,
   19,     8.60241820648004,    2.54892735756925,    1.73406937281971,    4.42001686430310,    1.91772874047981,
   20,     9.17187161667434,    2.57505775585539,    1.71658631696174,    4.42030890908756,    1.91110145624409,
   21,     9.52178118950262,    2.58423808465629,    1.71039312693830,    4.42006305836832,    1.90855518754164,
   22,     9.87020316842369,    2.58846100335296,    1.70757672921629,    4.41999577380935,    1.90743775082861,
   23,     10.43083746219810,    2.58506233671687,    1.70982948034321,    4.42001579184340,    1.90833517732950,
   24,     10.77542173105216,    2.57660378283853,    1.71543014946735,    4.41998381231283,    1.91056161207530,
   25,     11.11856584066889,    2.56338776648279,    1.72421914640685,    4.41984226663472,    1.91402394409910,
   26,     11.67069779297735,    2.53167998012758,    1.74595523172255,    4.42019990635099,    1.92225671060119,
   27,     12.00999672506730,    2.50565048175859,    1.76402398151864,    4.42002753912590,    1.92896110533751,
   28,     12.34780614170175,    2.47491008842028,    1.78581495637322,    4.41973145157989,    1.93664652998485,
   29,     12.89119869824552,    2.41466284249639,    1.83080425713170,    4.42077501158012,    1.95174155820787,
   30,     13.22501929213895,    2.36878756884275,    1.86432661769232,    4.41619371625221,    1.96241811598398,
   31,     13.55714194298777,    2.32087805981322,    1.90497549057102,    4.42121582054819,    1.97508054958896,
   32,     14.09290658903980,    2.24732107063365,    1.96296362627902,    4.41140951822428,    1.99160685810724,
   33,     14.42533757545632,    2.21878722073573,    1.99367082347571,    4.42353134548159,    1.99905085769980,
   34,     14.76246212724678,    2.20827004238000,    1.99798212499583,    4.41208407183902,    1.99972314064287,
   35,     15.31801577452678,    2.21252348692815,    2.00220390697377,    4.42992316979878,    2.00153889817154,
   36,     15.66337474163444,    2.21630052514078,    2.00332383451654,    4.43996766646605,    2.00332383451654,
   37,     16.00845623358290,    2.21355415969110,    2.00133582880739,    4.43006524879544,    2.00133582880739,
   38,     16.56739745560625,    2.20906472179554,    1.99959061120011,    4.41722507723574,    1.99959061120011,
   39,     16.91296596450184,    2.20863958694394,    1.99960958717841,    4.41641689267487,    1.99960958717841,
   40,     17.25850092927572,    2.20995519703580,    1.99990944572581,    4.41971027318273,    1.99990944572581,
   41,     17.81750800059134,    2.21005530331309,    2.00007850016361,    4.42028409632907,    2.00007850016361,
   42,     18.16299570115049,    2.21000558780404,    1.99994633381352,    4.41989257303607,    1.99994633381352,
   43,     18.50849156687152,    2.20997898531599,    1.99998820117622,    4.41993189547936,    1.99998820117622,
   44,     19.06750861373040,    2.21000445501001,    2.00000514249999,    4.42002027496792,    2.00000514249999,
   45,     19.41299974410249,    2.21000398005749,    1.99999736675200,    4.42000214062641,    1.99999736675200,
   46,     19.75849147529563,    2.20999822059489,    1.99999929328936,    4.41999487936053,    1.99999929328936,
   47,     20.31750850658140,    2.21000021716881,    2.00000018240435,    4.42000083745126,    2.00000018240435,
   48,     20.66299998925909,    2.21000033930350,    1.99999994337233,    4.42000055345982,    1.99999994337233,
   49,     21.00849150008403,    2.20999988979969,    1.99999996992136,    4.41999971312559,    1.99999996992136,
   50,     21.56750849773500,    2.21000000866132,    2.00000000167921,    4.42000002103369,    2.00000000167921,
   51,     21.91299999968335,    2.21000002170805,    2.00000000297264,    4.42000004998564,    2.00000000297264,
   52,     22.25849150262670,    2.20999999398367,    1.99999999907398,    4.41999998592085,    1.99999999907398,
   53,     22.81750849721617,    2.21000000030694,    1.99999999965767,    4.41999999985734,    1.99999999965767,
   54,     23.16299999999638,    2.21000000124085,    2.00000000046559,    4.42000000351066,    2.00000000046559,
   55,     23.50849150280165,    2.20999999968704,    1.99999999998576,    4.41999999934260,    1.99999999998576,
   56,     24.06750849718892,    2.21000000001066,    1.99999999996388,    4.41999999994149,    1.99999999996388,
   57,     24.41300000000030,    2.21000000006708,    2.00000000003736,    4.42000000021672,    2.00000000003736,
   58,     24.75849150281194,    2.20999999998370,    2.00000000000054,    4.41999999996861,    2.00000000000054,
   59,     25.31750849718759,    2.21000000000175,    1.99999999999723,    4.41999999999737,    1.99999999999723,
   60,     25.66300000000015,    2.21000000000193,    2.00000000000341,    4.42000000001141,    2.00000000000341,
