 indi,                  x_v,                   v,                   H,                   q,                 eta
    0,     -0.00000000000000,    -0.00000000000001,    1.00000000000022,    -0.00000000000001,    1.00000000000022,
    1,     0.00172673164646,    0.00000000000002,    0.99999999999996,    0.00000000000002,    0.99999999999996,
    2,     0.00500000000000,    -0.00000000000001,    0.99999999999999,    -0.00000000000001,    0.99999999999999,
    3,     0.00827326835354,    -0.00000000000005,    1.00000000000005,    -0.00000000000005,    1.00000000000005,
    4,     0.01000000000000,    0.00000000000002,    0.99999999999984,    0.00000000000002,    0.99999999999984,
    5,     0.01172673164646,    0.00000000000018,    0.99999999999999,    0.00000000000018,    0.99999999999999,
    6,     0.01500000000000,    -0.00000000000024,    1.00000000000006,    -0.00000000000024,    1.00000000000006,
    7,     0.01827326835354,    0.00000000000008,    0.99999999999998,    0.00000000000008,    0.99999999999998,
    8,     0.02000000000000,    0.00000000000016,    0.99999999999995,    0.00000000000016,    0.99999999999995,
    9,     0.02172673164646,    0.00000000000011,    0.99999999999997,    0.00000000000011,    0.99999999999997,
   10,     0.02500000000000,    -0.00000000000010,    1.00000000000001,    -0.00000000000010,    1.00000000000001,
   11,     0.02827326835354,    0.00000000000031,    0.99999999999998,    0.00000000000031,    0.99999999999998,
   12,     0.03000000000000,    -0.00000000000007,    0.99999999999992,    -0.00000000000007,    0.99999999999992,
   13,     0.03172673164646,    -0.00000000000021,    1.00000000000001,    -0.00000000000021,    1.00000000000001,
   14,     0.03500000000000,    0.00000000000008,    1.00000000000002,    0.00000000000008,    1.00000000000002,
   15,     0.03827326835354,    0.00000000000004,    0.99999999999994,    0.00000000000004,    0.99999999999994,
   16,     0.04000000000000,    0.00000000000012,    0.99999999999995,    0.00000000000012,    0.99999999999995,
   17,     0.04172673164646,    -0.00000000000012,    1.00000000000008,    -0.00000000000012,    1.00000000000008,
   18,     0.04500000000000,    -0.00000000000006,    0.99999999999998,    -0.00000000000006,    0.99999999999998,
   19,     0.04827326835354,    -0.00000000000006,    1.00000000000003,    -0.00000000000006,    1.00000000000003,
   20,     0.05000000000000,    0.00000000000007,    1.00000000000018,    0.00000000000007,    1.00000000000018,
   21,     0.05172673164646,    0.00000000000002,    0.99999999999991,    0.00000000000002,    0.99999999999991,
   22,     0.05500000000000,    0.00000000000012,    0.99999999999999,    0.00000000000012,    0.99999999999999,
   23,     0.05827326835354,    -0.00000000000025,    1.00000000000010,    -0.00000000000025,    1.00000000000010,
   24,     0.06000000000000,    -0.00000000000077,    1.00000000000005,    -0.00000000000077,    1.00000000000005,
   25,     0.06172673164646,    0.00000000000008,    1.00000000000000,    0.00000000000008,    1.00000000000000,
   26,     0.06500000000000,    0.00000000000016,    0.99999999999995,    0.00000000000016,    0.99999999999995,
   27,     0.06827326835354,    0.00000000000010,    0.99999999999995,    0.00000000000010,    0.99999999999995,
   28,     0.07000000000000,    0.00000000000047,    0.99999999999997,    0.00000000000047,    0.99999999999997,
   29,     0.07172673164646,    -0.00000000000017,    1.00000000000000,    -0.00000000000017,    1.00000000000000,
   30,     0.07500000000000,    -0.00000000000014,    1.00000000000007,    -0.00000000000014,    1.00000000000007,
   31,     0.07827326835354,    -0.00000000000023,    1.00000000000008,    -0.00000000000023,    1.00000000000008,
   32,     0.08000000000000,    0.00000000000064,    0.99999999999992,    0.00000000000064,    0.99999999999992,
   33,     0.08172673164646,    0.00000000000006,    0.99999999999989,    0.00000000000006,    0.99999999999989,
   34,     0.08500000000000,    -0.00000000000005,    1.00000000000005,    -0.00000000000005,    1.00000000000005,
   35,     0.08827326835354,    -0.00000000000011,    1.00000000000008,    -0.00000000000011,    1.00000000000008,
   36,     0.09000000000000,    0.00000000000026,    0.99999999999980,    0.00000000000026,    0.99999999999980,
   37,     0.09172673164646,    0.00000000000022,    0.99999999999992,    0.00000000000022,    0.99999999999992,
   38,     0.09500000000000,    -0.00000000000032,    1.00000000000014,    -0.00000000000032,    1.00000000000014,
   39,     0.09827326835354,    0.00000000000064,    0.99999999999979,    0.00000000000064,    0.99999999999979,
   40,     0.10000000000000,    0.00000000000119,    0.99999999999928,    0.00000000000119,    0.99999999999928,
   41,     0.10172673164646,    -0.00000000000079,    1.00000000000052,    -0.00000000000079,    1.00000000000052,
   42,     0.10500000000000,    -0.00000000000331,    1.00000000000056,    -0.00000000000331,    1.00000000000056,
   43,     0.10827326835354,    0.00000000001581,    0.99999999999638,    0.00000000001581,    0.99999999999638,
   44,     0.11000000000001,    0.00000000000870,    0.99999999998376,    0.00000000000870,    0.99999999998376,
   45,     0.11172673164646,    -0.00000000003400,    1.00000000002148,    -0.00000000003400,    1.00000000002148,
   46,     0.11499999999996,    -0.00000000001400,    0.99999999999007,    -0.00000000001400,    0.99999999999007,
   47,     0.11827326835363,    0.00000000028542,    0.99999999993918,    0.00000000028542,    0.99999999993918,
   48,     0.12000000000019,    -0.00000000008300,    0.99999999976793,    -0.00000000008300,    0.99999999976793,
   49,     0.12172673164640,    -0.00000000080112,    1.00000000046359,    -0.00000000080112,    1.00000000046359,
   50,     0.12499999999941,    0.00000000053515,    0.99999999956690,    0.00000000053515,    0.99999999956690,
   51,     0.12827326835568,    0.00000000373877,    0.99999999925310,    0.00000000373877,    0.99999999925310,
   52,     0.13000000000225,    -0.00000000434375,    0.99999999786096,    -0.00000000434375,    0.99999999786096,
   53,     0.13172673164358,    -0.00000001334604,    1.00000000717526,    -0.00000001334604,    1.00000000717526,
   54,     0.13499999999302,    0.00000001596613,    0.99999999139411,    0.00000001596613,    0.99999999139411,
   55,     0.13827326838856,    0.00000003867508,    0.99999999250860,    0.00000003867508,    0.99999999250860,
   56,     0.14000000002260,    -0.00000008267846,    0.99999999151950,    -0.00000008267845,    0.99999999151950,
   57,     0.14172673159328,    -0.00000017565141,    1.00000008617108,    -0.00000017565142,    1.00000008617108,
   58,     0.14499999990434,    0.00000019221743,    0.99999990423525,    0.00000019221741,    0.99999990423525,
   59,     0.14827326860427,    0.00000005000652,    1.00000001834569,    0.00000005000652,    1.00000001834569,
   60,     0.14999999982896,    -0.00000139943550,    1.00000177928240,    -0.00000139943799,    1.00000177928240,
   61,     0.15172673070281,    -0.00000161765395,    0.99999923762420,    -0.00000161765272,    0.99999923762420,
   62,     0.15500000031554,    0.00000900926764,    0.99999861317829,    0.00000900925514,    0.99999861317829,
   63,     0.15827331233185,    0.00010033458713,    0.99996513756106,    0.00010033108923,    0.99996513756106,
   64,     0.16000014145871,    0.00029225738423,    0.99990984915140,    0.00029223103698,    0.99990984915140,
   65,     0.16172713148406,    0.00075862763371,    0.99977077128932,    0.00075845373447,    0.99977077128932,
   66,     0.16500230409421,    0.00340929988792,    0.99890567762829,    0.00340556901478,    0.99890567762829,
   67,     0.16828214497571,    0.00992575753610,    0.99685050187040,    0.00989449638131,    0.99685050187040,
   68,     0.17001575620761,    0.01513847807059,    0.99520192744927,    0.01506584255450,    0.99520192744927,
   69,     0.17175234728572,    0.02135409953311,    0.99332382759137,    0.02121153588299,    0.99332382759137,
   70,     0.17505474026745,    0.03528068668158,    0.98889657386519,    0.03488895018302,    0.98889657386519,
   71,     0.17837325572422,    0.05117229699355,    0.98374022185604,    0.05034024679732,    0.98374022185604,
   72,     0.18013112163372,    0.06017487401052,    0.98089420880414,    0.05902518543244,    0.98089420880414,
   73,     0.18189381962595,    0.06948218618922,    0.97819948583000,    0.06796743880464,    0.97819948583000,
   74,     0.18524959857928,    0.08774834726422,    0.97254434469424,    0.08533915888808,    0.97254434469424,
   75,     0.18862582642284,    0.10672421314179,    0.96639197839467,    0.10313742348071,    0.96639197839467,
   76,     0.19041576897938,    0.11702013867877,    0.96304936240996,    0.11269616994372,    0.96304936240996,
   77,     0.19221135605480,    0.12745173521337,    0.96014276156997,    0.12237186101465,    0.96014276156997,
   78,     0.19563123341282,    0.14748481988806,    0.95403046749753,    0.14070501166659,    0.95403046749753,
   79,     0.19907410397119,    0.16796961407656,    0.94736205703126,    0.15912803911031,    0.94736205703126,
   80,     0.20090035774011,    0.17901441718695,    0.94372304863270,    0.16894003153688,    0.94372304863270,
   81,     0.20273278012442,    0.19015943490652,    0.94079141008574,    0.17890036290682,    0.94079141008574,
   82,     0.20622351320068,    0.21140094417902,    0.93450008436448,    0.19755420017002,    0.93450008436448,
   83,     0.20973918966666,    0.23289276085428,    0.92748650883275,    0.21600489369715,    0.92748650883275,
   84,     0.21160490691030,    0.24440556426389,    0.92359923201136,    0.22573279145344,    0.92359923201136,
   85,     0.21347727335046,    0.25598829300253,    0.92069391575716,    0.23568686387249,    0.92069391575716,
   86,     0.21704459511377,    0.27800269945535,    0.91430462024636,    0.25417915255299,    0.91430462024636,
   87,     0.22063870457658,    0.30029757438583,    0.90701763078488,    0.27237519444988,    0.90701763078488,
   88,     0.22254683663646,    0.31226325304519,    0.90292242451808,    0.28194949352746,    0.90292242451808,
   89,     0.22446203800392,    0.32429286714508,    0.90010076031463,    0.29189625628190,    0.90010076031463,
   90,     0.22811124699948,    0.34708814091860,    0.89367940567404,    0.31018552349264,    0.89367940567404,
   91,     0.23178910049574,    0.37006964437964,    0.88613150766454,    0.32793037191500,    0.88613150766454,
   92,     0.23374255501416,    0.38237414468070,    0.88181586957061,    0.33718358889293,    0.88181586957061,
   93,     0.23570354904787,    0.39473894245760,    0.87908275308143,    0.34700819628407,    0.87908275308143,
   94,     0.23944025012328,    0.41816413234535,    0.87265848225960,    0.36491447706789,    0.87265848225960,
   95,     0.24320746686434,    0.44183264417394,    0.86489254653694,    0.38213776076275,    0.86489254653694,
   96,     0.24520924170450,    0.45451657966979,    0.86037662308057,    0.39105543995043,    0.86037662308057,
   97,     0.24721900753184,    0.46724506854436,    0.85776683608266,    0.40078732412052,    0.85776683608266,
   98,     0.25104876483845,    0.49130566850259,    0.85136101399985,    0.41827849212024,    0.85136101399985,
   99,     0.25491109527301,    0.51556589352218,    0.84335424234293,    0.43480468350925,    0.84335424234293,
  100,     0.25696439839921,    0.52855717090341,    0.83861930882558,    0.44325824933782,    0.83861930882558,
  101,     0.25902619370162,    0.54160422161857,    0.83614255713268,    0.45285833881800,    0.83614255713268,
  102,     0.26295513115629,    0.56628393435026,    0.82979380994832,    0.46989890339703,    0.82979380994832,
  103,     0.26691869062315,    0.59116774215451,    0.82158750306244,    0.48569602916778,    0.82158750306244,
  104,     0.26902681761018,    0.60447644234069,    0.81663928514940,    0.49363920976275,    0.81663928514940,
  105,     0.27114396004460,    0.61782592128361,    0.81431644046347,    0.50310580504573,    0.81431644046347,
  106,     0.27517832064446,    0.64304485850489,    0.80803163329019,    0.51960058729656,    0.80803163329019,
  107,     0.27924958348119,    0.66845681830008,    0.79961011921500,    0.53450483617101,    0.79961011921500,
  108,     0.28141612305103,    0.68206294811590,    0.79444590176953,    0.54186211387953,    0.79444590176953,
  109,     0.28359221530964,    0.69572004616767,    0.79230103409431,    0.55121971201879,    0.79230103409431,
  110,     0.28773869991106,    0.72150300728043,    0.78611942207606,    0.56718752710943,    0.78611942207606,
  111,     0.29192440825501,    0.74742321876780,    0.77750821392021,    0.58112769186664,    0.77750821392021,
  112,     0.29415304115955,    0.76128744775992,    0.77212792298402,    0.58781129583267,    0.77212792298402,
  113,     0.29639181716035,    0.77519836796202,    0.77016741480965,    0.59703252301797,    0.77016741480965,
  114,     0.30065744758574,    0.80142723786913,    0.76410538459070,    0.61237486781345,    0.76410538459070,
  115,     0.30496474346979,    0.82780294074110,    0.75532555737769,    0.62526071761416,    0.75532555737769,
  116,     0.30725935678932,    0.84191539936061,    0.74974345473601,    0.63122056011207,    0.74974345473601,
  117,     0.30956471335828,    0.85606317427796,    0.74798595091968,    0.64032322745962,    0.74798595091968,
  118,     0.31395672372101,    0.88269367609954,    0.74207461564251,    0.65502457042164,    0.74207461564251,
  119,     0.31839291810403,    0.90942894758849,    0.73314552525277,    0.66674376345983,    0.73314552525277,
  120,     0.32075752075243,    0.92371454008335,    0.72736540872152,    0.67187800398973,    0.72736540872152,
  121,     0.32313350331363,    0.93803719126227,    0.72582244751470,    0.68084845002180,    0.72582244751470,
  122,     0.32765938731235,    0.96498136669313,    0.72009953352134,    0.69488263201251,    0.72009953352134,
  123,     0.33223192987639,    0.99197746312414,    0.71106761548277,    0.70536304931632,    0.71106761548277,
  124,     0.33467053213593,    1.00637517081307,    0.70510771519836,    0.70960289732436,    0.70510771519836,
  125,     0.33712117803168,    1.02080093867212,    0.70378964362588,    0.71842912884102,    0.70378964362588,
  126,     0.34178838091768,    1.04789917789313,    0.69828726790610,    0.73173465397204,    0.69828726790610,
  127,     0.34650465747771,    1.07499084527100,    0.68920247944081,    0.74088635593695,    0.68920247944081,
  128,     0.34902118975430,    1.08941263295921,    0.68309704792692,    0.74417455354873,    0.68309704792692,
  129,     0.35155043262807,    1.10385086318043,    0.68200885187452,    0.75283605983839,    0.68200885187452,
  130,     0.35636613848485,    1.13092407887028,    0.67677129911646,    0.76537695805913,    0.67677129911646,
  131,     0.36123308215376,    1.15789920008838,    0.66770754380292,    0.77313803086237,    0.66770754380292,
  132,     0.36383114549747,    1.17220200276400,    0.66149889995745,    0.77541033535631,    0.66149889995745,
  133,     0.36644259002693,    1.18651089430141,    0.66063755251182,    0.78385365323990,    0.66063755251182,
  134,     0.37141331278071,    1.21330514852880,    0.65571440031372,    0.79558165786511,    0.65571440031372,
  135,     0.37643695817763,    1.23987696691756,    0.64677580309529,    0.80192242101746,    0.64677580309529,
  136,     0.37911950577068,    1.25388722877351,    0.64052973878925,    0.80315205911747,    0.64052973878925,
  137,     0.38181608138732,    1.26788479613827,    0.63988243721461,    0.81129721346030,    0.63988243721461,
  138,     0.38694700870006,    1.29404586724484,    0.63532697892256,    0.82214225142388,    0.63532697892256,
  139,     0.39213178176680,    1.31983358801992,    0.62664825526165,    0.82707141516841,    0.62664825526165,
  140,     0.39490068600568,    1.33331900367701,    0.62045834141023,    0.82726889759218,    0.62045834141023,
  141,     0.39768419509494,    1.34676495438307,    0.61999951303331,    0.83499361588783,    0.61999951303331,
  142,     0.40297833929725,    1.37184704560408,    0.61587198894996,    0.84488216851131,    0.61587198894996,
  143,     0.40832608247639,    1.39635832760136,    0.60762653444232,    0.84846437144008,    0.60762653444232,
  144,     0.41118153744530,    1.40902485842340,    0.60161659582377,    0.84769273875575,    0.60161659582377,
  145,     0.41405203883357,    1.42161607033720,    0.60130640289475,    0.85482684555183,    0.60130640289475,
  146,     0.41950910184274,    1.44505425393851,    0.59767013126617,    0.86366576563817,    0.59767013126617,
  147,     0.42501787786683,    1.46769476272525,    0.59007019144806,    0.86604292962861,    0.59007019144806,
  148,     0.42795769264000,    1.47919620807804,    0.58439990180331,    0.86444211874864,    0.58439990180331,
  149,     0.43091275018458,    1.49057092717127,    0.58418479560582,    0.87076887242553,    0.58418479560582,
  150,     0.43652775157622,    1.51169881543003,    0.58110020107433,    0.87844848561022,    0.58110020107433,
  151,     0.44219049835543,    1.53179467909639,    0.57438397392034,    0.87983831500942,    0.57438397392034,
  152,     0.44520939838359,    1.54176447577859,    0.56924387191553,    0.87763997977402,    0.56924387191553,
  153,     0.44824332061133,    1.55153724678523,    0.56906509695984,    0.88292569377864,    0.56906509695984,
  154,     0.45400521477395,    1.56964574665855,    0.56658021867214,    0.88933023037960,    0.56658021867214,
  155,     0.45980856890573,    1.58652911882850,    0.56097999051755,    0.89001109003622,    0.56097999051755,
  156,     0.46289774011912,    1.59464287127895,    0.55657209712755,    0.88753372703723,    0.55657209712755,
  157,     0.46600107238660,    1.60247351168169,    0.55638091592735,    0.89158568017878,    0.55638091592735,
  158,     0.47189185368885,    1.61694385941402,    0.55451578765133,    0.89662089779094,    0.55451578765133,
  159,     0.47781574096483,    1.63010656656928,    0.55020137737464,    0.89688687819387,    0.55020137737464,
  160,     0.48096300131296,    1.63617964578995,    0.54669855507163,    0.89449704819097,    0.54669855507163,
  161,     0.48412271791821,    1.64188571234363,    0.54647518629593,    0.89724980052961,    0.54647518629593,
  162,     0.49011784193936,    1.65239676726209,    0.54520260695656,    0.90089102523789,    0.54520260695656,
  163,     0.49613662055261,    1.66169045679055,    0.54220987706886,    0.90098497830291,    0.54220987706886,
  164,     0.49932757897665,    1.66577412774692,    0.53969585354769,    0.89901138969203,    0.53969585354769,
  165,     0.50252843600746,    1.66944514888350,    0.53945940436995,    0.90059788564500,    0.53945940436995,
  166,     0.50859939506558,    1.67618236125196,    0.53869316414347,    0.90294797986429,    0.53869316414347,
  167,     0.51468503184388,    1.68196446095299,    0.53687711710840,    0.90300823087523,    0.53687711710840,
  168,     0.51790519250933,    1.68437271544385,    0.53529435376109,    0.90163520420632,    0.53529435376109,
  169,     0.52113220432653,    1.68639548341207,    0.53508851565055,    0.90237085601876,    0.53508851565055,
  170,     0.52725115652323,    1.69009248586533,    0.53469448695305,    0.90368313463297,    0.53469448695305,
  171,     0.53337779285098,    1.69317950522923,    0.53375713495319,    0.90374664167261,    0.53375713495319,
  172,     0.53661487933041,    1.69440050916967,    0.53290789940242,    0.90295941608799,    0.53290789940242,
  173,     0.53985595108635,    1.69533405943719,    0.53276754982977,    0.90321897298931,    0.53276754982977,
  174,     0.54600057038138,    1.69703351243376,    0.53260046802252,    0.90384084297213,    0.53260046802252,
  175,     0.55214850528471,    1.69842267169908,    0.53219771025270,    0.90389665691952,    0.53219771025270,
  176,     0.55539391571527,    1.69894979934142,    0.53181796089019,    0.90353201794055,    0.53181796089019,
  177,     0.55864121857905,    1.69931033354806,    0.53174597842193,    0.90360143595501,    0.53174597842193,
  178,     0.56479714320381,    1.69996564637988,    0.53169164254040,    0.90385752678598,    0.53169164254040,
  179,     0.57095421377900,    1.70049775411535,    0.53154965813189,    0.90389899985406,    0.53154965813189,
  180,     0.57420301597720,    1.70069723243790,    0.53140937049332,    0.90376644568956,    0.53140937049332,
  181,     0.57745253181628,    1.70082274770279,    0.53138471541907,    0.90379121176632,    0.53138471541907,
  182,     0.58361244171574,    1.70105295619274,    0.53137468073198,    0.90389647150511,    0.53137468073198,
  183,     0.58977265748859,    1.70124609619585,    0.53133243793688,    0.90392723582234,    0.53133243793688,
  184,     0.59302257232343,    1.70132289884605,    0.53128779491351,    0.90389209136378,    0.53128779491351,
  185,     0.59627269182047,    1.70137522472311,    0.53128684583166,    0.90391827671927,    0.53128684583166,
  186,     0.60243366380809,    1.70147367547003,    0.53129224877599,    0.90397977527362,    0.53129224877599,
  187,     0.60859466667135,    1.70156273779977,    0.53128157257018,    0.90400892716509,    0.53128157257018,
  188,     0.61184482640288,    1.70160310277680,    0.53126722921849,    0.90400596564182,    0.53126722921849,
  189,     0.61509501912307,    1.70163749271801,    0.53127558700078,    0.90403845780630,    0.53127558700078,
  190,     0.62125609609913,    1.70170493855687,    0.53128595535739,    0.90409193401757,    0.53128595535739,
  191,     0.62741712729642,    1.70177253629549,    0.53128351456683,    0.90412369407637,    0.53128351456683,
  192,     0.63066725839292,    1.70180677607072,    0.53127702402590,    0.90413083945796,    0.53127702402590,
  193,     0.63391737174171,    1.70184036664975,    0.53128953156278,    0.90416997119197,    0.53128953156278,
  194,     0.64007826485077,    1.70190681355739,    0.53130373901974,    0.90422945350621,    0.53130373901974,
  195,     0.64623906799680,    1.70197353650164,    0.53130500145454,    0.90426705228658,    0.53130500145454,
  196,     0.64948906223166,    1.70200791500722,    0.53130082798915,    0.90427821448742,    0.53130082798915,
  197,     0.65273901930170,    1.70204301164292,    0.53131618248781,    0.90432299537617,    0.53131618248781,
  198,     0.65889958278374,    1.70211374840307,    0.53133375072428,    0.90439048209836,    0.53133375072428,
  199,     0.66506002363376,    1.70218787904268,    0.53133732490546,    0.90443595413704,    0.53133732490546,
  200,     0.66830981738853,    1.70222608921645,    0.53132871522111,    0.90444160099923,    0.53132871522111,
  201,     0.67045454849948,    1.70225025010793,    0.53132865775826,    0.90445434055851,    0.53132865775826,
  202,     0.67152503731277,    1.70226348433370,    0.53133192732382,    0.90446693794398,    0.53133192732382,
  203,     0.67256671603493,    1.70227664896714,    0.53133167949076,    0.90447351085362,    0.53133167949076,
  204,     0.67332867993869,    1.70228583523219,    0.53133131314443,    0.90447776818108,    0.53133131314443,
  205,     0.67397864248323,    1.70229388617840,    0.53133432611100,    0.90448717485548,    0.53133432611100,
  206,     0.67521073062976,    1.70230915705964,    0.53133860876197,    0.90450257919484,    0.53133860876197,
  207,     0.67644281231339,    1.70232384735156,    0.53133990164058,    0.90451258561220,    0.53133990164058,
  208,     0.67709276623608,    1.70233125063635,    0.53133930593301,    0.90451550518119,    0.53133930593301,
  209,     0.67774271852481,    1.70233836454458,    0.53134273995135,    0.90452513094141,    0.53134273995135,
  210,     0.67897478687780,    1.70235205847375,    0.53134729505990,    0.90454016150967,    0.53134729505990,
  211,     0.68020684803335,    1.70236649528357,    0.53134890971397,    0.90455058120252,    0.53134890971397,
  212,     0.68085679086339,    1.70237459770310,    0.53134865488879,    0.90455445260638,    0.53134865488879,
  213,     0.68150673126639,    1.70238252541282,    0.53135254723940,    0.90456529125395,    0.53135254723940,
  214,     0.68273877700786,    1.70239810993991,    0.53135685817714,    0.90458091106436,    0.53135685817714,
  215,     0.68397081694816,    1.70241512502750,    0.53135755384469,    0.90459113646281,    0.53135755384469,
  216,     0.68462074960630,    1.70242468745653,    0.53135670297780,    0.90459476899490,    0.53135670297780,
  217,     0.68527067994615,    1.70243528064321,    0.53136084571549,    0.90460745049846,    0.53136084571549,
  218,     0.68650270640826,    1.70245523366970,    0.53136514376446,    0.90462536999146,    0.53136514376446,
  219,     0.68773472722299,    1.70247298940123,    0.53136580370102,    0.90463592829246,    0.53136580370102,
  220,     0.68838464972049,    1.70248081500667,    0.53136451555616,    0.90463789350967,    0.53136451555616,
  221,     0.68903457135408,    1.70248874295173,    0.53136796513040,    0.90464797899968,    0.53136796513040,
  222,     0.69026658004177,    1.70250346349278,    0.53137365225261,    0.90466548336888,    0.53137365225261,
  223,     0.69149857817123,    1.70251657664328,    0.53137700132584,    0.90467815320424,    0.53137700132584,
  224,     0.69214848598500,    1.70252293530347,    0.53137747326695,    0.90468233554059,    0.53137747326695,
  225,     0.69279839143810,    1.70252683789765,    0.53138131656692,    0.90469095261257,    0.53138131656692,
  226,     0.69403036892302,    1.70253576642045,    0.53138708832274,    0.90470552368349,    0.53138708832274,
  227,     0.69526233683799,    1.70255184868039,    0.53138937689756,    0.90471796600606,    0.53138937689756,
  228,     0.69591223023529,    1.70256455738649,    0.53138996465883,    0.90472571997897,    0.53138996465883,
  229,     0.69656211805328,    1.70257863615909,    0.53139596726939,    0.90474342121397,    0.53139596726939,
  230,     0.69779406383928,    1.70260628734287,    0.53139903521390,    0.90476333844312,    0.53139903521390,
  231,     0.69902601044143,    1.70263466148038,    0.53139553664142,    0.90477245964165,    0.53139553664142,
  232,     0.69967589836146,    1.70264868001355,    0.53139167860066,    0.90477334013960,    0.53139167860066,
  233,     0.70032578576615,    1.70266838810763,    0.53139620931697,    0.90479152716423,    0.53139620931697,
  234,     0.70155772913003,    1.70270259390634,    0.53140154352522,    0.90481878656623,    0.53140154352522,
  235,     0.70278966336183,    1.70271931762118,    0.53140440366769,    0.90483254359393,    0.53140440366769,
  236,     0.70343953745059,    1.70271812674229,    0.53140280200635,    0.90482918357786,    0.53140280200635,
  237,     0.70408941567470,    1.70271058297621,    0.53140357996023,    0.90482649942972,    0.53140357996023,
  238,     0.70532133594753,    1.70269704312287,    0.53141549834648,    0.90483959770421,    0.53141549834648,
  239,     0.70655322485187,    1.70269259657104,    0.53142975460280,    0.90486150875975,    0.53142975460280,
  240,     0.70720306445617,    1.70269837868645,    0.53143804801922,    0.90487870273462,    0.53143804801922,
  241,     0.70785289227479,    1.70269378433761,    0.53144553910142,    0.90488901614194,    0.53144553910142,
  242,     0.70908472189212,    1.70269404652505,    0.53144919103574,    0.90489537360711,    0.53144919103574,
  243,     0.71031655581620,    1.70273414574838,    0.53144150696716,    0.90490360038096,    0.53144150696716,
  244,     0.71096639051685,    1.70277592590373,    0.53143852320345,    0.90492072340866,    0.53143852320345,
  245,     0.71161621018833,    1.70283987351426,    0.53145256690926,    0.90497862181459,    0.53145256690926,
  246,     0.71284803331699,    1.70295562280897,    0.53144557246965,    0.90502822585412,    0.53144557246965,
  247,     0.71407989439766,    1.70302706652647,    0.53142220459514,    0.90502639817869,    0.53142220459514,
  248,     0.71472975607677,    1.70303273538833,    0.53140075527549,    0.90499288184425,    0.53140075527549,
  249,     0.71537964393869,    1.70305224908181,    0.53139520421909,    0.90499379769661,    0.53139520421909,
  250,     0.71661157629227,    1.70307146484543,    0.53141625494216,    0.90503985974702,    0.53141625494216,
  251,     0.71784343590339,    1.70301694510852,    0.53145738211205,    0.90508092733983,    0.53145738211205,
  252,     0.71849322887921,    1.70295459943936,    0.53147468628652,    0.90507726149721,    0.53147468628652,
  253,     0.71914303226717,    1.70282909512103,    0.53146474249402,    0.90499362654982,    0.53146474249402,
  254,     0.72037479058890,    1.70261653768154,    0.53149798588594,    0.90493726051382,    0.53149798588594,
  255,     0.72160645209063,    1.70255800860697,    0.53154260405263,    0.90498211744561,    0.53154260405263,
  256,     0.72225614692484,    1.70262674541433,    0.53158440438845,    0.90508982435691,    0.53158440438845,
  257,     0.72290575690160,    1.70269688631805,    0.53162722447630,    0.90520001979770,    0.53162722447630,
  258,     0.72413720399353,    1.70286188928762,    0.53158439636675,    0.90521480951290,    0.53158439636675,
  259,     0.72536884386520,    1.70312630466691,    0.53146545565247,    0.90515279754351,    0.53146545565247,
  260,     0.72601869417427,    1.70329396020868,    0.53139590965000,    0.90512344338645,    0.53139590965000,
  261,     0.72666855254609,    1.70361977733844,    0.53142103184162,    0.90533937993898,    0.53142103184162,
  262,     0.72790047059720,    1.70415658595951,    0.53139240980505,    0.90557587489817,    0.53139240980505,
  263,     0.72913247493924,    1.70425191348215,    0.53135815386362,    0.90556815046641,    0.53135815386362,
  264,     0.72978240666599,    1.70403650527116,    0.53129022496090,    0.90533793822709,    0.53129022496090,
  265,     0.73043253225502,    1.70372955092270,    0.53119414756701,    0.90501116648711,    0.53119414756701,
  266,     0.73166481524861,    1.70311526199744,    0.53134924625830,    0.90494901075334,    0.53134924625830,
  267,     0.73289651636320,    1.70249926478703,    0.53167807212297,    0.90518152689274,    0.53167807212297,
  268,     0.73354593146457,    1.70225327949719,    0.53188924920546,    0.90541021878929,    0.53188924920546,
  269,     0.73419520171965,    1.70166208677106,    0.53190668877029,    0.90512544598033,    0.53190668877029,
  270,     0.73542593779931,    1.70076328009952,    0.53192636270562,    0.90468082540661,    0.53192636270562,
  271,     0.73665672815700,    1.70097560740088,    0.53184008262139,    0.90464700757706,    0.53184008262139,
  272,     0.73730614170796,    1.70172026395827,    0.53188988064465,    0.90512778808734,    0.53188988064465,
  273,     0.73795513406701,    1.70289950083473,    0.53214788310767,    0.90619436451431,    0.53214788310767,
  274,     0.73918566025281,    1.70507095470336,    0.53178046459842,    0.90672342446543,    0.53178046459842,
  275,     0.74041756117669,    1.70659187520760,    0.53101659614846,    0.90622860858735,    0.53101659614846,
  276,     0.74106818623788,    1.70683860017645,    0.53045767839240,    0.90540564124013,    0.53045767839240,
  277,     0.74171939269748,    1.70770853859633,    0.53030309248972,    0.90560311908874,    0.53030309248972,
  278,     0.74295373106739,    1.70885303590307,    0.53050078905398,    0.90654788392386,    0.53050078905398,
  279,     0.74418709402231,    1.70760345801842,    0.53116051350781,    0.90701152962878,    0.53116051350781,
  280,     0.74483693477934,    1.70567352820764,    0.53134696983773,    0.90630446074556,    0.53134696983773,
  281,     0.74548749784510,    1.70234973146108,    0.53080788489790,    0.90362066031337,    0.53080788489790,
  282,     0.74672006997596,    1.69648121992175,    0.53164689753744,    0.90192897730192,    0.53164689753744,
  283,     0.74794965291144,    1.69325132409453,    0.53324897604708,    0.90292453476377,    0.53324897604708,
  284,     0.74859674665079,    1.69366610664113,    0.53462753771469,    0.90548054030437,    0.53462753771469,
  285,     0.74924191551239,    1.69341823079540,    0.53533401248238,    0.90654437630251,    0.53533401248238,
  286,     0.75046560655739,    1.69416229634103,    0.53434921562705,    0.90527429419476,    0.53434921562705,
  287,     0.75169342048710,    1.69918169040775,    0.53177823283239,    0.90358783658620,    0.53177823283239,
  288,     0.75234397898755,    1.70403740258903,    0.53054650433760,    0.90407108720413,    0.53054650433760,
  289,     0.75299380194120,    1.71295458796522,    0.53149725251503,    0.91043065718652,    0.53149725251503,
  290,     0.75422685532420,    1.72746686365502,    0.53003065951312,    0.91561040103014,    0.53003065951312,
  291,     0.75546477865924,    1.73210938264295,    0.52764669154424,    0.91394178514429,    0.52764669154424,
  292,     0.75611992322421,    1.72790938073661,    0.52506220360432,    0.90725990707815,    0.52506220360432,
  293,     0.75678003614117,    1.72392125965929,    0.52307933717480,    0.90174758984412,    0.52307933717480,
  294,     0.75802942552444,    1.71653621609607,    0.52562494494395,    0.90225425407978,    0.52562494494395,
  295,     0.75926714394118,    1.70129421221828,    0.53311767139649,    0.90699000877814,    0.53311767139649,
  296,     0.75991135226599,    1.68909241131891,    0.53829304144402,    0.90922669136887,    0.53829304144402,
  297,     0.76055442179147,    1.66719003602707,    0.53694022806358,    0.89518139816971,    0.53694022806358,
  298,     0.76177269453999,    1.63917470120876,    0.53813435951555,    0.88209622796907,    0.53813435951555,
  299,     0.76298611144695,    1.62755218640579,    0.54114980907035,    0.88074955492552,    0.54114980907035,
  300,     0.76362305852223,    1.64167534802612,    0.54712877180332,    0.89820781686532,    0.54712877180332,
  301,     0.76425070573742,    1.66457566958833,    0.54848271132997,    0.91299097646971,    0.54848271132997,
  302,     0.76546041419774,    1.70574308141835,    0.53203092106044,    0.90750806269947,    0.53203092106044,
  303,     0.76671822339542,    1.72134776430101,    0.50889183019149,    0.87597981417118,    0.50889183019149,
  304,     0.76740467320916,    1.71588471601584,    0.48211143619647,    0.82724764478597,    0.48211143619647,
  305,     0.76816919992192,    1.69728149552658,    0.43807695508374,    0.74353990948026,    0.43807695508374,
  306,     0.76973880840715,    1.62418565878705,    0.40146725417963,    0.65205735671116,    0.40146725417963,
  307,     0.77136603215879,    1.38996535715292,    0.41301173840243,    0.57407200847689,    0.41301173840243,
  308,     0.77217428458949,    1.15061559052400,    0.44672477331027,    0.51400848884409,    0.44672477331027,
  309,     0.77305657650871,    0.89253085882786,    0.34734501187152,    0.31001614175526,    0.34734501187152,
  310,     0.77537520208812,    0.36804124490197,    0.23772882242257,    0.08749401175348,    0.23772882242257,
  311,     0.77843665967299,    0.18805590932329,    0.19960102590263,    0.03753615242798,    0.19960102590263,
  312,     0.78019163954238,    0.18843374384302,    0.21184099527560,    0.03991799183921,    0.21184099527560,
  313,     0.78178356642754,    0.06341557322728,    0.21013753632149,    0.01332599232240,    0.21013753632149,
  314,     0.78500284553187,    0.00528376946086,    0.19981932873899,    0.00105579926688,    0.19981932873899,
  315,     0.78827427185511,    0.00185216428582,    0.20048871496330,    0.00037133803756,    0.20048871496330,
  316,     0.79000190862670,    0.00365838532133,    0.19964595224476,    0.00073038182115,    0.19964595224476,
  317,     0.79172692692237,    0.00044527693028,    0.20009613699096,    0.00008909819364,    0.20009613699096,
  318,     0.79499998456610,    -0.00002616900477,    0.19998142609844,    -0.00000523331489,    0.19998142609844,
  319,     0.79827327367661,    0.00000990174583,    0.20001287225038,    0.00000198047662,    0.20001287225038,
  320,     0.79999999768659,    -0.00000338596917,    0.19998800861701,    -0.00000067715323,    0.19998800861701,
  321,     0.80172673133389,    -0.00000061912260,    0.19999988340897,    -0.00000012382445,    0.19999988340897,
  322,     0.80500000002141,    0.00000002897575,    0.20000001843401,    0.00000000579515,    0.20000001843401,
  323,     0.80827326834614,    -0.00000001080468,    0.19999998691723,    -0.00000000216094,    0.19999998691723,
  324,     0.81000000000321,    0.00000000339902,    0.20000001210617,    0.00000000067980,    0.20000001210617,
  325,     0.81172673164696,    0.00000000093870,    0.20000000016186,    0.00000000018774,    0.20000000016186,
  326,     0.81499999999997,    -0.00000000003756,    0.19999999997816,    -0.00000000000751,    0.19999999997816,
  327,     0.81827326835355,    0.00000000001506,    0.20000000001595,    0.00000000000301,    0.20000000001595,
  328,     0.82000000000000,    -0.00000000000374,    0.19999999998533,    -0.00000000000075,    0.19999999998533,
  329,     0.82172673164646,    -0.00000000000164,    0.19999999999974,    -0.00000000000033,    0.19999999999974,
  330,     0.82500000000000,    0.00000000000014,    0.20000000000004,    0.00000000000003,    0.20000000000004,
  331,     0.82827326835354,    -0.00000000000007,    0.19999999999997,    -0.00000000000001,    0.19999999999997,
  332,     0.83000000000000,    0.00000000000009,    0.20000000000004,    0.00000000000002,    0.20000000000004,
  333,     0.83172673164646,    -0.00000000000002,    0.20000000000000,    -0.00000000000000,    0.20000000000000,
  334,     0.83500000000000,    -0.00000000000002,    0.20000000000000,    -0.00000000000000,    0.20000000000000,
  335,     0.83827326835354,    0.00000000000002,    0.20000000000000,    0.00000000000000,    0.20000000000000,
  336,     0.84000000000000,    0.00000000000001,    0.20000000000000,    0.00000000000000,    0.20000000000000,
  337,     0.84172673164646,    -0.00000000000002,    0.20000000000000,    -0.00000000000000,    0.20000000000000,
  338,     0.84500000000000,    -0.00000000000001,    0.20000000000000,    -0.00000000000000,    0.20000000000000,
  339,     0.84827326835354,    0.00000000000002,    0.20000000000000,    0.00000000000000,    0.20000000000000,
  340,     0.85000000000000,    -0.00000000000000,    0.20000000000000,    -0.00000000000000,    0.20000000000000,
  341,     0.85172673164646,    -0.00000000000002,    0.20000000000000,    -0.00000000000000,    0.20000000000000,
  342,     0.85500000000000,    -0.00000000000001,    0.20000000000000,    -0.00000000000000,    0.20000000000000,
  343,     0.85827326835354,    0.00000000000002,    0.20000000000000,    0.00000000000000,    0.20000000000000,
  344,     0.86000000000000,    -0.00000000000000,    0.20000000000000,    -0.00000000000000,    0.20000000000000,
  345,     0.86172673164646,    -0.00000000000002,    0.20000000000000,    -0.00000000000000,    0.20000000000000,
  346,     0.86500000000000,    -0.00000000000001,    0.20000000000000,    -0.00000000000000,    0.20000000000000,
  347,     0.86827326835354,    0.00000000000002,    0.20000000000000,    0.00000000000000,    0.20000000000000,
  348,     0.87000000000000,    0.00000000000000,    0.20000000000000,    0.00000000000000,    0.20000000000000,
  349,     0.87172673164646,    -0.00000000000004,    0.20000000000000,    -0.00000000000001,    0.20000000000000,
  350,     0.87500000000000,    0.00000000000000,    0.20000000000000,    0.00000000000000,    0.20000000000000,
  351,     0.87827326835354,    0.00000000000002,    0.20000000000000,    0.00000000000000,    0.20000000000000,
  352,     0.88000000000000,    -0.00000000000000,    0.20000000000000,    -0.00000000000000,    0.20000000000000,
  353,     0.88172673164646,    -0.00000000000004,    0.20000000000000,    -0.00000000000001,    0.20000000000000,
  354,     0.88500000000000,    -0.00000000000001,    0.20000000000000,    -0.00000000000000,    0.20000000000000,
  355,     0.88827326835354,    0.00000000000003,    0.20000000000000,    0.00000000000001,    0.20000000000000,
  356,     0.89000000000000,    0.00000000000001,    0.20000000000000,    0.00000000000000,    0.20000000000000,
  357,     0.89172673164646,    -0.00000000000003,    0.20000000000000,    -0.00000000000001,    0.20000000000000,
  358,     0.89500000000000,    -0.00000000000001,    0.20000000000000,    -0.00000000000000,    0.20000000000000,
  359,     0.89827326835354,    0.00000000000002,    0.20000000000000,    0.00000000000000,    0.20000000000000,
  360,     0.90000000000000,    -0.00000000000005,    0.20000000000000,    -0.00000000000001,    0.20000000000000,
  361,     0.90172673164646,    -0.00000000000002,    0.20000000000000,    -0.00000000000000,    0.20000000000000,
  362,     0.90500000000000,    -0.00000000000001,    0.20000000000000,    -0.00000000000000,    0.20000000000000,
  363,     0.90827326835354,    0.00000000000002,    0.20000000000000,    0.00000000000000,    0.20000000000000,
  364,     0.91000000000000,    -0.00000000000001,    0.20000000000000,    -0.00000000000000,    0.20000000000000,
  365,     0.91172673164646,    -0.00000000000002,    0.20000000000000,    -0.00000000000000,    0.20000000000000,
  366,     0.91500000000000,    0.00000000000000,    0.20000000000000,    0.00000000000000,    0.20000000000000,
  367,     0.91827326835354,    0.00000000000001,    0.20000000000000,    0.00000000000000,    0.20000000000000,
  368,     0.92000000000000,    -0.00000000000001,    0.20000000000000,    -0.00000000000000,    0.20000000000000,
  369,     0.92172673164646,    -0.00000000000002,    0.20000000000000,    -0.00000000000000,    0.20000000000000,
  370,     0.92500000000000,    -0.00000000000001,    0.20000000000000,    -0.00000000000000,    0.20000000000000,
  371,     0.92827326835354,    0.00000000000002,    0.20000000000000,    0.00000000000000,    0.20000000000000,
  372,     0.93000000000000,    -0.00000000000000,    0.20000000000000,    -0.00000000000000,    0.20000000000000,
  373,     0.93172673164646,    -0.00000000000002,    0.20000000000000,    -0.00000000000000,    0.20000000000000,
  374,     0.93500000000000,    -0.00000000000001,    0.20000000000000,    -0.00000000000000,    0.20000000000000,
  375,     0.93827326835354,    0.00000000000002,    0.20000000000000,    0.00000000000000,    0.20000000000000,
  376,     0.94000000000000,    0.00000000000001,    0.20000000000000,    0.00000000000000,    0.20000000000000,
  377,     0.94172673164646,    -0.00000000000001,    0.20000000000000,    -0.00000000000000,    0.20000000000000,
  378,     0.94500000000000,    -0.00000000000002,    0.20000000000000,    -0.00000000000000,    0.20000000000000,
  379,     0.94827326835354,    0.00000000000001,    0.20000000000000,    0.00000000000000,    0.20000000000000,
  380,     0.95000000000000,    0.00000000000000,    0.20000000000000,    0.00000000000000,    0.20000000000000,
  381,     0.95172673164646,    -0.00000000000003,    0.20000000000000,    -0.00000000000001,    0.20000000000000,
  382,     0.95500000000000,    -0.00000000000001,    0.20000000000000,    -0.00000000000000,    0.20000000000000,
  383,     0.95827326835354,    0.00000000000002,    0.20000000000000,    0.00000000000000,    0.20000000000000,
  384,     0.96000000000000,    -0.00000000000001,    0.20000000000000,    -0.00000000000000,    0.20000000000000,
  385,     0.96172673164646,    -0.00000000000004,    0.20000000000000,    -0.00000000000001,    0.20000000000000,
  386,     0.96500000000000,    0.00000000000000,    0.20000000000000,    0.00000000000000,    0.20000000000000,
  387,     0.96827326835354,    0.00000000000002,    0.20000000000000,    0.00000000000000,    0.20000000000000,
  388,     0.97000000000000,    -0.00000000000001,    0.20000000000000,    -0.00000000000000,    0.20000000000000,
  389,     0.97172673164646,    -0.00000000000004,    0.20000000000000,    -0.00000000000001,    0.20000000000000,
  390,     0.97500000000000,    0.00000000000000,    0.20000000000000,    0.00000000000000,    0.20000000000000,
  391,     0.97827326835354,    0.00000000000002,    0.20000000000000,    0.00000000000000,    0.20000000000000,
  392,     0.98000000000000,    -0.00000000000005,    0.20000000000000,    -0.00000000000001,    0.20000000000000,
  393,     0.98172673164646,    -0.00000000000001,    0.20000000000000,    -0.00000000000000,    0.20000000000000,
  394,     0.98500000000000,    0.00000000000000,    0.20000000000000,    0.00000000000000,    0.20000000000000,
  395,     0.98827326835354,    0.00000000000001,    0.20000000000000,    0.00000000000000,    0.20000000000000,
  396,     0.99000000000000,    -0.00000000000001,    0.20000000000000,    -0.00000000000000,    0.20000000000000,
  397,     0.99172673164646,    -0.00000000000002,    0.20000000000000,    -0.00000000000000,    0.20000000000000,
  398,     0.99500000000000,    -0.00000000000001,    0.20000000000000,    -0.00000000000000,    0.20000000000000,
  399,     0.99827326835354,    0.00000000000002,    0.20000000000000,    0.00000000000000,    0.20000000000000,
  400,     1.00000000000000,    0.00000000000000,    0.20000000000000,    0.00000000000000,    0.20000000000000,
