 indi,                  x_v,                   v,                   H,                   q,                 eta
    0,     0.45246335319775,    1.50821117732580,    1.01444679830104,    1.53000000000001,    1.01444679830104,
    1,     0.47081840601576,    1.50821117732579,    1.01444679830102,    1.52999999999996,    1.01444679830102,
    2,     0.50830464097270,    1.50821117732587,    1.01444679830101,    1.53000000000003,    1.01444679830101,
    3,     0.55287206542280,    1.50821117732577,    1.01444679830103,    1.52999999999996,    1.01444679830103,
    4,     0.59035830037974,    1.50821117732584,    1.01444679830103,    1.53000000000003,    1.01444679830103,
    5,     0.60871335319775,    1.50821117732587,    1.01444679830103,    1.53000000000005,    1.01444679830103,
    6,     0.62706840601576,    1.50821117732579,    1.01444679830100,    1.52999999999993,    1.01444679830100,
    7,     0.66455464097270,    1.50821117732588,    1.01444679830102,    1.53000000000005,    1.01444679830102,
    8,     0.70912206542280,    1.50821117732580,    1.01444679830102,    1.52999999999998,    1.01444679830102,
    9,     0.74660830037974,    1.50821117732581,    1.01444679830101,    1.52999999999997,    1.01444679830101,
   10,     0.76496335319775,    1.50821117732575,    1.01444679830105,    1.52999999999996,    1.01444679830105,
   11,     0.78331840601576,    1.50821117732580,    1.01444679830104,    1.52999999999999,    1.01444679830104,
   12,     0.82080464097270,    1.50821117732589,    1.01444679830100,    1.53000000000003,    1.01444679830100,
   13,     0.86537206542280,    1.50821117732575,    1.01444679830102,    1.52999999999993,    1.01444679830102,
   14,     0.90285830037974,    1.50821117732582,    1.01444679830104,    1.53000000000002,    1.01444679830104,
   15,     0.92121335319775,    1.50821117732603,    1.01444679830100,    1.53000000000017,    1.01444679830100,
   16,     0.93956840601576,    1.50821117732592,    1.01444679830096,    1.53000000000001,    1.01444679830096,
   17,     0.97705464097270,    1.50821117732575,    1.01444679830104,    1.52999999999996,    1.01444679830104,
   18,     1.02162206542280,    1.50821117732571,    1.01444679830106,    1.52999999999993,    1.01444679830106,
   19,     1.05910830037974,    1.50821117732593,    1.01444679830099,    1.53000000000005,    1.01444679830099,
   20,     1.07746335319775,    1.50821117732584,    1.01444679830103,    1.53000000000003,    1.01444679830103,
   21,     1.09581840601576,    1.50821117732584,    1.01444679830102,    1.53000000000001,    1.01444679830102,
   22,     1.13330464097270,    1.50821117732576,    1.01444679830102,    1.52999999999993,    1.01444679830102,
   23,     1.17787206542280,    1.50821117732584,    1.01444679830101,    1.52999999999999,    1.01444679830101,
   24,     1.21535830037974,    1.50821117732588,    1.01444679830103,    1.53000000000007,    1.01444679830103,
   25,     1.23371335319775,    1.50821117732549,    1.01444679830106,    1.52999999999971,    1.01444679830106,
   26,     1.25206840601576,    1.50821117732562,    1.01444679830104,    1.52999999999981,    1.01444679830104,
   27,     1.28955464097270,    1.50821117732617,    1.01444679830096,    1.53000000000025,    1.01444679830096,
   28,     1.33412206542280,    1.50821117732558,    1.01444679830105,    1.52999999999978,    1.01444679830105,
   29,     1.37160830037973,    1.50821117732578,    1.01444679830109,    1.53000000000005,    1.01444679830109,
   30,     1.38996335319775,    1.50821117732615,    1.01444679830098,    1.53000000000026,    1.01444679830098,
   31,     1.40831840601576,    1.50821117732578,    1.01444679830098,    1.52999999999990,    1.01444679830098,
   32,     1.44580464097270,    1.50821117732585,    1.01444679830101,    1.53000000000001,    1.01444679830101,
   33,     1.49037206542280,    1.50821117732590,    1.01444679830104,    1.53000000000010,    1.01444679830104,
   34,     1.52785830037974,    1.50821117732553,    1.01444679830100,    1.52999999999966,    1.01444679830100,
   35,     1.54621335319775,    1.50821117732556,    1.01444679830095,    1.52999999999963,    1.01444679830095,
   36,     1.56456840601576,    1.50821117732596,    1.01444679830098,    1.53000000000007,    1.01444679830098,
   37,     1.60205464097270,    1.50821117732602,    1.01444679830105,    1.53000000000023,    1.01444679830105,
   38,     1.64662206542280,    1.50821117732548,    1.01444679830102,    1.52999999999966,    1.01444679830102,
   39,     1.68410830037974,    1.50821117732608,    1.01444679830098,    1.53000000000019,    1.01444679830098,
   40,     1.70246335319775,    1.50821117732636,    1.01444679830105,    1.53000000000058,    1.01444679830105,
   41,     1.72081840601576,    1.50821117732591,    1.01444679830101,    1.53000000000008,    1.01444679830101,
   42,     1.75830464097270,    1.50821117732558,    1.01444679830106,    1.52999999999981,    1.01444679830106,
   43,     1.80287206542280,    1.50821117732592,    1.01444679830103,    1.53000000000011,    1.01444679830103,
   44,     1.84035830037974,    1.50821117732588,    1.01444679830098,    1.52999999999999,    1.01444679830098,
   45,     1.85871335319775,    1.50821117732527,    1.01444679830104,    1.52999999999946,    1.01444679830104,
   46,     1.87706840601576,    1.50821117732565,    1.01444679830106,    1.52999999999989,    1.01444679830106,
   47,     1.91455464097269,    1.50821117732602,    1.01444679830103,    1.53000000000021,    1.01444679830103,
   48,     1.95912206542280,    1.50821117732554,    1.01444679830099,    1.52999999999966,    1.01444679830099,
   49,     1.99660830037974,    1.50821117732620,    1.01444679830105,    1.53000000000041,    1.01444679830105,
   50,     2.01496335319775,    1.50821117732655,    1.01444679830113,    1.53000000000090,    1.01444679830113,
   51,     2.03331840601576,    1.50821117732556,    1.01444679830097,    1.52999999999965,    1.01444679830097,
   52,     2.07080464097270,    1.50821117732545,    1.01444679830104,    1.52999999999965,    1.01444679830104,
   53,     2.11537206542280,    1.50821117732645,    1.01444679830097,    1.53000000000055,    1.01444679830097,
   54,     2.15285830037974,    1.50821117732560,    1.01444679830093,    1.52999999999963,    1.01444679830093,
   55,     2.17121335319775,    1.50821117732448,    1.01444679830121,    1.52999999999892,    1.01444679830121,
   56,     2.18956840601576,    1.50821117732584,    1.01444679830115,    1.53000000000020,    1.01444679830115,
   57,     2.22705464097270,    1.50821117732660,    1.01444679830090,    1.53000000000060,    1.01444679830090,
   58,     2.27162206542280,    1.50821117732493,    1.01444679830105,    1.52999999999913,    1.01444679830105,
   59,     2.30910830037973,    1.50821117732583,    1.01444679830115,    1.53000000000019,    1.01444679830115,
   60,     2.32746335319775,    1.50821117732717,    1.01444679830081,    1.53000000000104,    1.01444679830081,
   61,     2.34581840601576,    1.50821117732601,    1.01444679830090,    1.53000000000000,    1.01444679830090,
   62,     2.38330464097270,    1.50821117732538,    1.01444679830111,    1.52999999999968,    1.01444679830111,
   63,     2.42787206542279,    1.50821117732600,    1.01444679830106,    1.53000000000024,    1.01444679830106,
   64,     2.46535830037974,    1.50821117732589,    1.01444679830088,    1.52999999999985,    1.01444679830088,
   65,     2.48371335319775,    1.50821117732519,    1.01444679830104,    1.52999999999937,    1.01444679830104,
   66,     2.50206840601576,    1.50821117732580,    1.01444679830110,    1.53000000000009,    1.01444679830110,
   67,     2.53955464097269,    1.50821117732604,    1.01444679830101,    1.53000000000019,    1.01444679830101,
   68,     2.58412206542280,    1.50821117732578,    1.01444679830095,    1.52999999999985,    1.01444679830095,
   69,     2.62160830037974,    1.50821117732556,    1.01444679830109,    1.52999999999984,    1.01444679830109,
   70,     2.63996335319775,    1.50821117732575,    1.01444679830112,    1.53000000000006,    1.01444679830112,
   71,     2.65831840601576,    1.50821117732600,    1.01444679830110,    1.53000000000030,    1.01444679830110,
   72,     2.69580464097270,    1.50821117732586,    1.01444679830090,    1.52999999999984,    1.01444679830090,
   73,     2.74037206542280,    1.50821117732553,    1.01444679830106,    1.52999999999976,    1.01444679830106,
   74,     2.77785830037973,    1.50821117732594,    1.01444679830115,    1.53000000000030,    1.01444679830115,
   75,     2.79621335319775,    1.50821117732693,    1.01444679830083,    1.53000000000083,    1.01444679830083,
   76,     2.81456840601576,    1.50821117732598,    1.01444679830088,    1.52999999999994,    1.01444679830088,
   77,     2.85205464097270,    1.50821117732530,    1.01444679830112,    1.52999999999961,    1.01444679830112,
   78,     2.89662206542280,    1.50821117732641,    1.01444679830104,    1.53000000000061,    1.01444679830104,
   79,     2.93410830037974,    1.50821117732549,    1.01444679830086,    1.52999999999942,    1.01444679830086,
   80,     2.95246335319775,    1.50821117732375,    1.01444679830094,    1.52999999999777,    1.01444679830094,
   81,     2.97081840601576,    1.50821117732558,    1.01444679830115,    1.52999999999994,    1.01444679830115,
   82,     3.00830464097270,    1.50821117732707,    1.01444679830099,    1.53000000000121,    1.01444679830099,
   83,     3.05287206542280,    1.50821117732465,    1.01444679830103,    1.52999999999881,    1.01444679830103,
   84,     3.09035830037973,    1.50821117732609,    1.01444679830122,    1.53000000000057,    1.01444679830122,
   85,     3.10871335319774,    1.50821117732832,    1.01444679830093,    1.53000000000239,    1.01444679830093,
   86,     3.12706840601576,    1.50821117732629,    1.01444679830082,    1.53000000000016,    1.01444679830082,
   87,     3.16455464097270,    1.50821117732462,    1.01444679830105,    1.52999999999883,    1.01444679830105,
   88,     3.20912206542279,    1.50821117732653,    1.01444679830105,    1.53000000000075,    1.01444679830105,
   89,     3.24660830037974,    1.50821117732594,    1.01444679830085,    1.52999999999985,    1.01444679830085,
   90,     3.26496335319775,    1.50821117732447,    1.01444679830102,    1.52999999999862,    1.01444679830102,
   91,     3.28331840601576,    1.50821117732539,    1.01444679830125,    1.52999999999990,    1.01444679830125,
   92,     3.32080464097269,    1.50821117732608,    1.01444679830099,    1.53000000000020,    1.01444679830099,
   93,     3.36537206542280,    1.50821117732610,    1.01444679830088,    1.53000000000007,    1.01444679830088,
   94,     3.40285830037974,    1.50821117732518,    1.01444679830122,    1.52999999999963,    1.01444679830122,
   95,     3.42121335319774,    1.50821117732599,    1.01444679830115,    1.53000000000036,    1.01444679830115,
   96,     3.43956840601575,    1.50821117732600,    1.01444679830084,    1.52999999999990,    1.01444679830084,
   97,     3.47705464097270,    1.50821117732600,    1.01444679830093,    1.53000000000004,    1.01444679830093,
   98,     3.52162206542280,    1.50821117732531,    1.01444679830126,    1.52999999999984,    1.01444679830126,
   99,     3.55910830037973,    1.50821117732594,    1.01444679830099,    1.53000000000007,    1.01444679830099,
  100,     3.57746335319774,    1.50821117732685,    1.01444679830066,    1.53000000000050,    1.01444679830066,
  101,     3.59581840601576,    1.50821117732637,    1.01444679830093,    1.53000000000041,    1.01444679830093,
  102,     3.63330464097270,    1.50821117732521,    1.01444679830100,    1.52999999999934,    1.01444679830100,
  103,     3.67787206542280,    1.50821117732618,    1.01444679830104,    1.53000000000039,    1.01444679830104,
  104,     3.71535830037974,    1.50821117732567,    1.01444679830103,    1.52999999999985,    1.01444679830103,
  105,     3.73371335319775,    1.50821117732484,    1.01444679830076,    1.52999999999860,    1.01444679830076,
  106,     3.75206840601576,    1.50821117732569,    1.01444679830097,    1.52999999999979,    1.01444679830097,
  107,     3.78955464097270,    1.50821117732639,    1.01444679830109,    1.53000000000067,    1.01444679830109,
  108,     3.83412206542280,    1.50821117732519,    1.01444679830103,    1.52999999999936,    1.01444679830103,
  109,     3.87160830037974,    1.50821117732640,    1.01444679830102,    1.53000000000058,    1.01444679830102,
  110,     3.88996335319775,    1.50821117732658,    1.01444679830099,    1.53000000000071,    1.01444679830099,
  111,     3.90831840601576,    1.50821117732521,    1.01444679830112,    1.52999999999952,    1.01444679830112,
  112,     3.94580464097270,    1.50821117732562,    1.01444679830084,    1.52999999999951,    1.01444679830084,
  113,     3.99037206542280,    1.50821117732676,    1.01444679830106,    1.53000000000101,    1.01444679830106,
  114,     4.02785830037973,    1.50821117732366,    1.01444679830132,    1.52999999999826,    1.01444679830132,
  115,     4.04621335319774,    1.50821117732877,    1.01444679830133,    1.53000000000345,    1.01444679830133,
  116,     4.06456840601576,    1.50821117732658,    1.01444679829968,    1.52999999999874,    1.01444679829968,
  117,     4.10205464097270,    1.50821117732395,    1.01444679830260,    1.53000000000048,    1.01444679830260,
  118,     4.14662206542278,    1.50821117732938,    1.01444679829903,    1.53000000000060,    1.01444679829903,
  119,     4.18410830037982,    1.50821117732647,    1.01444679830067,    1.53000000000012,    1.01444679830067,
  120,     4.20246335319774,    1.50821117728211,    1.01444679831046,    1.52999999996989,    1.01444679831046,
  121,     4.22081840601568,    1.50821117733020,    1.01444679830166,    1.53000000000539,    1.01444679830166,
  122,     4.25830464097280,    1.50821117735262,    1.01444679829438,    1.53000000001716,    1.01444679829438,
  123,     4.30287206542276,    1.50821117725677,    1.01444679831587,    1.52999999995234,    1.01444679831587,
  124,     4.34035830037943,    1.50821117747439,    1.01444679827983,    1.53000000011875,    1.01444679827983,
  125,     4.35871335319851,    1.50821117749149,    1.01444679819844,    1.53000000001334,    1.01444679819844,
  126,     4.37706840601607,    1.50821117714567,    1.01444679839705,    1.52999999996206,    1.01444679839705,
  127,     4.41455464097077,    1.50821117717064,    1.01444679827908,    1.52999999980948,    1.01444679827908,
  128,     4.45912206542424,    1.50821117791047,    1.01444679823110,    1.53000000048763,    1.01444679823110,
  129,     4.49660830038225,    1.50821117676435,    1.01444679826501,    1.52999999937610,    1.01444679826501,
  130,     4.51496335320259,    1.50821117880174,    1.01444679807259,    1.53000000115271,    1.01444679807259,
  131,     4.53331840603990,    1.50821118135079,    1.01444679671373,    1.53000000168914,    1.01444679671373,
  132,     4.57080464104673,    1.50821118126059,    1.01444679754416,    1.53000000285010,    1.01444679754416,
  133,     4.61537206550936,    1.50821117592378,    1.01444679809247,    1.52999999826316,    1.01444679809247,
  134,     4.65285830047933,    1.50821118015122,    1.01444679814930,    1.53000000263738,    1.01444679814930,
  135,     4.67121335328698,    1.50821117185403,    1.01444679940550,    1.52999999611494,    1.01444679940550,
  136,     4.68956840605144,    1.50821117138514,    1.01444680183507,    1.52999999930359,    1.01444680183507,
  137,     4.72705464106973,    1.50821119570997,    1.01444679002466,    1.53000000616724,    1.01444679002466,
  138,     4.77162206606591,    1.50821122309959,    1.01444678620862,    1.53000002819716,    1.01444678620862,
  139,     4.80910830118996,    1.50821115366397,    1.01444680373107,    1.52999998418597,    1.01444680373107,
  140,     4.82746335381067,    1.50821109740421,    1.01444681104554,    1.52999993814520,    1.01444681104554,
  141,     4.84581840624725,    1.50821110859495,    1.01444682576934,    1.52999997170421,    1.01444682576934,
  142,     4.88330464044842,    1.50821115567121,    1.01444680553751,    1.52999998894669,    1.01444680553751,
  143,     4.92787206515517,    1.50821121097116,    1.01444678700313,    1.53000001709179,    1.01444678700313,
  144,     4.96535830024238,    1.50821114613557,    1.01444680561786,    1.52999997939447,    1.01444680561786,
  145,     4.98371335284570,    1.50821113716276,    1.01444681194843,    1.52999997983988,    1.01444681194843,
  146,     5.00206840556576,    1.50821117422054,    1.01444679821761,    1.52999999672404,    1.01444679804315,
  147,     5.03955464067619,    1.50821120651382,    1.01444679346384,    1.53000002231417,    1.01444679390032,
  148,     5.08412206518991,    1.50821115924547,    1.01444680037780,    1.52999998479066,    1.01444679960826,
  149,     5.12160830004564,    1.50821118196242,    1.01444679975577,    1.53000000689764,    1.01444680121746,
  150,     5.13996335287964,    1.50821101346230,    1.01444676615581,    1.52999978528741,    1.01444677353350,
  151,     5.15831840528550,    1.50821135707752,    1.01444678497844,    1.53000016225527,    1.01444678742753,
  152,     5.19580466213298,    1.50821345103889,    1.01444514048625,    1.52999980622240,    1.01444641605159,
  153,     5.24037238737507,    1.50823576613773,    1.01443026190368,    1.53000000325560,    1.01444302626336,
  154,     5.27786000525093,    1.50831156875113,    1.01437937882371,    1.53000015218239,    1.01443139785214,
  155,     5.29621670085466,    1.50838650234272,    1.01432908950267,    1.53000030753941,    1.01441989083488,
  156,     5.31457452054346,    1.50849751501769,    1.01425417081560,    1.52999989627166,    1.01440275671314,
  157,     5.35207211784836,    1.50887823989866,    1.01399846567709,    1.53000022015079,    1.01434424916646,
  158,     5.39667017646821,    1.50969271138674,    1.01345118643916,    1.52999986951345,    1.01421889111624,
  159,     5.43420576375988,    1.51076563581211,    1.01273152249707,    1.52999998249225,    1.01405372134078,
  160,     5.45259590083575,    1.51143941660937,    1.01228001780739,    1.52999991956012,    1.01394993639107,
  161,     5.47099487021500,    1.51221791521628,    1.01175898624303,    1.53000006487777,    1.01382999294060,
  162,     5.50860372030601,    1.51414867058217,    1.01046876941942,    1.52999994388121,    1.01353214709530,
  163,     5.55338797550628,    1.51706282545982,    1.00852780131426,    1.53000003581658,    1.01308193614303,
  164,     5.59113025590193,    1.52004351733197,    1.00655011103554,    1.52999997114934,    1.01262053591662,
  165,     5.60963914245368,    1.52167859987570,    1.00546855029445,    1.52999997583111,    1.01236702520141,
  166,     5.62816862095038,    1.52342762805900,    1.00431415604674,    1.52999993257237,    1.01209555073070,
  167,     5.66608075049837,    1.52734691220262,    1.00173700802176,    1.52999992604114,    1.01148616591940,
  168,     5.71128895620244,    1.53259231975905,    0.99830859522592,    1.53000008579269,    1.01066810239264,
  169,     5.74943850592601,    1.53747233432574,    0.99513984920323,    1.52999998693505,    1.00990446651095,
  170,     5.76816234852044,    1.54001009080016,    0.99349992961598,    1.52999991681787,    1.00950643172194,
  171,     5.78691604768303,    1.54264191162967,    0.99180511467066,    1.53000013805962,    1.00909298140882,
  172,     5.82531111232695,    1.54829539341567,    0.98818353786399,    1.53000001952401,    1.00820226590235,
  173,     5.87112646004288,    1.55547464878681,    0.98362256940776,    1.52999997068831,    1.00706653917275,
  174,     5.90980247800052,    1.56186908727075,    0.97959554846961,    1.53000000518272,    1.00605059133616,
  175,     5.92878595842140,    1.56511070783849,    0.97756665355561,    1.53000003710573,    1.00553391162910,
  176,     5.94779894053551,    1.56842086227627,    0.97550340661861,    1.52999989416220,    1.00500520397771,
  177,     5.98671798054526,    1.57538336330166,    0.97119219878463,    1.53000003253366,    1.00388964411811,
  178,     6.03313763552834,    1.58398716046089,    0.96591692271831,    1.53000000365771,    1.00250417547469,
  179,     6.07229919418707,    1.59147273856879,    0.96137364219616,    1.52999994313379,    1.00129259529576,
  180,     6.09151137339664,    1.59521393744150,    0.95911891171158,    1.52999985562603,    1.00068497287116,
  181,     6.11074660152182,    1.59900233093537,    0.95684665932738,    1.53000003861220,    1.00006826670965,
  182,     6.15009842037629,    1.60687544614188,    0.95215841642948,    1.52999998019787,    0.99878175819421,
  183,     6.19699427764345,    1.61645315922194,    0.94651672964579,    1.52999995789236,    0.99720825683100,
  184,     6.23652369153136,    1.62467259712014,    0.94172827905976,    1.53000012892149,    0.99585052729099,
  185,     6.25590520259025,    1.62874678398181,    0.93937270482779,    1.53000027194856,    0.99517494562712,
  186,     6.27530279227899,    1.63285069571373,    0.93701154102473,    1.52999994665403,    0.99449261355866,
  187,     6.31496507131622,    1.64131940706898,    0.93217687530148,    1.52999999625324,    0.99307940362617,
  188,     6.36219463667081,    1.65152494032335,    0.92641658211555,    1.53000009049295,    0.99136661964144,
  189,     6.40197670777875,    1.66021009072236,    0.92157001812377,    1.52999984339627,    0.98990052419787,
  190,     6.42147311320388,    1.66449285786511,    0.91919872289109,    1.52999970921095,    0.98917478276637,
  191,     6.44098005818556,    1.66879435960046,    0.91682959246991,    1.53000005262857,    0.98844409029748,
  192,     6.48084928207353,    1.67763083781478,    0.91200047857706,    1.53000012696272,    0.98693693012536,
  193,     6.52829816403684,    1.68821691799588,    0.90628155081074,    1.52999984654624,    0.98512079055150,
  194,     6.56824407917131,    1.69717983984673,    0.90149551673832,    1.53000001672049,    0.98357430375678,
  195,     6.58781433706272,    1.70158568129074,    0.89916139956157,    1.53000016266330,    0.98281111732623,
  196,     6.60739117803804,    1.70600144829075,    0.89683399162301,    1.53000008858523,    0.98204417733526,
  197,     6.64739155162442,    1.71504817000114,    0.89210318641071,    1.52999993730586,    0.98046669446956,
  198,     6.69497764303860,    1.72584686949768,    0.88652129364487,    1.52999999938002,    0.97857286707638,
  199,     6.73502468257526,    1.73495952874045,    0.88186496424812,    1.53000002278462,    0.97696548322672,
  200,     6.75464007695984,    1.73942985161200,    0.87959855561003,    1.52999998506289,    0.97617384507054,
  201,     6.77425934966957,    1.74390494190689,    0.87734136582925,    1.52999994360898,    0.97537932285421,
  202,     6.81433848317362,    1.75305725122972,    0.87276100774322,    1.53000001321482,    0.97374808787534,
  203,     6.86200553879191,    1.76395631243948,    0.86736842863546,    1.53000001490224,    0.97179436234660,
  204,     6.90211106144285,    1.77313468958575,    0.86287859645021,    1.52999997226694,    0.97013966808606,
  205,     6.92175215589405,    1.77763153082713,    0.86069578848508,    1.52999997206120,    0.96932584758131,
  206,     6.94139531978165,    1.78212971819258,    0.85852336845776,    1.53000000869137,    0.96850972844283,
  207,     6.98151798144776,    1.79131899274250,    0.85411924332822,    1.53000002264069,    0.96683606264854,
  208,     7.02922837191477,    1.80224612063117,    0.84894065081633,    1.52999999457984,    0.96483466009107,
  209,     7.06936398330313,    1.81143628015309,    0.84463362674507,    1.52999999492331,    0.96314198270645,
  210,     7.08901787610158,    1.81593533025898,    0.84254101782012,    1.53000000145192,    0.96231019475010,
  211,     7.10867265032041,    1.82043351252521,    0.84045915201376,    1.53000000623437,    0.96147650408518,
  212,     7.14881557548802,    1.82961660217193,    0.83624077459691,    1.53000000461562,    0.95976810674566,
  213,     7.19654456688394,    1.84052665758903,    0.83128380190670,    1.52999999743124,    0.95772725519578,
  214,     7.23669169723715,    1.84969527978490,    0.82716327250023,    1.53000000075512,    0.95600277851758,
  215,     7.25634998171129,    1.85418165915633,    0.82516186854006,    1.53000000248215,    0.95515583723815,
  216,     7.27600838395770,    1.85866589441782,    0.82317107426443,    1.53000000100657,    0.95430724969690,
  217,     7.31615651191065,    1.86781689914906,    0.81913810748616,    1.52999999989963,    0.95256917259546,
  218,     7.36388819855616,    1.87868327391436,    0.81440018177986,    1.52999999978264,    0.95049420461969,
  219,     7.40403499626507,    1.88781119797104,    0.81046240355126,    1.53000000095859,    0.94874189732057,
  220,     7.42369233810584,    1.89227651364909,    0.80854990783333,    1.53000000070615,    0.94788158702631,
  221,     7.44334932421729,    1.89673902373402,    0.80664760940252,    1.52999999915551,    0.94701978637293,
  222,     7.48349320256512,    1.90584383758687,    0.80279400094749,    1.52999999955748,    0.94525516821557,
  223,     7.53121771554499,    1.91665263770411,    0.79826671268713,    1.53000000046318,    0.94314932765749,
  224,     7.57135692587757,    1.92573038428036,    0.79450374404943,    1.53000000034050,    0.94137154063874,
  225,     7.59101009435933,    1.93017067260584,    0.79267601644124,    1.52999999981290,    0.94049889454447,
  226,     7.61066263278649,    1.93460791223174,    0.79085792490815,    1.52999999897848,    0.93962483981676,
  227,     7.65079665369403,    1.94366052113142,    0.78717450050206,    1.52999999986719,    0.93783541870390,
  228,     7.69850826749831,    1.95440657786678,    0.78284632163297,    1.53000000045830,    0.93570041132694,
  229,     7.73863579527941,    1.96343131683432,    0.77924803726468,    1.52999999994715,    0.93389829773450,
  230,     7.75828300699888,    1.96784565866177,    0.77749999998368,    1.52999999957740,    0.93301379198349,
  231,     7.77792945186761,    1.97225699707609,    0.77576096904190,    1.52999999925142,    0.93212790369451,
  232,     7.81805065725387,    1.98125696050499,    0.77223703465926,    1.53000000007838,    0.93031437281695,
  233,     7.86574650674018,    1.99194111993252,    0.76809499286301,    1.53000000029810,    0.92815075001082,
  234,     7.90586044165786,    2.00091461233737,    0.76465032059039,    1.52999999979776,    0.92632455915259,
  235,     7.92550091522454,    2.00530419322333,    0.76297651238035,    1.52999999960722,    0.92542824811170,
  236,     7.94514058073546,    2.00969101623724,    0.76131106084403,    1.52999999954030,    0.92453053792963,
  237,     7.98524785059397,    2.01864175343022,    0.75793537786216,    1.53000000015447,    0.92269279359283,
  238,     8.03292705832452,    2.02926903353088,    0.75396607097123,    1.53000000015487,    0.92050022063617,
  239,     8.07302701111943,    2.03819623131177,    0.75066373702002,    1.52999999977661,    0.91864950351651,
  240,     8.09266066360065,    2.04256370170003,    0.74905864548301,    1.52999999970818,    0.91774111419526,
  241,     8.11229353373513,    2.04692879992156,    0.74746126968917,    1.52999999975270,    0.91683127545405,
  242,     8.15238703199498,    2.05583642267508,    0.74422263526363,    1.53000000015419,    0.91496859033254,
  243,     8.20005011165159,    2.06641475861356,    0.74041283032917,    1.53000000005903,    0.91274603383974,
  244,     8.24013675970003,    2.07530285094510,    0.73724179539052,    1.52999999980983,    0.91086978661913,
  245,     8.25976399863569,    2.07965189037275,    0.73570005003864,    1.52999999981018,    0.90994878448467,
  246,     8.27939052814574,    2.08399904256568,    0.73416540441508,    1.52999999988588,    0.90902625524205,
  247,     8.31947132247504,    2.09287156078124,    0.73105298423161,    1.53000000012259,    0.90713739903419,
  248,     8.36711976907931,    2.10341095145808,    0.72738995627422,    1.53000000000780,    0.90488325725825,
  249,     8.40719454394791,    2.11226871654185,    0.72433965805223,    1.52999999985434,    0.90298002069758,
  250,     8.42681612425708,    2.11660373765470,    0.72285613630183,    1.52999999988309,    0.90204565519791,
  251,     8.44643710169733,    2.12093742798159,    0.72137913159333,    1.52999999996115,    0.90110966179257,
  252,     8.48650690170834,    2.12978421110101,    0.71838263806916,    1.53000000008878,    0.89919298434843,
  253,     8.53414290929751,    2.14029614172672,    0.71485434662686,    1.52999999998205,    0.89690517653473,
  254,     8.57420778139989,    2.14913350932848,    0.71191482206953,    1.52999999989725,    0.89497310379154,
  255,     8.59382470674568,    2.15345945853404,    0.71048470119684,    1.52999999993606,    0.89402443924848,
  256,     8.61344116005905,    2.15778468636157,    0.70906055162542,    1.53000000000043,    0.89307402575724,
  257,     8.65350213686323,    2.16661610204597,    0.70617032644190,    1.53000000005608,    0.89112751299247,
  258,     8.70112840396310,    2.17711315848838,    0.70276549200499,    1.52999999997562,    0.88880353888736,
  259,     8.74118573428150,    2.18594091918199,    0.69992742553246,    1.52999999992912,    0.88684044013276,
  260,     8.76079918919766,    2.19026314466541,    0.69854620148777,    1.52999999996467,    0.88587637588871,
  261,     8.78041232078013,    2.19458529910573,    0.69717044064923,    1.53000000001986,    0.88491042319787,
  262,     8.82046698300159,    2.20341247603539,    0.69437747887536,    1.53000000003197,    0.88293173286626,
  263,     8.86808657919838,    2.21390809365119,    0.69108559852273,    1.52999999997525,    0.88056871002489,
  264,     8.90813901780523,    2.22273771142438,    0.68834032557701,    1.52999999995417,    0.87857207971297,
  265,     8.92775032133042,    2.22706187879145,    0.68700381186202,    1.52999999998233,    0.87759136218045,
  266,     8.94736146373261,    2.23138665887903,    0.68567228989139,    1.53000000002668,    0.87660859922639,
  267,     8.98741257312005,    2.24022133734186,    0.68296822930430,    1.53000000001408,    0.87459508144578,
  268,     9.03502884860714,    2.25072964545828,    0.67977955640655,    1.52999999998070,    0.87218976559217,
  269,     9.07507926619994,    2.25957314393276,    0.67711904085948,    1.52999999997159,    0.87015679638684,
  270,     9.09468984071392,    2.26390518578904,    0.67582335585118,    1.52999999998884,    0.86915802485998,
  271,     9.11430042694817,    2.26823855341092,    0.67453222577662,    1.53000000002461,    0.86815703379470,
  272,     9.15435094206883,    2.27709299893701,    0.67190931627226,    1.53000000000412,    0.86610573967166,
  273,     9.20196746776216,    2.28762873414147,    0.66881481997103,    1.52999999998539,    0.86365453173473,
  274,     9.24201891075331,    2.29649863608448,    0.66623161709853,    1.52999999998314,    0.86158211786121,
  275,     9.26163026168284,    2.30084472628875,    0.66497316507688,    1.52999999999069,    0.86056374533741,
  276,     9.28124180598839,    2.30519288285764,    0.66371886335499,    1.53000000002430,    0.85954296182782,
  277,     9.32129484607380,    2.31407984578356,    0.66116992582777,    1.52999999999626,    0.85745064247875,
  278,     9.36891537573522,    2.32465831566565,    0.65816124016185,    1.52999999999106,    0.85494958477895,
  279,     9.40897103835713,    2.33356762166758,    0.65564845251736,    1.52999999999097,    0.85283431667368,
  280,     9.42858474175269,    2.33793416781058,    0.65442390169016,    1.52999999999333,    0.85179464653474,
  281,     9.44819882794569,    2.34230354852948,    0.65320312603271,    1.53000000001696,    0.85075235600080,
  282,     9.48825765138749,    2.35123625769756,    0.65072150660453,    1.52999999999216,    0.84861545354441,
  283,     9.53588609980564,    2.36187334225286,    0.64779087541615,    1.53000000000004,    0.84606021677812,
  284,     9.57594930867908,    2.37083553886932,    0.64534210614705,    1.52999999998221,    0.84389836827751,
  285,     9.59556700457138,    2.37522918843324,    0.64414836575313,    1.53000000001839,    0.84283554743462,
  286,     9.61518527997465,    2.37962646997617,    0.64295805215435,    1.52999999999080,    0.84176987774470,
  287,     9.65525327362795,    2.38861865234375,    0.64053757535897,    1.53000000002947,    0.83958450927714,
  288,     9.70289370669346,    2.39933083402444,    0.63767779676031,    1.52999999993979,    0.83697037138131,
  289,     9.74296791466928,    2.40835992527311,    0.63528710308202,    1.53000000010558,    0.83475788018091,
  290,     9.76259130474201,    2.41278758175127,    0.63412130068142,    1.52999999960809,    0.83366988890695,
  291,     9.78221547828275,    2.41721969983875,    0.63295860132544,    1.53000000030623,    0.83257880037623,
  292,     9.82229615487260,    2.42628562119422,    0.63059352382045,    1.52999999966375,    0.83034073494723,
  293,     9.86995278864070,    2.43709003828469,    0.62779789682540,    1.53000000040927,    0.82766255283329,
  294,     9.91004157562809,    2.44620058904136,    0.62545974619958,    1.52999999957508,    0.82539499557546,
  295,     9.92967242414990,    2.45066944437125,    0.62431920576621,    1.53000000110538,    0.82427963410854,
  296,     9.94930426767601,    2.45514361996299,    0.62318146514229,    1.52999999822327,    0.82316090362753,
  297,     9.98940126936400,    2.46429812882502,    0.62086643824595,    1.53000000201976,    0.82086553957861,
  298,     10.03707847560205,    2.47521263564958,    0.61812871183269,    1.52999999798608,    0.81811771302407,
  299,     10.07718555486333,    2.48441987392390,    0.61583793366410,    1.53000000151131,    0.81579026710536,
  300,     10.09682569225663,    2.48893743092297,    0.61472015720439,    1.53000000880886,    0.81464514142204,
  301,     10.11646704423156,    2.49346119486051,    0.61360489634715,    1.52999999801802,    0.81349635032387,
  302,     10.15658415129335,    2.50271981742513,    0.61133491135745,    1.52999999773813,    0.81113866636719,
  303,     10.20428646996602,    2.51376311615471,    0.60864923686488,    1.53000000230664,    0.80831509435448,
  304,     10.24441569897236,    2.52308291160222,    0.60640099982923,    1.53000000024763,    0.80592251610228,
  305,     10.26406702721278,    2.52765698920658,    0.60530364522229,    1.52999998943834,    0.80474501534578,
  306,     10.28371979833174,    2.53223825060997,    0.60420855135305,    1.53000000508182,    0.80356353809020,
  307,     10.32386094065293,    2.54161727302782,    0.60197891054645,    1.52999999704332,    0.80113806064507,
  308,     10.37159309444593,    2.55280895050304,    0.59933979844790,    1.53000000187049,    0.79823209078257,
  309,     10.41174848805940,    2.56225795370893,    0.59712957252359,    1.52999999659339,    0.79576866876789,
  310,     10.43141298748200,    2.56689684802804,    0.59605044069503,    1.52999999748579,    0.79455594730566,
  311,     10.45107916820352,    2.57154392096490,    0.59497331141188,    1.53000000209759,    0.79333888998850,
  312,     10.49124844205465,    2.58106042252844,    0.59277961464523,    1.53000000264247,    0.79083966643670,
  313,     10.53901535497436,    2.59242104285089,    0.59018190740377,    1.52999999586342,    0.78784404889185,
  314,     10.57920110298729,    2.60201691244137,    0.58800540223459,    1.53000000122130,    0.78530352379114,
  315,     10.59888084144685,    2.60672928291815,    0.58694242946859,    1.53000001828291,    0.78405248359930,
  316,     10.61856251014042,    2.61145086395386,    0.58588121213242,    1.52999999759754,    0.78279671285096,
  317,     10.65876419438304,    2.62112287486406,    0.58371929493558,    1.52999999645517,    0.78021722644133,
  318,     10.70657101488425,    2.63267422279095,    0.58115812072914,    1.53000000380924,    0.77712403700535,
  319,     10.74679150010472,    2.64243546076106,    0.57901130178661,    1.52999999602236,    0.77449958937752,
  320,     10.76648864199002,    2.64723047410765,    0.57796252103932,    1.52999999858736,    0.77320682659258,
  321,     10.78618797509057,    2.65203583814992,    0.57691528156897,    1.53000000229725,    0.77190892303551,
  322,     10.82642655116780,    2.66188241532407,    0.57478121205683,    1.53000000103273,    0.76924205673525,
  323,     10.87427867518477,    2.67364745721358,    0.57225195948756,    1.52999999636941,    0.76604262916098,
  324,     10.91453849434346,    2.68359371596930,    0.57013101301461,    1.53000000380523,    0.76332680619994,
  325,     10.93425530931442,    2.68848110218078,    0.56909457684920,    1.53000001521264,    0.76198861452747,
  326,     10.95397458975670,    2.69337999285401,    0.56805946294826,    1.52999999225625,    0.76064481592927,
  327,     10.99425476342847,    2.70342131881010,    0.56594952139745,    1.53000000151623,    0.75788278925871,
  328,     11.04215785883832,    2.71542442159797,    0.56344783118336,    1.53000000109170,    0.75456765323807,
  329,     11.08246184295127,    2.72557648527492,    0.56134913107887,    1.52999999169808,    0.75175228808173,
  330,     11.10220071861672,    2.73056654170012,    0.56032328428745,    1.53000001261084,    0.75036460730524,
  331,     11.12194234817326,    2.73556935950572,    0.55929856237772,    1.53000001005608,    0.74897082090257,
  332,     11.16226906894845,    2.74582678792002,    0.55720921553425,    1.52999999048984,    0.74610511250822,
  333,     11.21022910123695,    2.75809379709568,    0.55473095478556,    1.53000000545101,    0.74266390384622,
  334,     11.25058233642020,    2.76847373418843,    0.55265108104405,    1.53000000204129,    0.73974007803268,
  335,     11.27034578658076,    2.77357735476672,    0.55163415092427,    1.52999998911952,    0.73829845625999,
  336,     11.29011229482353,    2.77869506767359,    0.55061817101979,    1.52999999598415,    0.73685019517537,
  337,     11.33049077706620,    2.78919132655717,    0.54854609231963,    1.53000000291474,    0.73387150372631,
  338,     11.37851403143330,    2.80174958361913,    0.54608734863683,    1.53000000166290,    0.73029288601480,
  339,     11.41892187849274,    2.81238077557078,    0.54402306022503,    1.52999999604405,    0.72725084005901,
  340,     11.43871255267438,    2.81760952455472,    0.54301349337126,    1.52999999088461,    0.72575043960531,
  341,     11.45850660535789,    2.82285377700348,    0.54200469486153,    1.53000000004349,    0.72424279752924,
  342,     11.49894234515141,    2.83361285579630,    0.53994673429512,    1.53000000774389,    0.72114094747889,
  343,     11.54703544679262,    2.84649131386168,    0.53750383567239,    1.52999999940879,    0.71741255516258,
  344,     11.58750355486088,    2.85739845075095,    0.53545209950228,    1.52999999956915,    0.71424165278415,
  345,     11.60732424495755,    2.86276455167464,    0.53444842420722,    1.53000000351880,    0.71267718095044,
  346,     11.62714865107797,    2.86814761041112,    0.53344534824354,    1.53000000084963,    0.71110481300051,
  347,     11.66764743831376,    2.87919479248665,    0.53139857130858,    1.52999999924652,    0.70786872977884,
  348,     11.71581736332701,    2.89242394274588,    0.52896810099867,    1.53000000027737,    0.70397710886558,
  349,     11.75635167796727,    2.90363296765927,    0.52692610153130,    1.52999999992647,    0.70066578627122,
  350,     11.77620532114237,    2.90914921163173,    0.52592695952213,    1.52999999966967,    0.69903149844321,
  351,     11.79606303480735,    2.91468395954128,    0.52492826710290,    1.53000000003464,    0.69738861133260,
  352,     11.83663095475466,    2.92604574160981,    0.52288998025792,    1.53000000006411,    0.69400629238583,
  353,     11.88488502852947,    2.93965738137983,    0.52046881709201,    1.52999999994256,    0.68993688163263,
  354,     11.92549178618149,    2.95119529764913,    0.51843400579860,    1.53000000005424,    0.68647265308716,
  355,     11.94538146058294,    2.95687498646412,    0.51743817616593,    1.53000000014664,    0.68476235749393,
  356,     11.96527557577970,    2.96257476336343,    0.51644266294502,    1.52999999996513,    0.68304270688424,
  357,     12.00591899555537,    2.97427852196028,    0.51441046583366,    1.53000000000064,    0.67950124424535,
  358,     12.05426486960008,    2.98830538987017,    0.51199586400349,    1.52999999999286,    0.67523843193457,
  359,     12.09495057153424,    3.00019984916754,    0.50996602791430,    1.53000000002906,    0.67160795124056,
  360,     12.11487948127402,    3.00605654758852,    0.50897246145127,    1.53000000028784,    0.66981504453406,
  361,     12.13481321519200,    3.01193492864378,    0.50797910187444,    1.52999999995673,    0.66801198383755,
  362,     12.17553874380761,    3.02400839219760,    0.50595097683078,    1.52999999997686,    0.66429767493999,
  363,     12.22398433759103,    3.03848339912571,    0.50354068100233,    1.53000000001005,    0.65982496282537,
  364,     12.26475569089283,    3.05076196388491,    0.50151405391759,    1.53000000004551,    0.65601419868499,
  365,     12.28472713339202,    3.05680910531956,    0.50052193244418,    1.53000000050750,    0.65413176540185,
  366,     12.30470379112385,    3.06287947013544,    0.49952994064640,    1.52999999992384,    0.65223835310761,
  367,     12.34551819864107,    3.07534975631282,    0.49750438850066,    1.52999999994007,    0.64833695285378,
  368,     12.39407158648945,    3.09030467061121,    0.49509681507775,    1.53000000003952,    0.64363731802639,
  369,     12.43493539290684,    3.10299354260642,    0.49307224751227,    1.53000000006899,    0.63963191709228,
  370,     12.45495269859648,    3.10924374584488,    0.49208107370891,    1.53000000087806,    0.63765292950100,
  371,     12.47497560868958,    3.11551855346148,    0.49108999789612,    1.52999999986473,    0.63566214466459,
  372,     12.51588568075069,    3.12841054398860,    0.48906624573846,    1.52999999987710,    0.63155935817051,
  373,     12.56455489224606,    3.14387378260978,    0.48666075863581,    1.53000000010010,    0.62661594164415,
  374,     12.60551785514921,    3.15699568264098,    0.48463797670388,    1.53000000009802,    0.62240190617079,
  375,     12.62558428372270,    3.16345961703877,    0.48364771063914,    1.53000000148018,    0.62031959258845,
  376,     12.64565668791949,    3.16994920250645,    0.48265757651914,    1.52999999977053,    0.61822472919097,
  377,     12.68666897882892,    3.18328285641209,    0.48063589344144,    1.52999999976845,    0.61390710477898,
  378,     12.73546166338821,    3.19927584716486,    0.47823322317232,    1.53000000020700,    0.60870444384892,
  379,     12.77653006612778,    3.21284653444817,    0.47621322205706,    1.53000000014442,    0.60426933160952,
  380,     12.79664863454954,    3.21953106061810,    0.47522448880354,    1.53000000246937,    0.60207782453930,
  381,     12.81677350555692,    3.22624166546749,    0.47423601771446,    1.52999999961576,    0.59987318275968,
  382,     12.85789393192490,    3.24002762864065,    0.47221819531869,    1.52999999957938,    0.59532966902965,
  383,     12.90681680979667,    3.25655887703874,    0.46982107745381,    1.53000000040211,    0.58985583141988,
  384,     12.94799599168357,    3.27058148095188,    0.46780672156586,    1.53000000021811,    0.58519082150084,
  385,     12.96816919474558,    3.27748662546370,    0.46682112817636,    1.53000000408190,    0.58288626956594,
  386,     12.98834894064109,    3.28441719474380,    0.46583607033880,    1.52999999935263,    0.58056833918877,
  387,     13.02958212373777,    3.29864966456676,    0.46382615762182,    1.52999999925652,    0.57579294255059,
  388,     13.07864010006204,    3.31570511900559,    0.46144031083378,    1.53000000074708,    0.57004315451669,
  389,     13.11993361278685,    3.33016094049892,    0.45943725473687,    1.53000000033476,    0.56514654708622,
  390,     13.14016297388908,    3.33727498812930,    0.45845787719869,    1.53000000668603,    0.56272899481482,
  391,     13.16039896333826,    3.34441197566754,    0.45747952406999,    1.52999999892234,    0.56029845319891,
  392,     13.20174717400692,    3.35905713237301,    0.45548495854896,    1.52999999870252,    0.55529471592295,
  393,     13.25094191954725,    3.37658457097404,    0.45312059247648,    1.53000000134668,    0.54927745952132,
  394,     13.29235017743615,    3.39141818449027,    0.45113870283665,    1.53000000052756,    0.54416054253909,
  395,     13.31263553035554,    3.39870973298439,    0.45017083862375,    1.53000001073628,    0.54163707612994,
  396,     13.33292733385269,    3.40601869476768,    0.44920481516618,    1.52999999823566,    0.53910212799299,
  397,     13.37438880745252,    3.42099599122379,    0.44723817324559,    1.52999999779543,    0.53389060024427,
  398,     13.42371649397358,    3.43887979952892,    0.44491232363878,    1.53000000232288,    0.52763775911259,
  399,     13.46523462225350,    3.45397502308404,    0.44296788210609,    1.53000000082288,    0.52233454085712,
  400,     13.48557296689535,    3.46138018412408,    0.44202021595875,    1.53000001650188,    0.51972449499223,
  401,     13.50591714850683,    3.46879225128806,    0.44107570774942,    1.52999999727260,    0.51710639133063,
  402,     13.54748340370510,    3.48394436213071,    0.43915741395312,    1.52999999642988,    0.51173694367319,
  403,     13.59693110543472,    3.50196516426991,    0.43689755093187,    1.53000000371823,    0.50532044246730,
  404,     13.63854552676206,    3.51710677133314,    0.43501664881310,    1.53000000118320,    0.49990352284859,
  405,     13.65892921641792,    3.52450885113479,    0.43410304449674,    1.53000002263332,    0.49724693359192,
  406,     13.67931742165174,    3.53189932156714,    0.43319468000128,    1.52999999640303,    0.49458890139243,
  407,     13.72096902522286,    3.54694482460468,    0.43135714551520,    1.52999999484137,    0.48916052832161,
  408,     13.77050905391376,    3.56471651053258,    0.42920664250989,    1.53000000498526,    0.48271882136357,
  409,     13.81219213787200,    3.57953120856632,    0.42743027286354,    1.53000000120107,    0.47732433727652,
  410,     13.83260604789199,    3.58672968423925,    0.42657243664883,    1.53000002100663,    0.47469509096302,
  411,     13.85302202532340,    3.59388559913430,    0.42572306643770,    1.52999999768975,    0.47207611563879,
  412,     13.89472202742818,    3.60834826211516,    0.42401672001583,    1.52999999477690,    0.46676707208081,
  413,     13.94430322826973,    3.62522618648749,    0.42204263251676,    1.53000000321387,    0.46054445356954,
  414,     13.98600516106694,    3.63909929752915,    0.42043370458176,    1.52999999900105,    0.45540792506077,
  415,     14.00642242569400,    3.64576717827672,    0.41966475256765,    1.52999998079074,    0.45293214865110,
  416,     14.02683757390593,    3.65234376280379,    0.41890909189191,    1.53000000895321,    0.45048584829035,
  417,     14.06852181559324,    3.66546121895828,    0.41740995513664,    1.53000000296049,    0.44559332776617,
  418,     14.11805700585283,    3.68043252142130,    0.41571200648797,    1.52999998822361,    0.43998795416924,
  419,     14.15969439624208,    3.69241901744966,    0.41436250351377,    1.52999998809230,    0.43548363938563,
  420,     14.18007058015007,    3.69806193565258,    0.41373017670582,    1.52999981810662,    0.43335794624059,
  421,     14.20043797697136,    3.70354478245678,    0.41311774011628,    1.53000005094799,    0.43128971084617,
  422,     14.24200254941908,    3.71420430247133,    0.41193211592619,    1.53000003729916,    0.42725959026226,
  423,     14.29135333589425,    3.72584771290992,    0.41064478615649,    1.52999993731955,    0.42284436790011,
  424,     14.33279669811962,    3.73468611049255,    0.40967297114758,    1.52999995518909,    0.41948352666704,
  425,     14.35306393968208,    3.73867123703501,    0.40923616934974,    1.52999949550227,    0.41796521238978,
  426,     14.37331278420618,    3.74242352919220,    0.40882602071923,    1.53000011928568,    0.41653493242315,
  427,     14.41460407509214,    3.74932910734707,    0.40807303554652,    1.53000011009804,    0.41389795871070,
  428,     14.46357286209137,    3.75617508502318,    0.40732922249363,    1.52999987693242,    0.41127916143715,
  429,     14.50464492110189,    3.76077055974763,    0.40683150219119,    1.52999993621854,    0.40951840282602,
  430,     14.52471340244347,    3.76263864484154,    0.40662960513415,    1.53000026641442,    0.40880206056741,
  431,     14.54475234809249,    3.76426453915970,    0.40645384418788,    1.52999979248159,    0.40817818648436,
  432,     14.58558090852735,    3.76687206396953,    0.40617254331301,    1.53000000655725,    0.40717763925864,
  433,     14.63394281912080,    3.76886757686310,    0.40595756678586,    1.53000031104145,    0.40641094971164,
  434,     14.67446147132114,    3.76980511707408,    0.40585656181244,    1.53000014351863,    0.40605068974414,
  435,     14.69424658048060,    3.77008325828964,    0.40582694175112,    1.53000135885878,    0.40594505740842,
  436,     14.71399512580771,    3.77026474358670,    0.40580699767203,    1.52999981602363,    0.40587418612102,
  437,     14.75421281542973,    3.77044816973725,    0.40578714937929,    1.52999941468004,    0.40580320646311,
  438,     14.80182729750379,    3.77050228258839,    0.40578147744447,    1.52999998693646,    0.40578297047917,
  439,     14.84170903780948,    3.77050832424169,    0.40578093184247,    1.53000038133060,    0.40578091603023,
  440,     14.86118180086351,    3.77050593585213,    0.40578143163996,    1.53000129665703,    0.40578143800705,
  441,     14.88061858033469,    3.77050617278201,    0.40578092782812,    1.52999949317314,    0.40578092906251,
  442,     14.92020333212348,    3.77050835824442,    0.40578096490672,    1.53000051979729,    0.40578096422779,
  443,     14.96707509204949,    3.77050692836734,    0.40578095265346,    1.52999989337936,    0.40578095303596,
  444,     15.00634231768281,    3.77050706715571,    0.40578072902080,    1.52999910648851,    0.40578072886813,
  445,     15.02551797227012,    3.77050560189789,    0.40578084061982,    1.52999893269985,    0.40578084061982,
  446,     15.04466028321118,    3.77050634672602,    0.40578099475269,    1.52999981609582,    0.40578099475269,
  447,     15.08365237722455,    3.77050854927523,    0.40578098684228,    1.53000068002214,    0.40578098684228,
  448,     15.12983620638534,    3.77050648336046,    0.40578098549611,    1.52999983663748,    0.40578098549611,
  449,     15.16854026582295,    3.77050844021666,    0.40578102228133,    1.53000076939151,    0.40578102228133,
  450,     15.18744577272866,    3.77050888175083,    0.40578089880525,    1.53000048299002,    0.40578089880525,
  451,     15.20632185535481,    3.77050716033599,    0.40578090436407,    1.52999980543235,    0.40578090436407,
  452,     15.24478316368003,    3.77050656858390,    0.40578083111557,    1.52999928912667,    0.40578083111557,
  453,     15.29036037574081,    3.77050661578000,    0.40578092137820,    1.52999964861383,    0.40578092137820,
  454,     15.32857676196305,    3.77050875087091,    0.40578098976458,    1.53000077284440,    0.40578098976458,
  455,     15.34725159016192,    3.77050802003819,    0.40578092741170,    1.53000024118434,    0.40578092741170,
  456,     15.36590262524373,    3.77050647078586,    0.40578100840062,    1.52999991789653,    0.40578100840062,
  457,     15.40392277224728,    3.77050743305225,    0.40578099860514,    1.53000027143203,    0.40578099860514,
  458,     15.44901005956696,    3.77050779824925,    0.40578096384936,    1.53000028857512,    0.40578096384936,
  459,     15.48684579501584,    3.77050693957176,    0.40578088896954,    1.52999965780526,    0.40578088896954,
  460,     15.50534535771765,    3.77050470721780,    0.40578067986431,    1.52999796352643,    0.40578067986431,
  461,     15.52382874261690,    3.77050575808130,    0.40578088198141,    1.52999915203023,    0.40578088198141,
  462,     15.56153100479194,    3.77050910715851,    0.40578097291842,    1.53000085390054,    0.40578097291842,
  463,     15.60628501755372,    3.77050593551766,    0.40578105838565,    1.52999988916374,    0.40578105838565,
  464,     15.64387940462749,    3.77050804388979,    0.40578096131699,    1.53000037870304,    0.40578096131699,
  465,     15.66227402273636,    3.77050947472406,    0.40578059877157,    1.52999959232739,    0.40578059877157,
  466,     15.68066116951254,    3.77050793443493,    0.40578115340211,    1.53000105854680,    0.40578115340211,
  467,     15.71819374580384,    3.77050605894315,    0.40578085968777,    1.52999919005590,    0.40578085968777,
  468,     15.76279143533653,    3.77050737469771,    0.40578076510548,    1.52999936734068,    0.40578076510548,
  469,     15.80028970017896,    3.77050732565360,    0.40578115309905,    1.53000081037214,    0.40578115309905,
  470,     15.81864788053816,    3.77050757103438,    0.40578097140604,    1.53000022486816,    0.40578097140604,
  471,     15.83700489403847,    3.77050711674423,    0.40578091167633,    1.52999981531456,    0.40578091167633,
  472,     15.87449294324266,    3.77050746624096,    0.40578095502734,    1.53000012058899,    0.40578095502734,
  473,     15.91906083675953,    3.77050781075421,    0.40578107791173,    1.53000072372245,    0.40578107791173,
  474,     15.95654710977356,    3.77050685263381,    0.40578088971571,    1.52999962534093,    0.40578088971571,
  475,     15.97490217293600,    3.77050630120011,    0.40578059357154,    1.52999828496623,    0.40578059357154,
  476,     15.99325723891590,    3.77050645038553,    0.40578075501485,    1.52999895422580,    0.40578075501485,
  477,     16.03074347507838,    3.77050760298225,    0.40578106532304,    1.53000059194677,    0.40578106532304,
  478,     16.07531088714756,    3.77050734768500,    0.40578097152212,    1.53000013467489,    0.40578097152212,
  479,     16.11279712770921,    3.77050749534343,    0.40578087077994,    1.52999981474274,    0.40578087077994,
  480,     16.13115217927792,    3.77050700737608,    0.40578107584464,    1.53000038993283,    0.40578107584464,
  481,     16.14950722524576,    3.77050769723812,    0.40578112401471,    1.53000085149139,    0.40578112401471,
  482,     16.18699345385823,    3.77050731562119,    0.40578087120628,    1.52999974342241,    0.40578087120628,
  483,     16.23156089469703,    3.77050638738669,    0.40578081731561,    1.52999916356749,    0.40578081731561,
  484,     16.26904713070178,    3.77050740191425,    0.40578103540727,    1.53000039755953,    0.40578103540727,
  485,     16.28740218009217,    3.77050848501102,    0.40578101899804,    1.53000077518853,    0.40578101899804,
  486,     16.30575722892326,    3.77050775640865,    0.40578099665709,    1.53000039529881,    0.40578099665709,
  487,     16.34324346360097,    3.77050689271824,    0.40578092006544,    1.52999975604030,    0.40578092006544,
  488,     16.38781088955262,    3.77050754379634,    0.40578095794561,    1.53000016306282,    0.40578095794561,
  489,     16.42529712192700,    3.77050727597155,    0.40578096770159,    1.53000009116961,    0.40578096770159,
  490,     16.44365217507188,    3.77050687164405,    0.40578089324322,    1.52999964635542,    0.40578089324322,
  491,     16.46200723131961,    3.77050679252971,    0.40578086283579,    1.52999949960090,    0.40578086283579,
  492,     16.49949347048532,    3.77050733331386,    0.40578094772029,    1.53000003909841,    0.40578094772029,
  493,     16.54406089116613,    3.77050739504377,    0.40578098409050,    1.53000020128138,    0.40578098409050,
  494,     16.58154712495578,    3.77050726387457,    0.40578093484439,    1.52999996237257,    0.40578093484439,
  495,     16.59990217799455,    3.77050722659798,    0.40578095296834,    1.53000001558295,    0.40578095296834,
  496,     16.61825723062541,    3.77050729337617,    0.40578094987218,    1.53000003100615,    0.40578094987218,
  497,     16.65574346535398,    3.77050725104252,    0.40578094522603,    1.52999999630964,    0.40578094522603,
  498,     16.70031088996993,    3.77050725778610,    0.40578094406672,    1.52999999467488,    0.40578094406672,
  499,     16.73779712489612,    3.77050726205756,    0.40578094674893,    1.53000000652143,    0.40578094674893,
  500,     16.75615217769025,    3.77050725845864,    0.40578094422969,    1.52999999556223,    0.40578094422969,
  501,     16.77450723053447,    3.77050725655634,    0.40578094510764,    1.52999999810063,    0.40578094510764,
  502,     16.81199346548748,    3.77050726009461,    0.40578094548363,    1.53000000095407,    0.40578094548363,
  503,     16.85656088993197,    3.77050725870844,    0.40578094530744,    1.52999999972726,    0.40578094530744,
  504,     16.89404712489263,    3.77050725897010,    0.40578094533887,    1.52999999995195,    0.40578094533887,
  505,     16.91240217770968,    3.77050725961907,    0.40578094542052,    1.53000000052315,    0.40578094542052,
  506,     16.93075723052573,    3.77050725899465,    0.40578094534281,    1.52999999997678,    0.40578094534281,
  507,     16.96824346548470,    3.77050725899573,    0.40578094532967,    1.52999999992767,    0.40578094532967,
  508,     17.01281088993434,    3.77050725905443,    0.40578094535684,    1.53000000005392,    0.40578094535684,
  509,     17.05029712489128,    3.77050725901909,    0.40578094533428,    1.52999999995453,    0.40578094533428,
  510,     17.06865217770952,    3.77050725899672,    0.40578094535053,    1.53000000000671,    0.40578094535053,
  511,     17.08700723052742,    3.77050725904846,    0.40578094534719,    1.53000000001512,    0.40578094534719,
  512,     17.12449346548427,    3.77050725902625,    0.40578094534476,    1.52999999999695,    0.40578094534476,
  513,     17.16906088993444,    3.77050725903140,    0.40578094534486,    1.52999999999942,    0.40578094534486,
  514,     17.20654712489133,    3.77050725903181,    0.40578094534589,    1.53000000000348,    0.40578094534589,
  515,     17.22490217770932,    3.77050725903273,    0.40578094534425,    1.52999999999765,    0.40578094534425,
  516,     17.24325723052736,    3.77050725903133,    0.40578094534452,    1.52999999999812,    0.40578094534452,
  517,     17.28074346548431,    3.77050725903032,    0.40578094534527,    1.53000000000051,    0.40578094534527,
  518,     17.32531088993439,    3.77050725903274,    0.40578094534514,    1.53000000000100,    0.40578094534514,
  519,     17.36279712489134,    3.77050725903032,    0.40578094534475,    1.52999999999856,    0.40578094534475,
  520,     17.38115217770936,    3.77050725902795,    0.40578094534514,    1.52999999999908,    0.40578094534514,
  521,     17.39950723052736,    3.77050725903093,    0.40578094534536,    1.53000000000110,    0.40578094534536,
  522,     17.43699346548429,    3.77050725903140,    0.40578094534490,    1.52999999999957,    0.40578094534490,
  523,     17.48156088993442,    3.77050725903206,    0.40578094534487,    1.52999999999972,    0.40578094534487,
  524,     17.51904712489135,    3.77050725903088,    0.40578094534514,    1.53000000000025,    0.40578094534514,
  525,     17.53740217770937,    3.77050725903257,    0.40578094534466,    1.52999999999915,    0.40578094534466,
  526,     17.55575723052739,    3.77050725903120,    0.40578094534488,    1.52999999999940,    0.40578094534488,
  527,     17.59324346548432,    3.77050725903040,    0.40578094534533,    1.53000000000080,    0.40578094534533,
  528,     17.63781088993439,    3.77050725903210,    0.40578094534501,    1.53000000000026,    0.40578094534501,
  529,     17.67529712489136,    3.77050725903116,    0.40578094534458,    1.52999999999826,    0.40578094534458,
  530,     17.69365217770938,    3.77050725902977,    0.40578094534499,    1.52999999999925,    0.40578094534499,
  531,     17.71200723052738,    3.77050725903190,    0.40578094534545,    1.53000000000183,    0.40578094534545,
  532,     17.74949346548430,    3.77050725903111,    0.40578094534501,    1.52999999999987,    0.40578094534501,
  533,     17.79406088993442,    3.77050725903078,    0.40578094534491,    1.52999999999934,    0.40578094534491,
  534,     17.83154712489135,    3.77050725903063,    0.40578094534526,    1.53000000000062,    0.40578094534526,
  535,     17.84990217770935,    3.77050725903206,    0.40578094534499,    1.53000000000017,    0.40578094534499,
  536,     17.86825723052736,    3.77050725903164,    0.40578094534502,    1.53000000000011,    0.40578094534502,
  537,     17.90574346548431,    3.77050725903065,    0.40578094534494,    1.52999999999942,    0.40578094534494,
  538,     17.95031088993440,    3.77050725903112,    0.40578094534521,    1.53000000000064,    0.40578094534521,
  539,     17.98779712489133,    3.77050725903303,    0.40578094534508,    1.53000000000090,    0.40578094534508,
  540,     18.00615217770935,    3.77050725903212,    0.40578094534474,    1.52999999999926,    0.40578094534474,
  541,     18.02450723052736,    3.77050725903044,    0.40578094534488,    1.52999999999909,    0.40578094534488,
  542,     18.06199346548430,    3.77050725903097,    0.40578094534529,    1.53000000000087,    0.40578094534529,
  543,     18.10656088993439,    3.77050725903162,    0.40578094534490,    1.52999999999967,    0.40578094534490,
  544,     18.14404712489136,    3.77050725903084,    0.40578094534465,    1.52999999999842,    0.40578094534465,
  545,     18.16240217770937,    3.77050725903025,    0.40578094534541,    1.53000000000102,    0.40578094534541,
  546,     18.18075723052736,    3.77050725903165,    0.40578094534535,    1.53000000000136,    0.40578094534535,
  547,     18.21824346548430,    3.77050725903122,    0.40578094534502,    1.52999999999995,    0.40578094534502,
  548,     18.26281088993440,    3.77050725903028,    0.40578094534509,    1.52999999999982,    0.40578094534509,
  549,     18.30029712489133,    3.77050725903042,    0.40578094534527,    1.53000000000057,    0.40578094534527,
  550,     18.31865217770934,    3.77050725903437,    0.40578094534514,    1.53000000000167,    0.40578094534514,
  551,     18.33700723052736,    3.77050725903215,    0.40578094534423,    1.52999999999734,    0.40578094534423,
  552,     18.37449346548434,    3.77050725903031,    0.40578094534536,    1.53000000000085,    0.40578094534536,
  553,     18.41906088993438,    3.77050725903073,    0.40578094534527,    1.53000000000070,    0.40578094534527,
  554,     18.45654712489135,    3.77050725903203,    0.40578094534441,    1.52999999999798,    0.40578094534441,
  555,     18.47490217770937,    3.77050725903288,    0.40578094534593,    1.53000000000404,    0.40578094534593,
  556,     18.49325723052736,    3.77050725903262,    0.40578094534483,    1.52999999999980,    0.40578094534483,
  557,     18.53074346548432,    3.77050725902901,    0.40578094534503,    1.52999999999907,    0.40578094534503,
  558,     18.57531088993441,    3.77050725903188,    0.40578094534507,    1.53000000000042,    0.40578094534507,
  559,     18.61279712489136,    3.77050725903311,    0.40578094534495,    1.53000000000044,    0.40578094534495,
  560,     18.63115217770936,    3.77050725903040,    0.40578094534582,    1.53000000000263,    0.40578094534582,
  561,     18.64950723052735,    3.77050725903068,    0.40578094534520,    1.53000000000042,    0.40578094534520,
  562,     18.68699346548430,    3.77050725903097,    0.40578094534488,    1.52999999999932,    0.40578094534488,
  563,     18.73156088993441,    3.77050725903068,    0.40578094534505,    1.52999999999986,    0.40578094534505,
  564,     18.76904712489134,    3.77050725903035,    0.40578094534519,    1.53000000000024,    0.40578094534519,
  565,     18.78740217770934,    3.77050725903411,    0.40578094534527,    1.53000000000207,    0.40578094534527,
  566,     18.80575723052735,    3.77050725903329,    0.40578094534496,    1.53000000000058,    0.40578094534496,
  567,     18.84324346548431,    3.77050725902967,    0.40578094534493,    1.52999999999897,    0.40578094534493,
  568,     18.88781088993441,    3.77050725903083,    0.40578094534512,    1.53000000000019,    0.40578094534512,
  569,     18.92529712489135,    3.77050725903185,    0.40578094534507,    1.53000000000038,    0.40578094534507,
  570,     18.94365217770936,    3.77050725903047,    0.40578094534491,    1.52999999999924,    0.40578094534491,
  571,     18.96200723052737,    3.77050725903192,    0.40578094534505,    1.53000000000035,    0.40578094534505,
  572,     18.99949346548432,    3.77050725903178,    0.40578094534488,    1.52999999999965,    0.40578094534488,
  573,     19.04406088993442,    3.77050725902921,    0.40578094534511,    1.52999999999948,    0.40578094534511,
  574,     19.08154712489135,    3.77050725903370,    0.40578094534513,    1.53000000000137,    0.40578094534513,
  575,     19.09990217770937,    3.77050725903177,    0.40578094534448,    1.52999999999814,    0.40578094534448,
  576,     19.11825723052737,    3.77050725902836,    0.40578094534526,    1.52999999999970,    0.40578094534526,
  577,     19.15574346548430,    3.77050725903120,    0.40578094534503,    1.52999999999997,    0.40578094534503,
  578,     19.20031088993442,    3.77050725903180,    0.40578094534504,    1.53000000000024,    0.40578094534504,
  579,     19.23779712489135,    3.77050725903220,    0.40578094534518,    1.53000000000095,    0.40578094534518,
  580,     19.25615217770936,    3.77050725903231,    0.40578094534466,    1.52999999999904,    0.40578094534466,
  581,     19.27450723052738,    3.77050725903074,    0.40578094534484,    1.52999999999909,    0.40578094534484,
  582,     19.31199346548433,    3.77050725903087,    0.40578094534497,    1.52999999999963,    0.40578094534497,
  583,     19.35656088993443,    3.77050725903125,    0.40578094534520,    1.53000000000065,    0.40578094534520,
  584,     19.39404712489135,    3.77050725903174,    0.40578094534525,    1.53000000000102,    0.40578094534525,
  585,     19.41240217770935,    3.77050725903245,    0.40578094534526,    1.53000000000136,    0.40578094534526,
  586,     19.43075723052736,    3.77050725903205,    0.40578094534486,    1.52999999999967,    0.40578094534486,
  587,     19.46824346548433,    3.77050725903036,    0.40578094534484,    1.52999999999892,    0.40578094534484,
  588,     19.51281088993442,    3.77050725902983,    0.40578094534536,    1.53000000000065,    0.40578094534536,
  589,     19.55029712489134,    3.77050725903242,    0.40578094534511,    1.53000000000077,    0.40578094534511,
  590,     19.56865217770936,    3.77050725903179,    0.40578094534445,    1.52999999999803,    0.40578094534445,
  591,     19.58700723052737,    3.77050725903154,    0.40578094534530,    1.53000000000113,    0.40578094534530,
  592,     19.62449346548429,    3.77050725903054,    0.40578094534513,    1.53000000000008,    0.40578094534513,
  593,     19.66906088993441,    3.77050725903222,    0.40578094534469,    1.52999999999911,    0.40578094534469,
  594,     19.70654712489137,    3.77050725903067,    0.40578094534526,    1.53000000000063,    0.40578094534526,
  595,     19.72490217770935,    3.77050725902973,    0.40578094534570,    1.53000000000193,    0.40578094534570,
  596,     19.74325723052736,    3.77050725903151,    0.40578094534483,    1.52999999999935,    0.40578094534483,
  597,     19.78074346548432,    3.77050725903225,    0.40578094534488,    1.52999999999983,    0.40578094534488,
  598,     19.82531088993439,    3.77050725902881,    0.40578094534539,    1.53000000000036,    0.40578094534539,
  599,     19.86279712489132,    3.77050725903271,    0.40578094534482,    1.52999999999981,    0.40578094534482,
  600,     19.88115217770935,    3.77050725903458,    0.40578094534443,    1.52999999999909,    0.40578094534443,
  601,     19.89950723052737,    3.77050725903117,    0.40578094534498,    1.52999999999978,    0.40578094534498,
  602,     19.93699346548431,    3.77050725902923,    0.40578094534506,    1.52999999999931,    0.40578094534506,
  603,     19.98156088993440,    3.77050725903315,    0.40578094534520,    1.53000000000143,    0.40578094534520,
  604,     20.01904712489133,    3.77050725903106,    0.40578094534498,    1.52999999999972,    0.40578094534498,
  605,     20.03740217770936,    3.77050725902965,    0.40578094534413,    1.52999999999596,    0.40578094534413,
  606,     20.05575723052738,    3.77050725903292,    0.40578094534551,    1.53000000000249,    0.40578094534551,
  607,     20.09324346548428,    3.77050725903036,    0.40578094534506,    1.52999999999975,    0.40578094534506,
  608,     20.13781088993442,    3.77050725903016,    0.40578094534468,    1.52999999999824,    0.40578094534468,
  609,     20.17529712489135,    3.77050725903181,    0.40578094534563,    1.53000000000247,    0.40578094534563,
  610,     20.19365217770934,    3.77050725903348,    0.40578094534565,    1.53000000000324,    0.40578094534565,
  611,     20.21200723052734,    3.77050725903094,    0.40578094534471,    1.52999999999867,    0.40578094534471,
  612,     20.24949346548432,    3.77050725903103,    0.40578094534493,    1.52999999999953,    0.40578094534493,
  613,     20.29406088993440,    3.77050725903187,    0.40578094534526,    1.53000000000110,    0.40578094534526,
  614,     20.33154712489133,    3.77050725903020,    0.40578094534503,    1.52999999999956,    0.40578094534503,
  615,     20.34990217770934,    3.77050725903106,    0.40578094534568,    1.53000000000238,    0.40578094534568,
  616,     20.36825723052734,    3.77050725903171,    0.40578094534455,    1.52999999999838,    0.40578094534455,
  617,     20.40574346548432,    3.77050725903186,    0.40578094534500,    1.53000000000012,    0.40578094534500,
  618,     20.45031088993439,    3.77050725903088,    0.40578094534533,    1.53000000000097,    0.40578094534533,
  619,     20.48779712489133,    3.77050725902849,    0.40578094534478,    1.52999999999794,    0.40578094534478,
  620,     20.50615217770935,    3.77050725903098,    0.40578094534546,    1.53000000000153,    0.40578094534546,
  621,     20.52450723052736,    3.77050725903361,    0.40578094534476,    1.52999999999994,    0.40578094534476,
  622,     20.56199346548431,    3.77050725903123,    0.40578094534512,    1.53000000000032,    0.40578094534512,
  623,     20.60656088993438,    3.77050725902969,    0.40578094534522,    1.53000000000007,    0.40578094534522,
  624,     20.64404712489133,    3.77050725903232,    0.40578094534470,    1.52999999999921,    0.40578094534470,
  625,     20.66240217770935,    3.77050725903363,    0.40578094534528,    1.53000000000193,    0.40578094534528,
  626,     20.68075723052736,    3.77050725903210,    0.40578094534491,    1.52999999999989,    0.40578094534491,
  627,     20.71824346548431,    3.77050725902901,    0.40578094534497,    1.52999999999888,    0.40578094534497,
  628,     20.76281088993441,    3.77050725903334,    0.40578094534510,    1.53000000000112,    0.40578094534510,
  629,     20.80029712489135,    3.77050725903110,    0.40578094534516,    1.53000000000045,    0.40578094534516,
  630,     20.81865217770935,    3.77050725902894,    0.40578094534546,    1.53000000000067,    0.40578094534546,
  631,     20.83700723052736,    3.77050725903056,    0.40578094534496,    1.52999999999945,    0.40578094534496,
  632,     20.87449346548431,    3.77050725903173,    0.40578094534489,    1.52999999999968,    0.40578094534489,
  633,     20.91906088993441,    3.77050725903063,    0.40578094534512,    1.53000000000010,    0.40578094534512,
  634,     20.95654712489134,    3.77050725903136,    0.40578094534513,    1.53000000000043,    0.40578094534513,
  635,     20.97490217770935,    3.77050725903438,    0.40578094534500,    1.53000000000117,    0.40578094534500,
  636,     20.99325723052736,    3.77050725903318,    0.40578094534510,    1.53000000000105,    0.40578094534510,
  637,     21.03074346548429,    3.77050725902887,    0.40578094534493,    1.52999999999865,    0.40578094534493,
  638,     21.07531088993440,    3.77050725903132,    0.40578094534499,    1.52999999999989,    0.40578094534499,
  639,     21.11279712489134,    3.77050725903275,    0.40578094534508,    1.53000000000081,    0.40578094534508,
  640,     21.13115217770935,    3.77050725903072,    0.40578094534469,    1.52999999999852,    0.40578094534469,
  641,     21.14950723052738,    3.77050725903006,    0.40578094534475,    1.52999999999845,    0.40578094534475,
  642,     21.18699346548432,    3.77050725903226,    0.40578094534534,    1.53000000000157,    0.40578094534534,
  643,     21.23156088993439,    3.77050725902997,    0.40578094534504,    1.52999999999953,    0.40578094534504,
  644,     21.26904712489135,    3.77050725903123,    0.40578094534474,    1.52999999999889,    0.40578094534474,
  645,     21.28740217770936,    3.77050725902966,    0.40578094534525,    1.53000000000018,    0.40578094534525,
  646,     21.30575723052736,    3.77050725903184,    0.40578094534552,    1.53000000000208,    0.40578094534552,
  647,     21.34324346548429,    3.77050725903315,    0.40578094534473,    1.52999999999963,    0.40578094534473,
  648,     21.38781088993442,    3.77050725902878,    0.40578094534502,    1.52999999999894,    0.40578094534502,
  649,     21.42529712489133,    3.77050725903352,    0.40578094534550,    1.53000000000270,    0.40578094534550,
  650,     21.44365217770934,    3.77050725903475,    0.40578094534447,    1.52999999999932,    0.40578094534447,
  651,     21.46200723052736,    3.77050725902988,    0.40578094534460,    1.52999999999783,    0.40578094534460,
  652,     21.49949346548433,    3.77050725903078,    0.40578094534485,    1.52999999999912,    0.40578094534485,
  653,     21.54406088993442,    3.77050725903070,    0.40578094534537,    1.53000000000106,    0.40578094534537,
  654,     21.58154712489134,    3.77050725903299,    0.40578094534509,    1.53000000000092,    0.40578094534509,
  655,     21.59990217770935,    3.77050725903108,    0.40578094534442,    1.52999999999762,    0.40578094534442,
  656,     21.61825723052738,    3.77050725902928,    0.40578094534482,    1.52999999999841,    0.40578094534482,
  657,     21.65574346548431,    3.77050725903177,    0.40578094534537,    1.53000000000148,    0.40578094534537,
  658,     21.70031088993438,    3.77050725903056,    0.40578094534503,    1.52999999999972,    0.40578094534503,
  659,     21.73779712489134,    3.77050725903184,    0.40578094534487,    1.52999999999964,    0.40578094534487,
  660,     21.75615217770935,    3.77050725903240,    0.40578094534546,    1.53000000000207,    0.40578094534546,
  661,     21.77450723052734,    3.77050725903278,    0.40578094534504,    1.53000000000067,    0.40578094534504,
  662,     21.81199346548430,    3.77050725902961,    0.40578094534477,    1.52999999999836,    0.40578094534477,
  663,     21.85656088993440,    3.77050725903109,    0.40578094534530,    1.53000000000096,    0.40578094534530,
  664,     21.89404712489132,    3.77050725903306,    0.40578094534515,    1.53000000000118,    0.40578094534515,
  665,     21.91240217770934,    3.77050725903113,    0.40578094534409,    1.52999999999641,    0.40578094534409,
  666,     21.93075723052738,    3.77050725903066,    0.40578094534468,    1.52999999999844,    0.40578094534468,
  667,     21.96824346548432,    3.77050725903170,    0.40578094534522,    1.53000000000088,    0.40578094534522,
  668,     22.01281088993440,    3.77050725902971,    0.40578094534514,    1.52999999999977,    0.40578094534514,
  669,     22.05029712489134,    3.77050725903205,    0.40578094534507,    1.53000000000046,    0.40578094534507,
  670,     22.06865217770934,    3.77050725903312,    0.40578094534519,    1.53000000000137,    0.40578094534519,
  671,     22.08700723052735,    3.77050725903186,    0.40578094534493,    1.52999999999985,    0.40578094534493,
  672,     22.12449346548431,    3.77050725903045,    0.40578094534485,    1.52999999999898,    0.40578094534485,
  673,     22.16906088993441,    3.77050725903045,    0.40578094534506,    1.52999999999980,    0.40578094534506,
  674,     22.20654712489134,    3.77050725903275,    0.40578094534530,    1.53000000000163,    0.40578094534530,
  675,     22.22490217770933,    3.77050725903104,    0.40578094534543,    1.53000000000143,    0.40578094534543,
  676,     22.24325723052733,    3.77050725903088,    0.40578094534511,    1.53000000000017,    0.40578094534511,
  677,     22.28074346548430,    3.77050725903134,    0.40578094534444,    1.52999999999781,    0.40578094534444,
  678,     22.32531088993444,    3.77050725903151,    0.40578094534538,    1.53000000000141,    0.40578094534538,
  679,     22.36279712489132,    3.77050725903112,    0.40578094534567,    1.53000000000235,    0.40578094534567,
  680,     22.38115217770933,    3.77050725903180,    0.40578094534422,    1.52999999999717,    0.40578094534422,
  681,     22.39950723052736,    3.77050725902969,    0.40578094534464,    1.52999999999789,    0.40578094534464,
  682,     22.43699346548432,    3.77050725903194,    0.40578094534494,    1.52999999999994,    0.40578094534494,
  683,     22.48156088993441,    3.77050725903002,    0.40578094534536,    1.53000000000073,    0.40578094534536,
  684,     22.51904712489132,    3.77050725903094,    0.40578094534502,    1.52999999999984,    0.40578094534502,
  685,     22.53740217770935,    3.77050725903136,    0.40578094534420,    1.52999999999690,    0.40578094534420,
  686,     22.55575723052737,    3.77050725903192,    0.40578094534513,    1.53000000000066,    0.40578094534513,
  687,     22.59324346548429,    3.77050725903109,    0.40578094534513,    1.53000000000031,    0.40578094534513,
  688,     22.63781088993440,    3.77050725902994,    0.40578094534481,    1.52999999999864,    0.40578094534481,
  689,     22.67529712489135,    3.77050725903342,    0.40578094534508,    1.53000000000107,    0.40578094534508,
  690,     22.69365217770936,    3.77050725903315,    0.40578094534504,    1.53000000000079,    0.40578094534504,
  691,     22.71200723052736,    3.77050725903183,    0.40578094534541,    1.53000000000167,    0.40578094534541,
  692,     22.74949346548429,    3.77050725902957,    0.40578094534462,    1.52999999999777,    0.40578094534462,
  693,     22.79406088993444,    3.77050725903112,    0.40578094534508,    1.53000000000014,    0.40578094534508,
  694,     22.83154712489133,    3.77050725903197,    0.40578094534578,    1.53000000000313,    0.40578094534578,
  695,     22.84990217770932,    3.77050725903409,    0.40578094534485,    1.53000000000048,    0.40578094534485,
  696,     22.86825723052736,    3.77050725903069,    0.40578094534414,    1.52999999999642,    0.40578094534414,
  697,     22.90574346548434,    3.77050725903148,    0.40578094534527,    1.53000000000098,    0.40578094534527,
  698,     22.95031088993438,    3.77050725903044,    0.40578094534541,    1.53000000000112,    0.40578094534541,
  699,     22.98779712489134,    3.77050725903067,    0.40578094534435,    1.52999999999721,    0.40578094534435,
  700,     23.00615217770937,    3.77050725903167,    0.40578094534528,    1.53000000000111,    0.40578094534528,
  701,     23.02450723052737,    3.77050725903355,    0.40578094534490,    1.53000000000043,    0.40578094534490,
  702,     23.06199346548433,    3.77050725902959,    0.40578094534500,    1.52999999999922,    0.40578094534500,
  703,     23.10656088993441,    3.77050725903116,    0.40578094534531,    1.53000000000103,    0.40578094534531,
  704,     23.14404712489134,    3.77050725903417,    0.40578094534501,    1.53000000000109,    0.40578094534501,
  705,     23.16240217770935,    3.77050725903046,    0.40578094534469,    1.52999999999839,    0.40578094534469,
  706,     23.18075723052737,    3.77050725902916,    0.40578094534509,    1.52999999999938,    0.40578094534509,
  707,     23.21824346548431,    3.77050725903148,    0.40578094534489,    1.52999999999955,    0.40578094534489,
  708,     23.26281088993441,    3.77050725903077,    0.40578094534520,    1.53000000000043,    0.40578094534520,
  709,     23.30029712489132,    3.77050725903074,    0.40578094534520,    1.53000000000043,    0.40578094534520,
  710,     23.31865217770934,    3.77050725903310,    0.40578094534421,    1.52999999999766,    0.40578094534421,
  711,     23.33700723052737,    3.77050725903241,    0.40578094534481,    1.52999999999963,    0.40578094534481,
  712,     23.37449346548432,    3.77050725902991,    0.40578094534492,    1.52999999999904,    0.40578094534492,
  713,     23.41906088993442,    3.77050725903127,    0.40578094534518,    1.53000000000059,    0.40578094534518,
  714,     23.45654712489133,    3.77050725903137,    0.40578094534526,    1.53000000000092,    0.40578094534526,
  715,     23.47490217770934,    3.77050725903260,    0.40578094534476,    1.52999999999954,    0.40578094534476,
  716,     23.49325723052736,    3.77050725903167,    0.40578094534473,    1.52999999999903,    0.40578094534473,
  717,     23.53074346548432,    3.77050725903028,    0.40578094534502,    1.52999999999955,    0.40578094534502,
  718,     23.57531088993441,    3.77050725903087,    0.40578094534518,    1.53000000000040,    0.40578094534518,
  719,     23.61279712489134,    3.77050725903306,    0.40578094534503,    1.53000000000073,    0.40578094534503,
  720,     23.63115217770936,    3.77050725903166,    0.40578094534502,    1.53000000000012,    0.40578094534502,
  721,     23.64950723052737,    3.77050725903052,    0.40578094534514,    1.53000000000012,    0.40578094534514,
  722,     23.68699346548430,    3.77050725903121,    0.40578094534506,    1.53000000000011,    0.40578094534506,
  723,     23.73156088993441,    3.77050725903128,    0.40578094534498,    1.52999999999981,    0.40578094534498,
  724,     23.76904712489135,    3.77050725903049,    0.40578094534518,    1.53000000000024,    0.40578094534518,
  725,     23.78740217770935,    3.77050725903081,    0.40578094534535,    1.53000000000103,    0.40578094534535,
  726,     23.80575723052736,    3.77050725903168,    0.40578094534504,    1.53000000000023,    0.40578094534504,
  727,     23.84324346548432,    3.77050725903063,    0.40578094534486,    1.52999999999910,    0.40578094534486,
  728,     23.88781088993442,    3.77050725903036,    0.40578094534515,    1.53000000000007,    0.40578094534515,
  729,     23.92529712489134,    3.77050725903300,    0.40578094534519,    1.53000000000131,    0.40578094534519,
  730,     23.94365217770935,    3.77050725903348,    0.40578094534500,    1.53000000000079,    0.40578094534500,
  731,     23.96200723052736,    3.77050725903033,    0.40578094534468,    1.52999999999831,    0.40578094534468,
  732,     23.99949346548432,    3.77050725903039,    0.40578094534506,    1.52999999999978,    0.40578094534506,
  733,     24.04406088993441,    3.77050725903182,    0.40578094534501,    1.53000000000015,    0.40578094534501,
  734,     24.08154712489137,    3.77050725903261,    0.40578094534490,    1.53000000000004,    0.40578094534490,
  735,     24.09990217770936,    3.77050725902855,    0.40578094534571,    1.53000000000146,    0.40578094534571,
  736,     24.11825723052735,    3.77050725902996,    0.40578094534546,    1.53000000000109,    0.40578094534546,
  737,     24.15574346548429,    3.77050725903251,    0.40578094534473,    1.52999999999937,    0.40578094534473,
  738,     24.20031088993442,    3.77050725902966,    0.40578094534499,    1.52999999999919,    0.40578094534499,
  739,     24.23779712489134,    3.77050725903058,    0.40578094534539,    1.53000000000110,    0.40578094534539,
  740,     24.25615217770934,    3.77050725903424,    0.40578094534493,    1.53000000000084,    0.40578094534493,
  741,     24.27450723052736,    3.77050725903289,    0.40578094534491,    1.53000000000022,    0.40578094534491,
  742,     24.31199346548432,    3.77050725903067,    0.40578094534474,    1.52999999999868,    0.40578094534474,
  743,     24.35656088993442,    3.77050725903120,    0.40578094534537,    1.53000000000127,    0.40578094534537,
  744,     24.39404712489133,    3.77050725903154,    0.40578094534527,    1.53000000000101,    0.40578094534527,
  745,     24.41240217770935,    3.77050725903074,    0.40578094534407,    1.52999999999618,    0.40578094534407,
  746,     24.43075723052739,    3.77050725903091,    0.40578094534489,    1.52999999999931,    0.40578094534489,
  747,     24.46824346548432,    3.77050725903156,    0.40578094534514,    1.53000000000055,    0.40578094534514,
  748,     24.51281088993442,    3.77050725903118,    0.40578094534499,    1.52999999999981,    0.40578094534499,
  749,     24.55029712489136,    3.77050725903138,    0.40578094534507,    1.53000000000021,    0.40578094534507,
  750,     24.56865217770937,    3.77050725903011,    0.40578094534487,    1.52999999999893,    0.40578094534487,
  751,     24.58700723052737,    3.77050725903058,    0.40578094534508,    1.52999999999993,    0.40578094534508,
  752,     24.62449346548431,    3.77050725903235,    0.40578094534503,    1.53000000000043,    0.40578094534503,
  753,     24.66906088993441,    3.77050725902950,    0.40578094534514,    1.52999999999971,    0.40578094534514,
  754,     24.70654712489133,    3.77050725903212,    0.40578094534512,    1.53000000000068,    0.40578094534512,
  755,     24.72490217770934,    3.77050725903309,    0.40578094534456,    1.52999999999896,    0.40578094534456,
  756,     24.74325723052737,    3.77050725903114,    0.40578094534477,    1.52999999999898,    0.40578094534477,
  757,     24.78074346548431,    3.77050725903090,    0.40578094534511,    1.53000000000016,    0.40578094534511,
  758,     24.82531088993441,    3.77050725903157,    0.40578094534492,    1.52999999999971,    0.40578094534492,
  759,     24.86279712489136,    3.77050725903105,    0.40578094534507,    1.53000000000006,    0.40578094534507,
  760,     24.88115217770935,    3.77050725903154,    0.40578094534560,    1.53000000000226,    0.40578094534560,
  761,     24.89950723052735,    3.77050725903188,    0.40578094534504,    1.53000000000031,    0.40578094534504,
  762,     24.93699346548431,    3.77050725903025,    0.40578094534487,    1.52999999999900,    0.40578094534487,
  763,     24.98156088993442,    3.77050725903197,    0.40578094534504,    1.53000000000033,    0.40578094534504,
  764,     25.01904712489135,    3.77050725902994,    0.40578094534515,    1.52999999999990,    0.40578094534515,
  765,     25.03740217770936,    3.77050725903263,    0.40578094534530,    1.53000000000159,    0.40578094534530,
  766,     25.05575723052736,    3.77050725903221,    0.40578094534517,    1.53000000000092,    0.40578094534517,
  767,     25.09324346548429,    3.77050725902884,    0.40578094534510,    1.52999999999927,    0.40578094534510,
  768,     25.13781088993440,    3.77050725903342,    0.40578094534488,    1.53000000000031,    0.40578094534488,
  769,     25.17529712489135,    3.77050725903085,    0.40578094534487,    1.52999999999923,    0.40578094534487,
  770,     25.19365217770936,    3.77050725902627,    0.40578094534498,    1.52999999999779,    0.40578094534498,
  771,     25.21200723052736,    3.77050725903175,    0.40578094534554,    1.53000000000214,    0.40578094534554,
  772,     25.24949346548427,    3.77050725903335,    0.40578094534491,    1.53000000000039,    0.40578094534491,
  773,     25.29406088993441,    3.77050725902855,    0.40578094534469,    1.52999999999764,    0.40578094534469,
  774,     25.33154712489134,    3.77050725903123,    0.40578094534546,    1.53000000000160,    0.40578094534546,
  775,     25.34990217770934,    3.77050725903714,    0.40578094534546,    1.53000000000399,    0.40578094534546,
  776,     25.36825723052734,    3.77050725903250,    0.40578094534477,    1.52999999999953,    0.40578094534477,
  777,     25.40574346548431,    3.77050725902865,    0.40578094534499,    1.52999999999880,    0.40578094534499,
  778,     25.45031088993440,    3.77050725903386,    0.40578094534506,    1.53000000000118,    0.40578094534506,
  779,     25.48779712489136,    3.77050725902973,    0.40578094534488,    1.52999999999881,    0.40578094534488,
  780,     25.50615217770936,    3.77050725902620,    0.40578094534550,    1.52999999999973,    0.40578094534550,
  781,     25.52450723052736,    3.77050725903195,    0.40578094534516,    1.53000000000078,    0.40578094534516,
  782,     25.56199346548431,    3.77050725903327,    0.40578094534476,    1.52999999999981,    0.40578094534476,
  783,     25.60656088993443,    3.77050725902795,    0.40578094534515,    1.52999999999913,    0.40578094534515,
  784,     25.64404712489133,    3.77050725903114,    0.40578094534543,    1.53000000000146,    0.40578094534543,
  785,     25.66240217770934,    3.77050725903706,    0.40578094534493,    1.53000000000196,    0.40578094534493,
  786,     25.68075723052734,    3.77050725903409,    0.40578094534470,    1.52999999999989,    0.40578094534470,
  787,     25.71824346548432,    3.77050725902913,    0.40578094534490,    1.52999999999864,    0.40578094534490,
  788,     25.76281088993440,    3.77050725903173,    0.40578094534548,    1.53000000000189,    0.40578094534548,
  789,     25.80029712489132,    3.77050725903312,    0.40578094534488,    1.53000000000017,    0.40578094534488,
  790,     25.81865217770935,    3.77050725902792,    0.40578094534394,    1.52999999999455,    0.40578094534394,
  791,     25.83700723052738,    3.77050725902819,    0.40578094534510,    1.52999999999903,    0.40578094534510,
  792,     25.87449346548431,    3.77050725903355,    0.40578094534503,    1.53000000000094,    0.40578094534503,
  793,     25.91906088993443,    3.77050725902990,    0.40578094534486,    1.52999999999883,    0.40578094534486,
  794,     25.95654712489136,    3.77050725902998,    0.40578094534538,    1.53000000000082,    0.40578094534538,
  795,     25.97490217770936,    3.77050725903382,    0.40578094534521,    1.53000000000171,    0.40578094534521,
  796,     25.99325723052736,    3.77050725903273,    0.40578094534527,    1.53000000000152,    0.40578094534527,
  797,     26.03074346548429,    3.77050725902981,    0.40578094534484,    1.52999999999871,    0.40578094534484,
  798,     26.07531088993441,    3.77050725903113,    0.40578094534487,    1.52999999999933,    0.40578094534487,
  799,     26.11279712489135,    3.77050725903042,    0.40578094534522,    1.53000000000037,    0.40578094534522,
  800,     26.13115217770935,    3.77050725903198,    0.40578094534518,    1.53000000000087,    0.40578094534518,
